   60   2.0000E-06
   62   5.0000E-06
   63   8.0000E-06
   64   1.8000E-05
   65   3.0000E-05
   66   6.7000E-05
   67   9.5000E-05
   68   1.7400E-04
   69   2.5900E-04
   70   4.5400E-04
   71   6.5000E-04
   72   9.8000E-04
   73   1.2670E-03
   74   1.6990E-03
   75   2.2320E-03
   76   2.9300E-03
   77   3.3620E-03
   78   3.7330E-03
   79   4.7110E-03
   80   5.4280E-03
   81   6.3290E-03
   82   7.7100E-03
   83   8.8300E-03
   84   1.0094E-02
   85   1.2308E-02
   86   1.4751E-02
   87   1.6382E-02
   88   1.8722E-02
   89   2.1257E-02
   90   2.3036E-02
   91   2.5767E-02
   92   2.8923E-02
   93   3.1994E-02
   94   3.4448E-02
   95   3.8053E-02
   96   4.1207E-02
   97   4.4370E-02
   98   4.7392E-02
   99   5.0595E-02
  100   5.3293E-02
  101   5.6187E-02
  102   5.8764E-02
  103   6.1822E-02
  104   6.3116E-02
  105   6.4687E-02
  106   6.5725E-02
  107   6.6376E-02
  108   6.6370E-02
  109   6.5732E-02
  110   6.4626E-02
  111   6.3070E-02
  112   6.1808E-02
  113   5.8722E-02
  114   5.6117E-02
  115   5.3283E-02
  116   5.0524E-02
  117   4.7366E-02
  118   4.4394E-02
  119   4.1197E-02
  120   3.8028E-02
  121   3.4454E-02
  122   3.1984E-02
  123   2.8913E-02
  124   2.5729E-02
  125   2.3009E-02
  126   2.1291E-02
  127   1.8697E-02
  128   1.6378E-02
  129   1.4761E-02
  130   1.2275E-02
  131   1.0130E-02
  132   8.8230E-03
  133   7.6990E-03
  134   6.3230E-03
  135   5.4230E-03
  136   4.7060E-03
  137   3.7250E-03
  138   3.3580E-03
  139   2.9000E-03
  140   2.2420E-03
  141   1.6730E-03
  142   1.2480E-03
  143   9.7300E-04
  144   6.3700E-04
  145   4.3900E-04
  146   2.5800E-04
  147   1.7200E-04
  148   9.5000E-05
  149   6.9000E-05
  150   2.8000E-05
  151   1.8000E-05
  152   8.0000E-06
  153   5.0000E-06
  155   2.0000E-06
