   63   4.0000E-06
   64   1.2000E-05
   65   2.5000E-05
   66   7.8000E-05
   67   1.3000E-04
   68   2.4600E-04
   69   4.5700E-04
   70   8.9400E-04
   71   1.1790E-03
   72   2.0240E-03
   73   2.9480E-03
   74   3.8660E-03
   75   4.8290E-03
   76   6.9910E-03
   77   7.2420E-03
   78   8.0400E-03
   79   9.2820E-03
   80   1.0505E-02
   81   1.0645E-02
   82   1.3102E-02
   83   1.3384E-02
   84   1.4282E-02
   85   1.6467E-02
   86   1.9694E-02
   87   2.0580E-02
   88   2.1940E-02
   89   2.3541E-02
   90   2.3615E-02
   91   2.5336E-02
   92   2.8547E-02
   93   3.0543E-02
   94   3.2468E-02
   95   3.4961E-02
   96   3.8698E-02
   97   3.9345E-02
   98   4.2206E-02
   99   4.6082E-02
  100   4.6808E-02
  101   4.9211E-02
  102   5.3533E-02
  103   5.6245E-02
  104   5.6268E-02
  105   6.0248E-02
  106   6.2606E-02
  107   6.0879E-02
  108   6.0879E-02
  109   6.2606E-02
  110   6.0248E-02
  111   5.6268E-02
  112   5.6245E-02
  113   5.3533E-02
  114   4.9211E-02
  115   4.6808E-02
  116   4.6082E-02
  117   4.2206E-02
  118   3.9345E-02
  119   3.8698E-02
  120   3.4961E-02
  121   3.2468E-02
  122   3.0543E-02
  123   2.8547E-02
  124   2.5336E-02
  125   2.3615E-02
  126   2.3541E-02
  127   2.1940E-02
  128   2.0580E-02
  129   1.9694E-02
  130   1.6467E-02
  131   1.4282E-02
  132   1.3384E-02
  133   1.3102E-02
  134   1.0645E-02
  135   1.0505E-02
  136   9.2820E-03
  137   8.0400E-03
  138   7.2420E-03
  139   6.9910E-03
  140   4.8290E-03
  141   3.8660E-03
  142   2.9480E-03
  143   2.0240E-03
  144   1.1790E-03
  145   8.9400E-04
  146   4.5700E-04
  147   2.4600E-04
  148   1.3000E-04
  149   7.8000E-05
  150   2.5000E-05
  151   1.2000E-05
  152   4.0000E-06
