   57   2.0000E-06
   58   2.0000E-06
   59   7.0000E-06
   60   6.0000E-06
   61   8.0000E-06
   62   1.4000E-05
   63   2.1000E-05
   64   4.0000E-05
   65   5.8000E-05
   66   1.2200E-04
   67   1.9000E-04
   68   2.9100E-04
   69   4.4000E-04
   70   7.4100E-04
   71   9.2300E-04
   72   1.2950E-03
   73   1.7160E-03
   74   2.2580E-03
   75   2.5420E-03
   76   3.4080E-03
   77   3.7860E-03
   78   4.2750E-03
   79   4.8910E-03
   80   6.0750E-03
   81   6.4260E-03
   82   8.0470E-03
   83   9.1700E-03
   84   1.0461E-02
   85   1.2288E-02
   86   1.4871E-02
   87   1.6383E-02
   88   1.8460E-02
   89   2.1128E-02
   90   2.3836E-02
   91   2.6220E-02
   92   2.9143E-02
   93   3.2390E-02
   94   3.5166E-02
   95   3.8688E-02
   96   4.1721E-02
   97   4.4634E-02
   98   4.8390E-02
   99   5.1357E-02
  100   5.4707E-02
  101   5.7872E-02
  102   6.0266E-02
  103   6.3485E-02
  104   6.5188E-02
  105   6.6284E-02
  106   6.7746E-02
  107   6.7479E-02
  108   6.6628E-02
  109   6.6823E-02
  110   6.5763E-02
  111   6.3244E-02
  112   6.0344E-02
  113   5.8594E-02
  114   5.5208E-02
  115   5.1968E-02
  116   4.9251E-02
  117   4.5730E-02
  118   4.2529E-02
  119   3.9587E-02
  120   3.6483E-02
  121   3.3446E-02
  122   2.9944E-02
  123   2.7150E-02
  124   2.4710E-02
  125   2.2065E-02
  126   1.9262E-02
  127   1.7194E-02
  128   1.5372E-02
  129   1.2915E-02
  130   1.1275E-02
  131   9.7100E-03
  132   8.1640E-03
  133   7.3230E-03
  134   6.1880E-03
  135   5.2890E-03
  136   4.4330E-03
  137   4.1100E-03
  138   3.2830E-03
  139   2.9200E-03
  140   2.1490E-03
  141   1.6250E-03
  142   1.2670E-03
  143   9.9000E-04
  144   6.5100E-04
  145   4.3400E-04
  146   2.8400E-04
  147   2.0600E-04
  148   1.3300E-04
  149   7.4000E-05
  150   4.3000E-05
  151   3.0000E-05
  152   1.9000E-05
  153   1.4000E-05
  154   6.0000E-06
  155   6.0000E-06
  156   7.0000E-06
  157   2.0000E-06
  158   2.0000E-06
