   65   2.0000E-06
   67   8.0000E-06
   68   3.8000E-05
   69   5.5000E-05
   70   1.6600E-04
   71   3.4700E-04
   72   7.3600E-04
   73   1.2760E-03
   74   2.9010E-03
   75   4.2580E-03
   76   6.6790E-03
   77   1.0360E-02
   78   1.4450E-02
   79   1.9258E-02
   80   2.7419E-02
   81   3.0117E-02
   82   3.3430E-02
   83   3.8701E-02
   84   4.5910E-02
   85   4.4313E-02
   86   4.4020E-02
   87   4.5440E-02
   88   4.5056E-02
   89   4.3331E-02
   90   4.4565E-02
   91   4.5920E-02
   92   4.7615E-02
   93   4.6418E-02
   94   3.9943E-02
   95   2.9392E-02
   96   1.9103E-02
   97   1.1974E-02
   98   8.0730E-03
   99   7.1970E-03
  100   7.9340E-03
  101   9.7070E-03
  102   1.1422E-02
  103   1.3668E-02
  104   1.6082E-02
  105   1.8390E-02
  106   2.0476E-02
  107   2.2594E-02
  108   2.4703E-02
  109   2.6249E-02
  110   2.7611E-02
  111   2.8365E-02
  112   2.8632E-02
  113   2.8365E-02
  114   2.7611E-02
  115   2.6249E-02
  116   2.4703E-02
  117   2.2594E-02
  118   2.0476E-02
  119   1.8390E-02
  120   1.6082E-02
  121   1.3668E-02
  122   1.1422E-02
  123   9.7070E-03
  124   7.9340E-03
  125   7.1970E-03
  126   8.0730E-03
  127   1.1974E-02
  128   1.9103E-02
  129   2.9392E-02
  130   3.9943E-02
  131   4.6418E-02
  132   4.7615E-02
  133   4.5920E-02
  134   4.4565E-02
  135   4.3331E-02
  136   4.5056E-02
  137   4.5440E-02
  138   4.4020E-02
  139   4.4313E-02
  140   4.5910E-02
  141   3.8701E-02
  142   3.3430E-02
  143   3.0117E-02
  144   2.7419E-02
  145   1.9258E-02
  146   1.4450E-02
  147   1.0360E-02
  148   6.6790E-03
  149   4.2580E-03
  150   2.9010E-03
  151   1.2760E-03
  152   7.3600E-04
  153   3.4700E-04
  154   1.6600E-04
  155   5.5000E-05
  156   3.8000E-05
  157   8.0000E-06
  159   2.0000E-06
