   68   7.0000E-06
   69   1.7000E-05
   70   4.6000E-05
   71   1.4200E-04
   72   3.1500E-04
   73   6.6900E-04
   74   2.0810E-03
   75   2.9970E-03
   76   5.5920E-03
   77   9.8220E-03
   78   1.3525E-02
   79   1.9748E-02
   80   3.3352E-02
   81   3.3151E-02
   82   3.8109E-02
   83   4.5927E-02
   84   6.0800E-02
   85   4.9866E-02
   86   5.4708E-02
   87   5.9960E-02
   88   5.5836E-02
   89   4.9882E-02
   90   6.0492E-02
   91   5.6857E-02
   92   5.4233E-02
   93   6.2841E-02
   94   5.6580E-02
   95   3.5652E-02
   96   2.4841E-02
   97   1.3611E-02
   98   4.7470E-03
   99   2.2260E-03
  100   1.2150E-03
  101   1.2320E-03
  102   1.7930E-03
  103   2.9890E-03
  104   3.3760E-03
  105   4.7560E-03
  106   7.3250E-03
  107   7.8110E-03
  108   8.7460E-03
  109   1.2421E-02
  110   1.2739E-02
  111   1.1971E-02
  112   1.4978E-02
  113   1.4978E-02
  114   1.1971E-02
  115   1.2739E-02
  116   1.2421E-02
  117   8.7460E-03
  118   7.8110E-03
  119   7.3250E-03
  120   4.7560E-03
  121   3.3760E-03
  122   2.9890E-03
  123   1.7930E-03
  124   1.2320E-03
  125   1.2150E-03
  126   2.2260E-03
  127   4.7470E-03
  128   1.3611E-02
  129   2.4841E-02
  130   3.5652E-02
  131   5.6580E-02
  132   6.2841E-02
  133   5.4233E-02
  134   5.6857E-02
  135   6.0492E-02
  136   4.9882E-02
  137   5.5836E-02
  138   5.9960E-02
  139   5.4708E-02
  140   4.9866E-02
  141   6.0800E-02
  142   4.5927E-02
  143   3.8109E-02
  144   3.3151E-02
  145   3.3352E-02
  146   1.9748E-02
  147   1.3525E-02
  148   9.8220E-03
  149   5.5920E-03
  150   2.9970E-03
  151   2.0810E-03
  152   6.6900E-04
  153   3.1500E-04
  154   1.4200E-04
  155   4.6000E-05
  156   1.7000E-05
  157   7.0000E-06
