   64   5.0000E-06
   65   8.0000E-06
   66   2.0000E-05
   67   3.5000E-05
   68   8.6000E-05
   69   1.6200E-04
   70   3.0300E-04
   71   6.0800E-04
   72   1.0650E-03
   73   1.6490E-03
   74   2.9460E-03
   75   4.3020E-03
   76   6.0360E-03
   77   8.4150E-03
   78   1.1998E-02
   79   1.3698E-02
   80   1.8296E-02
   81   1.9450E-02
   82   2.1145E-02
   83   2.3362E-02
   84   2.6226E-02
   85   2.5128E-02
   86   2.4840E-02
   87   2.5537E-02
   88   2.6277E-02
   89   2.5618E-02
   90   2.7264E-02
   91   2.7965E-02
   92   2.7182E-02
   93   2.4996E-02
   94   2.1791E-02
   95   1.8643E-02
   96   1.7799E-02
   97   1.8151E-02
   98   1.9618E-02
   99   2.2139E-02
  100   2.5122E-02
  101   2.8141E-02
  102   3.1747E-02
  103   3.4938E-02
  104   3.8126E-02
  105   4.1885E-02
  106   4.4725E-02
  107   4.7361E-02
  108   4.9011E-02
  109   5.1117E-02
  110   5.2225E-02
  111   5.2612E-02
  112   5.2256E-02
  113   5.1845E-02
  114   5.0222E-02
  115   4.8249E-02
  116   4.5975E-02
  117   4.3369E-02
  118   4.0088E-02
  119   3.6661E-02
  120   3.3431E-02
  121   3.0407E-02
  122   2.6786E-02
  123   2.4007E-02
  124   2.1198E-02
  125   1.9422E-02
  126   1.8932E-02
  127   1.9857E-02
  128   2.2409E-02
  129   2.6025E-02
  130   2.8272E-02
  131   2.8884E-02
  132   2.7927E-02
  133   2.6472E-02
  134   2.6859E-02
  135   2.5829E-02
  136   2.5355E-02
  137   2.5642E-02
  138   2.6222E-02
  139   2.4093E-02
  140   2.1562E-02
  141   1.9802E-02
  142   1.8504E-02
  143   1.4261E-02
  144   1.2139E-02
  145   8.8010E-03
  146   6.3240E-03
  147   4.4790E-03
  148   3.1080E-03
  149   1.8110E-03
  150   1.1640E-03
  151   6.5500E-04
  152   3.4900E-04
  153   2.1600E-04
  154   1.0800E-04
  155   4.6000E-05
  156   3.1000E-05
  157   1.2000E-05
  158   4.0000E-06
  159   5.0000E-06
