   67   9.0000E-06
   68   3.0000E-05
   69   5.6000E-05
   70   1.7500E-04
   71   4.3800E-04
   72   1.0760E-03
   73   1.7190E-03
   74   4.4650E-03
   75   6.7670E-03
   76   9.7640E-03
   77   1.6126E-02
   78   2.3998E-02
   79   2.6738E-02
   80   4.3611E-02
   81   4.3041E-02
   82   4.5873E-02
   83   4.9184E-02
   84   6.4453E-02
   85   5.6245E-02
   86   5.2090E-02
   87   5.6371E-02
   88   5.9179E-02
   89   4.7310E-02
   90   5.4228E-02
   91   5.9039E-02
   92   4.7984E-02
   93   3.9439E-02
   94   3.2093E-02
   95   1.5872E-02
   96   7.1440E-03
   97   3.8120E-03
   98   1.5680E-03
   99   1.3950E-03
  100   2.3190E-03
  101   2.8010E-03
  102   3.7520E-03
  103   6.1760E-03
  104   7.9210E-03
  105   8.3870E-03
  106   1.1931E-02
  107   1.4988E-02
  108   1.4495E-02
  109   1.7091E-02
  110   2.0730E-02
  111   1.8101E-02
  112   1.8101E-02
  113   2.0730E-02
  114   1.7091E-02
  115   1.4495E-02
  116   1.4988E-02
  117   1.1931E-02
  118   8.3870E-03
  119   7.9210E-03
  120   6.1760E-03
  121   3.7520E-03
  122   2.8010E-03
  123   2.3190E-03
  124   1.3950E-03
  125   1.5680E-03
  126   3.8120E-03
  127   7.1440E-03
  128   1.5872E-02
  129   3.2093E-02
  130   3.9439E-02
  131   4.7984E-02
  132   5.9039E-02
  133   5.4228E-02
  134   4.7310E-02
  135   5.9179E-02
  136   5.6371E-02
  137   5.2090E-02
  138   5.6245E-02
  139   6.4453E-02
  140   4.9184E-02
  141   4.5873E-02
  142   4.3041E-02
  143   4.3611E-02
  144   2.6738E-02
  145   2.3998E-02
  146   1.6126E-02
  147   9.7640E-03
  148   6.7670E-03
  149   4.4650E-03
  150   1.7190E-03
  151   1.0760E-03
  152   4.3800E-04
  153   1.7500E-04
  154   5.6000E-05
  155   3.0000E-05
  156   9.0000E-06
