   69   1.2000E-05
   70   2.7000E-05
   71   1.1300E-04
   72   3.0500E-04
   73   7.1400E-04
   74   2.4040E-03
   75   4.0660E-03
   76   7.2750E-03
   77   1.3527E-02
   78   2.0982E-02
   79   2.8937E-02
   80   4.7055E-02
   81   4.8493E-02
   82   5.3914E-02
   83   6.1826E-02
   84   7.6526E-02
   85   6.7744E-02
   86   6.7042E-02
   87   6.9201E-02
   88   6.9095E-02
   89   6.1515E-02
   90   5.8375E-02
   91   5.2724E-02
   92   4.7443E-02
   93   3.9725E-02
   94   2.8934E-02
   95   1.7161E-02
   96   8.6180E-03
   97   3.5680E-03
   98   1.1470E-03
   99   3.5400E-04
  100   2.1900E-04
  101   3.1200E-04
  102   5.4400E-04
  103   8.8000E-04
  104   1.3820E-03
  105   2.0200E-03
  106   2.9000E-03
  107   3.8850E-03
  108   5.0050E-03
  109   6.0870E-03
  110   6.7810E-03
  111   7.4370E-03
  112   7.4280E-03
  113   7.4370E-03
  114   6.7810E-03
  115   6.0870E-03
  116   5.0050E-03
  117   3.8850E-03
  118   2.9000E-03
  119   2.0200E-03
  120   1.3820E-03
  121   8.8000E-04
  122   5.4400E-04
  123   3.1200E-04
  124   2.1900E-04
  125   3.5400E-04
  126   1.1470E-03
  127   3.5680E-03
  128   8.6180E-03
  129   1.7161E-02
  130   2.8934E-02
  131   3.9725E-02
  132   4.7443E-02
  133   5.2724E-02
  134   5.8375E-02
  135   6.1515E-02
  136   6.9095E-02
  137   6.9201E-02
  138   6.7042E-02
  139   6.7744E-02
  140   7.6526E-02
  141   6.1826E-02
  142   5.3914E-02
  143   4.8493E-02
  144   4.7055E-02
  145   2.8937E-02
  146   2.0982E-02
  147   1.3527E-02
  148   7.2750E-03
  149   4.0660E-03
  150   2.4040E-03
  151   7.1400E-04
  152   3.0500E-04
  153   1.1300E-04
  154   2.7000E-05
  155   1.2000E-05
