   73   4.0000E-06
   74   1.3000E-05
   75   5.2000E-05
   76   2.5700E-04
   77   3.6700E-04
   78   1.5120E-03
   79   2.3760E-03
   80   4.7220E-03
   81   6.3700E-03
   82   1.6872E-02
   83   1.8904E-02
   84   2.2953E-02
   85   3.1443E-02
   86   4.9461E-02
   87   3.4902E-02
   88   5.0097E-02
   89   5.3495E-02
   90   4.7122E-02
   91   4.3943E-02
   92   6.4288E-02
   93   4.7085E-02
   94   5.0004E-02
   95   7.7006E-02
   96   8.2338E-02
   97   7.1421E-02
   98   8.8309E-02
   99   6.3573E-02
  100   3.0505E-02
  101   2.0885E-02
  102   6.5060E-03
  103   2.7920E-03
  104   6.1700E-04
  105   2.3200E-04
  106   1.2100E-04
  107   2.7000E-04
  108   4.6700E-04
  109   4.4800E-04
  110   8.1000E-04
  111   1.2080E-03
  112   1.0690E-03
  113   1.4510E-03
  114   2.0730E-03
  115   1.6450E-03
  116   1.6450E-03
  117   2.0730E-03
  118   1.4510E-03
  119   1.0690E-03
  120   1.2080E-03
  121   8.1000E-04
  122   4.4800E-04
  123   4.6700E-04
  124   2.7000E-04
  125   1.2100E-04
  126   2.3200E-04
  127   6.1700E-04
  128   2.7920E-03
  129   6.5060E-03
  130   2.0885E-02
  131   3.0505E-02
  132   6.3573E-02
  133   8.8309E-02
  134   7.1421E-02
  135   8.2338E-02
  136   7.7006E-02
  137   5.0004E-02
  138   4.7085E-02
  139   6.4288E-02
  140   4.3943E-02
  141   4.7122E-02
  142   5.3495E-02
  143   5.0097E-02
  144   3.4902E-02
  145   4.9461E-02
  146   3.1443E-02
  147   2.2953E-02
  148   1.8904E-02
  149   1.6872E-02
  150   6.3700E-03
  151   4.7220E-03
  152   2.3760E-03
  153   1.5120E-03
  154   3.6700E-04
  155   2.5700E-04
  156   5.2000E-05
  157   1.3000E-05
  158   4.0000E-06
