   73   3.0000E-06
   74   1.5000E-05
   75   5.1000E-05
   76   2.2400E-04
   77   3.1800E-04
   78   1.5460E-03
   79   2.4940E-03
   80   4.7690E-03
   81   6.4710E-03
   82   1.7228E-02
   83   1.9393E-02
   84   2.3197E-02
   85   3.1860E-02
   86   5.0651E-02
   87   3.4890E-02
   88   5.1377E-02
   89   5.3774E-02
   90   4.7861E-02
   91   4.3963E-02
   92   6.5893E-02
   93   4.7009E-02
   94   4.9791E-02
   95   7.7309E-02
   96   8.2230E-02
   97   6.9424E-02
   98   8.7374E-02
   99   6.2940E-02
  100   2.9389E-02
  101   2.0720E-02
  102   6.4000E-03
  103   2.6140E-03
  104   5.9300E-04
  105   2.2900E-04
  106   1.1100E-04
  107   2.2400E-04
  108   3.6000E-04
  109   3.7400E-04
  110   6.6600E-04
  111   1.0930E-03
  112   8.8800E-04
  113   1.1420E-03
  114   1.8130E-03
  115   1.3180E-03
  116   1.3180E-03
  117   1.8130E-03
  118   1.1420E-03
  119   8.8800E-04
  120   1.0930E-03
  121   6.6600E-04
  122   3.7400E-04
  123   3.6000E-04
  124   2.2400E-04
  125   1.1100E-04
  126   2.2900E-04
  127   5.9300E-04
  128   2.6140E-03
  129   6.4000E-03
  130   2.0720E-02
  131   2.9389E-02
  132   6.2940E-02
  133   8.7374E-02
  134   6.9424E-02
  135   8.2230E-02
  136   7.7309E-02
  137   4.9791E-02
  138   4.7009E-02
  139   6.5893E-02
  140   4.3963E-02
  141   4.7861E-02
  142   5.3774E-02
  143   5.1377E-02
  144   3.4890E-02
  145   5.0651E-02
  146   3.1860E-02
  147   2.3197E-02
  148   1.9393E-02
  149   1.7228E-02
  150   6.4710E-03
  151   4.7690E-03
  152   2.4940E-03
  153   1.5460E-03
  154   3.1800E-04
  155   2.2400E-04
  156   5.1000E-05
  157   1.5000E-05
  158   3.0000E-06
