   75   2.0000E-06
   76   1.1000E-05
   77   3.4000E-05
   78   1.3700E-04
   79   1.9800E-04
   80   5.5700E-04
   81   1.0710E-03
   82   3.4420E-03
   83   3.2620E-03
   84   9.2450E-03
   85   1.1796E-02
   86   1.5409E-02
   87   1.7281E-02
   88   3.6183E-02
   89   2.3245E-02
   90   3.2014E-02
   91   3.6994E-02
   92   3.7435E-02
   93   2.7637E-02
   94   4.8561E-02
   95   3.7851E-02
   96   3.8229E-02
   97   6.9598E-02
   98   9.5126E-02
   99   8.3471E-02
  100   1.2277E-01
  101   1.1223E-01
  102   5.7020E-02
  103   4.8931E-02
  104   1.6399E-02
  105   8.7670E-03
  106   1.8990E-03
  107   7.1700E-04
  108   1.1100E-04
  109   7.7000E-05
  110   1.3700E-04
  111   1.2500E-04
  112   1.9100E-04
  113   3.3500E-04
  114   2.4800E-04
  115   3.8400E-04
  116   4.7400E-04
  117   3.9200E-04
  118   3.9200E-04
  119   4.7400E-04
  120   3.8400E-04
  121   2.4800E-04
  122   3.3500E-04
  123   1.9100E-04
  124   1.2500E-04
  125   1.3700E-04
  126   7.7000E-05
  127   1.1100E-04
  128   7.1700E-04
  129   1.8990E-03
  130   8.7670E-03
  131   1.6399E-02
  132   4.8931E-02
  133   5.7020E-02
  134   1.1223E-01
  135   1.2277E-01
  136   8.3471E-02
  137   9.5126E-02
  138   6.9598E-02
  139   3.8229E-02
  140   3.7851E-02
  141   4.8561E-02
  142   2.7637E-02
  143   3.7435E-02
  144   3.6994E-02
  145   3.2014E-02
  146   2.3245E-02
  147   3.6183E-02
  148   1.7281E-02
  149   1.5409E-02
  150   1.1796E-02
  151   9.2450E-03
  152   3.2620E-03
  153   3.4420E-03
  154   1.0710E-03
  155   5.5700E-04
  156   1.9800E-04
  157   1.3700E-04
  158   3.4000E-05
  159   1.1000E-05
  160   2.0000E-06
