   71   7.0000E-06
   72   2.0000E-05
   73   3.2000E-05
   74   7.9000E-05
   75   1.4400E-04
   76   2.7400E-04
   77   4.5000E-04
   78   9.3300E-04
   79   1.3980E-03
   80   2.2190E-03
   81   3.4200E-03
   82   5.8900E-03
   83   7.5280E-03
   84   1.0357E-02
   85   1.3538E-02
   86   1.7196E-02
   87   1.9664E-02
   88   2.4961E-02
   89   2.5644E-02
   90   2.6904E-02
   91   2.9762E-02
   92   3.1733E-02
   93   3.0500E-02
   94   3.2556E-02
   95   3.4288E-02
   96   3.6203E-02
   97   4.1412E-02
   98   4.7766E-02
   99   4.7280E-02
  100   4.5401E-02
  101   3.9778E-02
  102   3.2040E-02
  103   2.6126E-02
  104   2.1874E-02
  105   2.0151E-02
  106   1.9497E-02
  107   2.0808E-02
  108   2.2065E-02
  109   2.3818E-02
  110   2.5947E-02
  111   2.7665E-02
  112   2.9314E-02
  113   3.1147E-02
  114   3.2058E-02
  115   3.3227E-02
  116   3.3773E-02
  117   3.3812E-02
  118   3.3656E-02
  119   3.3285E-02
  120   3.2702E-02
  121   3.1024E-02
  122   2.9802E-02
  123   2.8240E-02
  124   2.5997E-02
  125   2.4267E-02
  126   2.2692E-02
  127   2.1673E-02
  128   2.0836E-02
  129   2.2127E-02
  130   2.6363E-02
  131   3.2058E-02
  132   4.1259E-02
  133   4.6925E-02
  134   5.0298E-02
  135   4.9521E-02
  136   4.3329E-02
  137   3.6807E-02
  138   3.4627E-02
  139   3.2748E-02
  140   3.2043E-02
  141   3.2330E-02
  142   3.0829E-02
  143   2.8277E-02
  144   2.7031E-02
  145   2.5416E-02
  146   2.1884E-02
  147   1.8244E-02
  148   1.4874E-02
  149   1.1337E-02
  150   8.6450E-03
  151   6.3700E-03
  152   4.2710E-03
  153   2.7820E-03
  154   1.7950E-03
  155   1.1650E-03
  156   7.0800E-04
  157   4.0100E-04
  158   2.1400E-04
  159   1.3500E-04
  160   8.4000E-05
  161   3.8000E-05
  162   1.8000E-05
  163   1.0000E-05
  164   2.0000E-06
