   76   3.0000E-06
   77   1.0000E-05
   78   9.0000E-05
   79   1.2100E-04
   80   4.0000E-04
   81   7.3700E-04
   82   2.4950E-03
   83   3.0390E-03
   84   8.9760E-03
   85   9.6450E-03
   86   1.5253E-02
   87   1.8088E-02
   88   3.6687E-02
   89   2.7029E-02
   90   4.1413E-02
   91   3.5554E-02
   92   4.1824E-02
   93   3.7534E-02
   94   5.5670E-02
   95   3.8853E-02
   96   4.4681E-02
   97   5.0987E-02
   98   6.9538E-02
   99   8.4981E-02
  100   1.0058E-01
  101   9.6514E-02
  102   7.8805E-02
  103   5.2227E-02
  104   2.8169E-02
  105   1.2010E-02
  106   4.3080E-03
  107   1.2390E-03
  108   3.0400E-04
  109   1.0400E-04
  110   7.4000E-05
  111   1.1400E-04
  112   1.5600E-04
  113   2.2400E-04
  114   2.5100E-04
  115   3.5100E-04
  116   3.6200E-04
  117   3.8000E-04
  118   3.9800E-04
  119   3.8000E-04
  120   3.6200E-04
  121   3.5100E-04
  122   2.5100E-04
  123   2.2400E-04
  124   1.5600E-04
  125   1.1400E-04
  126   7.4000E-05
  127   1.0400E-04
  128   3.0400E-04
  129   1.2390E-03
  130   4.3080E-03
  131   1.2010E-02
  132   2.8169E-02
  133   5.2227E-02
  134   7.8805E-02
  135   9.6514E-02
  136   1.0058E-01
  137   8.4981E-02
  138   6.9538E-02
  139   5.0987E-02
  140   4.4681E-02
  141   3.8853E-02
  142   5.5670E-02
  143   3.7534E-02
  144   4.1824E-02
  145   3.5554E-02
  146   4.1413E-02
  147   2.7029E-02
  148   3.6687E-02
  149   1.8088E-02
  150   1.5253E-02
  151   9.6450E-03
  152   8.9760E-03
  153   3.0390E-03
  154   2.4950E-03
  155   7.3700E-04
  156   4.0000E-04
  157   1.2100E-04
  158   9.0000E-05
  159   1.0000E-05
  160   3.0000E-06
