   76   4.0000E-06
   77   4.0000E-06
   78   1.8000E-05
   79   5.7000E-05
   80   1.8900E-04
   81   4.1400E-04
   82   1.0130E-03
   83   1.8410E-03
   84   6.0220E-03
   85   7.1290E-03
   86   1.2785E-02
   87   1.7647E-02
   88   2.9538E-02
   89   3.0339E-02
   90   5.0043E-02
   91   4.4187E-02
   92   4.7362E-02
   93   5.0600E-02
   94   6.3981E-02
   95   5.1843E-02
   96   5.8303E-02
   97   5.3006E-02
   98   5.2556E-02
   99   5.8326E-02
  100   7.1014E-02
  101   7.3558E-02
  102   7.1875E-02
  103   6.0702E-02
  104   4.2313E-02
  105   2.4218E-02
  106   1.1202E-02
  107   4.1350E-03
  108   1.3570E-03
  109   3.5700E-04
  110   1.0500E-04
  111   8.8000E-05
  112   1.1100E-04
  113   1.2600E-04
  114   2.1700E-04
  115   2.5100E-04
  116   2.6500E-04
  117   3.1900E-04
  118   3.8500E-04
  119   3.6200E-04
  120   3.8500E-04
  121   3.1900E-04
  122   2.6500E-04
  123   2.5100E-04
  124   2.1700E-04
  125   1.2600E-04
  126   1.1100E-04
  127   8.8000E-05
  128   1.0500E-04
  129   3.5700E-04
  130   1.3570E-03
  131   4.1350E-03
  132   1.1202E-02
  133   2.4218E-02
  134   4.2313E-02
  135   6.0702E-02
  136   7.1875E-02
  137   7.3558E-02
  138   7.1014E-02
  139   5.8326E-02
  140   5.2556E-02
  141   5.3006E-02
  142   5.8303E-02
  143   5.1843E-02
  144   6.3981E-02
  145   5.0600E-02
  146   4.7362E-02
  147   4.4187E-02
  148   5.0043E-02
  149   3.0339E-02
  150   2.9538E-02
  151   1.7647E-02
  152   1.2785E-02
  153   7.1290E-03
  154   6.0220E-03
  155   1.8410E-03
  156   1.0130E-03
  157   4.1400E-04
  158   1.8900E-04
  159   5.7000E-05
  160   1.8000E-05
  161   4.0000E-06
  162   4.0000E-06
