   74   5.0000E-06
   75   1.3000E-05
   76   3.1000E-05
   77   8.8000E-05
   78   3.2600E-04
   79   6.4500E-04
   80   1.3070E-03
   81   2.5600E-03
   82   5.1950E-03
   83   7.7190E-03
   84   1.1981E-02
   85   1.6612E-02
   86   2.2021E-02
   87   2.7280E-02
   88   3.5327E-02
   89   3.6040E-02
   90   3.7909E-02
   91   4.1119E-02
   92   4.3084E-02
   93   4.2272E-02
   94   4.4383E-02
   95   4.5658E-02
   96   5.3278E-02
   97   6.8670E-02
   98   8.6995E-02
   99   9.7854E-02
  100   9.3366E-02
  101   7.4654E-02
  102   4.8350E-02
  103   2.6028E-02
  104   1.1161E-02
  105   4.2880E-03
  106   1.2750E-03
  107   4.6700E-04
  108   3.4100E-04
  109   4.6700E-04
  110   6.7200E-04
  111   9.0600E-04
  112   1.1600E-03
  113   1.4550E-03
  114   1.7360E-03
  115   1.9880E-03
  116   2.1750E-03
  117   2.2540E-03
  118   2.1750E-03
  119   1.9880E-03
  120   1.7360E-03
  121   1.4550E-03
  122   1.1600E-03
  123   9.0600E-04
  124   6.7200E-04
  125   4.6700E-04
  126   3.4100E-04
  127   4.6700E-04
  128   1.2750E-03
  129   4.2880E-03
  130   1.1161E-02
  131   2.6028E-02
  132   4.8350E-02
  133   7.4654E-02
  134   9.3366E-02
  135   9.7854E-02
  136   8.6995E-02
  137   6.8670E-02
  138   5.3278E-02
  139   4.5658E-02
  140   4.4383E-02
  141   4.2272E-02
  142   4.3084E-02
  143   4.1119E-02
  144   3.7909E-02
  145   3.6040E-02
  146   3.5327E-02
  147   2.7280E-02
  148   2.2021E-02
  149   1.6612E-02
  150   1.1981E-02
  151   7.7190E-03
  152   5.1950E-03
  153   2.5600E-03
  154   1.3070E-03
  155   6.4500E-04
  156   3.2600E-04
  157   8.8000E-05
  158   3.1000E-05
  159   1.3000E-05
  160   5.0000E-06
