   73   3.0000E-06
   74   3.0000E-06
   75   8.0000E-06
   76   1.8000E-05
   77   4.5000E-05
   78   9.6000E-05
   79   1.7800E-04
   80   4.2200E-04
   81   6.9200E-04
   82   9.3100E-04
   83   1.6320E-03
   84   2.6360E-03
   85   3.4620E-03
   86   4.5530E-03
   87   6.4920E-03
   88   8.9520E-03
   89   1.1584E-02
   90   1.5356E-02
   91   1.9245E-02
   92   2.3241E-02
   93   2.9070E-02
   94   3.6587E-02
   95   4.0714E-02
   96   4.6098E-02
   97   5.1139E-02
   98   5.5036E-02
   99   5.9086E-02
  100   6.1397E-02
  101   6.1232E-02
  102   6.1459E-02
  103   6.1428E-02
  104   6.0549E-02
  105   5.9269E-02
  106   5.4917E-02
  107   4.8257E-02
  108   3.9088E-02
  109   2.8992E-02
  110   1.9132E-02
  111   1.1918E-02
  112   6.7980E-03
  113   3.7800E-03
  114   1.9520E-03
  115   1.0490E-03
  116   6.0600E-04
  117   3.3300E-04
  118   2.5400E-04
  119   2.1500E-04
  120   1.7400E-04
  121   2.1500E-04
  122   2.5400E-04
  123   3.3300E-04
  124   6.0600E-04
  125   1.0490E-03
  126   1.9520E-03
  127   3.7800E-03
  128   6.7980E-03
  129   1.1918E-02
  130   1.9132E-02
  131   2.8992E-02
  132   3.9088E-02
  133   4.8257E-02
  134   5.4917E-02
  135   5.9269E-02
  136   6.0549E-02
  137   6.1428E-02
  138   6.1459E-02
  139   6.1232E-02
  140   6.1397E-02
  141   5.9086E-02
  142   5.5036E-02
  143   5.1139E-02
  144   4.6098E-02
  145   4.0714E-02
  146   3.6587E-02
  147   2.9070E-02
  148   2.3241E-02
  149   1.9245E-02
  150   1.5356E-02
  151   1.1584E-02
  152   8.9520E-03
  153   6.4920E-03
  154   4.5530E-03
  155   3.4620E-03
  156   2.6360E-03
  157   1.6320E-03
  158   9.3100E-04
  159   6.9200E-04
  160   4.2200E-04
  161   1.7800E-04
  162   9.6000E-05
  163   4.5000E-05
  164   1.8000E-05
  165   8.0000E-06
  166   3.0000E-06
  167   3.0000E-06
