   58   2.0000E-06
   60   2.0000E-06
   61   5.0000E-06
   62   2.0000E-06
   63   8.0000E-06
   64   4.0000E-06
   65   2.1000E-05
   66   1.9000E-05
   67   3.5000E-05
   68   4.6000E-05
   69   5.9000E-05
   70   8.2000E-05
   71   1.1700E-04
   72   1.5900E-04
   73   1.8200E-04
   74   2.7700E-04
   75   3.9100E-04
   76   5.2600E-04
   77   6.5100E-04
   78   8.8900E-04
   79   1.2000E-03
   80   1.4890E-03
   81   1.9200E-03
   82   2.4490E-03
   83   3.1520E-03
   84   4.1260E-03
   85   5.0770E-03
   86   6.0750E-03
   87   7.2810E-03
   88   9.4050E-03
   89   1.0659E-02
   90   1.1853E-02
   91   1.3866E-02
   92   1.6237E-02
   93   1.7794E-02
   94   2.0057E-02
   95   2.1897E-02
   96   2.3649E-02
   97   2.5793E-02
   98   2.8008E-02
   99   2.9513E-02
  100   3.1264E-02
  101   3.3018E-02
  102   3.4347E-02
  103   3.6298E-02
  104   3.7354E-02
  105   3.8008E-02
  106   3.8504E-02
  107   3.8835E-02
  108   3.9339E-02
  109   4.0514E-02
  110   4.1066E-02
  111   4.2111E-02
  112   4.3228E-02
  113   4.3642E-02
  114   4.4829E-02
  115   4.5594E-02
  116   4.6411E-02
  117   4.6370E-02
  118   4.6547E-02
  119   4.6563E-02
  120   4.5936E-02
  121   4.5504E-02
  122   4.4472E-02
  123   4.3612E-02
  124   4.2818E-02
  125   4.2235E-02
  126   4.1204E-02
  127   4.1002E-02
  128   4.0074E-02
  129   3.9829E-02
  130   3.9284E-02
  131   3.8883E-02
  132   3.7572E-02
  133   3.5780E-02
  134   3.3885E-02
  135   3.2577E-02
  136   3.0709E-02
  137   2.8795E-02
  138   2.7080E-02
  139   2.4483E-02
  140   2.2655E-02
  141   2.0882E-02
  142   1.8711E-02
  143   1.6587E-02
  144   1.4533E-02
  145   1.2368E-02
  146   1.0955E-02
  147   9.6420E-03
  148   7.8280E-03
  149   6.3600E-03
  150   5.2940E-03
  151   4.2800E-03
  152   3.4400E-03
  153   2.6550E-03
  154   2.0340E-03
  155   1.6870E-03
  156   1.2760E-03
  157   1.0140E-03
  158   6.8400E-04
  159   5.9100E-04
  160   4.4200E-04
  161   3.5300E-04
  162   2.2200E-04
  163   1.7000E-04
  164   1.4000E-04
  165   1.1000E-04
  166   7.6000E-05
  167   4.2000E-05
  168   4.9000E-05
  169   3.2000E-05
  170   1.9000E-05
  171   2.1000E-05
  172   4.0000E-06
  173   8.0000E-06
  174   2.0000E-06
  175   5.0000E-06
  176   2.0000E-06
  178   2.0000E-06
