   66   2.0000E-06
   69   6.0000E-06
   70   1.1000E-05
   71   3.5000E-05
   72   4.3000E-05
   73   7.8000E-05
   74   1.0600E-04
   75   2.0800E-04
   76   2.9000E-04
   77   5.1200E-04
   78   8.5500E-04
   79   1.0410E-03
   80   1.6560E-03
   81   2.1900E-03
   82   3.0470E-03
   83   4.1150E-03
   84   5.5830E-03
   85   7.0330E-03
   86   8.7360E-03
   87   1.1193E-02
   88   1.4695E-02
   89   1.6613E-02
   90   1.9526E-02
   91   2.3704E-02
   92   2.7781E-02
   93   3.0722E-02
   94   3.5150E-02
   95   3.7805E-02
   96   3.9728E-02
   97   4.2846E-02
   98   4.5463E-02
   99   4.6044E-02
  100   4.6783E-02
  101   4.7629E-02
  102   4.8416E-02
  103   4.7455E-02
  104   4.6939E-02
  105   4.4310E-02
  106   4.1025E-02
  107   3.6730E-02
  108   3.1763E-02
  109   2.6925E-02
  110   2.3032E-02
  111   2.0039E-02
  112   1.8079E-02
  113   1.6546E-02
  114   1.6033E-02
  115   1.5583E-02
  116   1.5186E-02
  117   1.5448E-02
  118   1.5236E-02
  119   1.5241E-02
  120   1.5451E-02
  121   1.5182E-02
  122   1.5607E-02
  123   1.6040E-02
  124   1.6579E-02
  125   1.8132E-02
  126   2.0141E-02
  127   2.3195E-02
  128   2.7117E-02
  129   3.2128E-02
  130   3.7054E-02
  131   4.1466E-02
  132   4.4595E-02
  133   4.7343E-02
  134   4.7493E-02
  135   4.8444E-02
  136   4.7733E-02
  137   4.6829E-02
  138   4.6093E-02
  139   4.5304E-02
  140   4.2764E-02
  141   3.9553E-02
  142   3.7691E-02
  143   3.4913E-02
  144   3.0540E-02
  145   2.7460E-02
  146   2.3424E-02
  147   1.9379E-02
  148   1.6444E-02
  149   1.4452E-02
  150   1.1076E-02
  151   8.5950E-03
  152   6.9560E-03
  153   5.4810E-03
  154   4.0900E-03
  155   3.0100E-03
  156   2.1690E-03
  157   1.6340E-03
  158   1.0310E-03
  159   8.4500E-04
  160   5.0300E-04
  161   2.8800E-04
  162   2.0800E-04
  163   1.0600E-04
  164   7.8000E-05
  165   4.3000E-05
  166   3.5000E-05
  167   1.1000E-05
  168   6.0000E-06
  171   2.0000E-06
