   67   2.0000E-06
   70   2.0000E-06
   71   5.0000E-06
   72   8.0000E-06
   73   1.6000E-05
   74   4.6000E-05
   75   7.8000E-05
   76   1.0900E-04
   77   2.1200E-04
   78   3.5200E-04
   79   6.2300E-04
   80   1.0500E-03
   81   1.4290E-03
   82   1.9660E-03
   83   2.7200E-03
   84   4.2630E-03
   85   5.0330E-03
   86   6.3090E-03
   87   8.4650E-03
   88   1.0746E-02
   89   1.2903E-02
   90   1.6573E-02
   91   1.9208E-02
   92   2.2499E-02
   93   2.7089E-02
   94   3.2526E-02
   95   3.5347E-02
   96   3.9232E-02
   97   4.3320E-02
   98   4.6372E-02
   99   4.9094E-02
  100   5.1684E-02
  101   5.2017E-02
  102   5.3233E-02
  103   5.3967E-02
  104   5.4597E-02
  105   5.3794E-02
  106   5.1869E-02
  107   4.8414E-02
  108   4.3332E-02
  109   3.5684E-02
  110   2.8403E-02
  111   2.1264E-02
  112   1.5793E-02
  113   1.1534E-02
  114   8.5960E-03
  115   6.6630E-03
  116   5.6510E-03
  117   4.8620E-03
  118   4.5020E-03
  119   4.3800E-03
  120   4.2670E-03
  121   4.3840E-03
  122   4.5090E-03
  123   4.8670E-03
  124   5.6600E-03
  125   6.6890E-03
  126   8.6410E-03
  127   1.1635E-02
  128   1.5942E-02
  129   2.1523E-02
  130   2.8721E-02
  131   3.6130E-02
  132   4.3750E-02
  133   4.8768E-02
  134   5.1983E-02
  135   5.4016E-02
  136   5.4661E-02
  137   5.3952E-02
  138   5.3266E-02
  139   5.1967E-02
  140   5.1554E-02
  141   4.9110E-02
  142   4.6207E-02
  143   4.3028E-02
  144   3.9143E-02
  145   3.5201E-02
  146   3.2201E-02
  147   2.6795E-02
  148   2.2358E-02
  149   1.8965E-02
  150   1.6415E-02
  151   1.2844E-02
  152   1.0579E-02
  153   8.3830E-03
  154   6.2550E-03
  155   4.9820E-03
  156   4.2170E-03
  157   2.6950E-03
  158   1.9260E-03
  159   1.4260E-03
  160   1.0350E-03
  161   6.1400E-04
  162   3.5600E-04
  163   2.0800E-04
  164   1.0900E-04
  165   7.8000E-05
  166   4.6000E-05
  167   1.6000E-05
  168   8.0000E-06
  169   5.0000E-06
  170   2.0000E-06
  173   2.0000E-06
