   51   2.0000E-06
   53   2.0000E-06
   54   3.0000E-06
   56   3.0000E-06
   57   8.0000E-06
   58   1.1000E-05
   59   8.0000E-06
   60   2.8000E-05
   61   2.0000E-05
   62   3.0000E-05
   63   4.2000E-05
   64   3.9000E-05
   65   5.2000E-05
   66   9.4000E-05
   67   1.0300E-04
   68   1.4700E-04
   69   1.6100E-04
   70   2.3600E-04
   71   3.0100E-04
   72   3.8700E-04
   73   4.7900E-04
   74   6.0300E-04
   75   6.9500E-04
   76   9.6900E-04
   77   1.1580E-03
   78   1.4700E-03
   79   1.7710E-03
   80   2.1750E-03
   81   2.5730E-03
   82   3.4410E-03
   83   3.9210E-03
   84   4.6980E-03
   85   5.6280E-03
   86   6.8980E-03
   87   7.8460E-03
   88   9.2090E-03
   89   1.0575E-02
   90   1.2145E-02
   91   1.3727E-02
   92   1.5577E-02
   93   1.6907E-02
   94   1.8689E-02
   95   2.0868E-02
   96   2.2955E-02
   97   2.4388E-02
   98   2.6994E-02
   99   2.8849E-02
  100   3.0679E-02
  101   3.2498E-02
  102   3.4587E-02
  103   3.6527E-02
  104   3.8049E-02
  105   3.9285E-02
  106   4.1520E-02
  107   4.3017E-02
  108   4.4676E-02
  109   4.6183E-02
  110   4.7678E-02
  111   4.8845E-02
  112   5.0078E-02
  113   5.1372E-02
  114   5.1921E-02
  115   5.2354E-02
  116   5.2444E-02
  117   5.2660E-02
  118   5.2364E-02
  119   5.1511E-02
  120   5.1074E-02
  121   4.9505E-02
  122   4.8600E-02
  123   4.7086E-02
  124   4.5794E-02
  125   4.4149E-02
  126   4.2738E-02
  127   4.1110E-02
  128   3.9230E-02
  129   3.7880E-02
  130   3.6323E-02
  131   3.4159E-02
  132   3.1744E-02
  133   3.0504E-02
  134   2.8065E-02
  135   2.6165E-02
  136   2.3828E-02
  137   2.2218E-02
  138   2.0066E-02
  139   1.8066E-02
  140   1.6352E-02
  141   1.4700E-02
  142   1.2948E-02
  143   1.1477E-02
  144   9.7330E-03
  145   8.6350E-03
  146   7.4450E-03
  147   6.1860E-03
  148   5.1250E-03
  149   4.3460E-03
  150   3.7070E-03
  151   3.0450E-03
  152   2.3470E-03
  153   2.0040E-03
  154   1.6270E-03
  155   1.3510E-03
  156   1.0700E-03
  157   8.9100E-04
  158   6.4200E-04
  159   5.7300E-04
  160   4.3600E-04
  161   3.8700E-04
  162   2.7700E-04
  163   2.3100E-04
  164   1.4800E-04
  165   1.4300E-04
  166   1.0600E-04
  167   8.3000E-05
  168   5.2000E-05
  169   3.9000E-05
  170   4.4000E-05
  171   3.0000E-05
  172   1.8000E-05
  173   2.8000E-05
  174   1.0000E-05
  175   9.0000E-06
  176   8.0000E-06
  177   3.0000E-06
  179   3.0000E-06
  180   2.0000E-06
  182   2.0000E-06
