   67   5.0000E-06
   68   2.0000E-06
   69   6.0000E-06
   70   1.6000E-05
   71   3.7000E-05
   72   4.6000E-05
   73   6.4000E-05
   74   1.1300E-04
   75   1.7200E-04
   76   2.3400E-04
   77   4.2600E-04
   78   6.3200E-04
   79   8.7700E-04
   80   1.3990E-03
   81   1.8790E-03
   82   2.4910E-03
   83   3.3610E-03
   84   4.8030E-03
   85   5.8980E-03
   86   7.3840E-03
   87   9.5030E-03
   88   1.2246E-02
   89   1.4199E-02
   90   1.6800E-02
   91   2.0348E-02
   92   2.3525E-02
   93   2.6706E-02
   94   3.1056E-02
   95   3.3598E-02
   96   3.5838E-02
   97   3.8862E-02
   98   4.1735E-02
   99   4.2371E-02
  100   4.3856E-02
  101   4.5460E-02
  102   4.5400E-02
  103   4.5718E-02
  104   4.6035E-02
  105   4.4507E-02
  106   4.2368E-02
  107   3.9431E-02
  108   3.5625E-02
  109   3.1387E-02
  110   2.7660E-02
  111   2.4593E-02
  112   2.2520E-02
  113   2.1121E-02
  114   2.0219E-02
  115   1.9772E-02
  116   1.9619E-02
  117   1.9435E-02
  118   1.9284E-02
  119   1.9282E-02
  120   1.9361E-02
  121   1.9429E-02
  122   1.9636E-02
  123   1.9885E-02
  124   2.0320E-02
  125   2.1381E-02
  126   2.2961E-02
  127   2.5359E-02
  128   2.8637E-02
  129   3.2733E-02
  130   3.7125E-02
  131   4.0909E-02
  132   4.3776E-02
  133   4.5202E-02
  134   4.6241E-02
  135   4.5794E-02
  136   4.5703E-02
  137   4.4934E-02
  138   4.3798E-02
  139   4.2583E-02
  140   4.1150E-02
  141   3.8010E-02
  142   3.5570E-02
  143   3.2892E-02
  144   2.9968E-02
  145   2.6145E-02
  146   2.2444E-02
  147   1.9458E-02
  148   1.6272E-02
  149   1.3643E-02
  150   1.1611E-02
  151   8.9870E-03
  152   6.9700E-03
  153   5.7190E-03
  154   4.4350E-03
  155   3.1210E-03
  156   2.3390E-03
  157   1.7590E-03
  158   1.2680E-03
  159   8.4000E-04
  160   5.8500E-04
  161   3.8000E-04
  162   2.2600E-04
  163   1.5500E-04
  164   1.0900E-04
  165   6.0000E-05
  166   4.6000E-05
  167   3.4000E-05
  168   1.6000E-05
  169   6.0000E-06
  170   2.0000E-06
  171   5.0000E-06
