   68   2.0000E-06
   70   4.0000E-06
   71   5.0000E-06
   72   2.1000E-05
   73   4.1000E-05
   74   7.9000E-05
   75   1.2100E-04
   76   2.3500E-04
   77   3.6700E-04
   78   7.4500E-04
   79   1.1130E-03
   80   1.7500E-03
   81   2.4990E-03
   82   3.7200E-03
   83   4.8060E-03
   84   6.7660E-03
   85   8.6310E-03
   86   1.1020E-02
   87   1.4350E-02
   88   1.8839E-02
   89   2.1528E-02
   90   2.5262E-02
   91   3.0867E-02
   92   3.7179E-02
   93   4.0916E-02
   94   4.5456E-02
   95   4.9922E-02
   96   5.1771E-02
   97   5.4989E-02
   98   5.7725E-02
   99   5.7212E-02
  100   5.7200E-02
  101   5.7960E-02
  102   5.7409E-02
  103   5.5595E-02
  104   5.1320E-02
  105   4.4814E-02
  106   3.6042E-02
  107   2.7010E-02
  108   1.9026E-02
  109   1.2867E-02
  110   8.5220E-03
  111   5.9730E-03
  112   4.1230E-03
  113   3.2360E-03
  114   2.6690E-03
  115   2.4680E-03
  116   2.3440E-03
  117   2.3210E-03
  118   2.2920E-03
  119   2.3210E-03
  120   2.3440E-03
  121   2.4680E-03
  122   2.6690E-03
  123   3.2360E-03
  124   4.1230E-03
  125   5.9730E-03
  126   8.5220E-03
  127   1.2867E-02
  128   1.9026E-02
  129   2.7010E-02
  130   3.6042E-02
  131   4.4814E-02
  132   5.1320E-02
  133   5.5595E-02
  134   5.7409E-02
  135   5.7960E-02
  136   5.7200E-02
  137   5.7212E-02
  138   5.7725E-02
  139   5.4989E-02
  140   5.1771E-02
  141   4.9922E-02
  142   4.5456E-02
  143   4.0916E-02
  144   3.7179E-02
  145   3.0867E-02
  146   2.5262E-02
  147   2.1528E-02
  148   1.8839E-02
  149   1.4350E-02
  150   1.1020E-02
  151   8.6310E-03
  152   6.7660E-03
  153   4.8060E-03
  154   3.7200E-03
  155   2.4990E-03
  156   1.7500E-03
  157   1.1130E-03
  158   7.4500E-04
  159   3.6700E-04
  160   2.3500E-04
  161   1.2100E-04
  162   7.9000E-05
  163   4.1000E-05
  164   2.1000E-05
  165   5.0000E-06
  166   4.0000E-06
  168   2.0000E-06
