   71   3.0000E-06
   72   8.0000E-06
   73   4.0000E-06
   74   2.1000E-05
   75   4.0000E-05
   76   9.1000E-05
   77   1.6800E-04
   78   3.5300E-04
   79   5.2000E-04
   80   9.8700E-04
   81   1.4860E-03
   82   2.1510E-03
   83   3.1420E-03
   84   4.7780E-03
   85   6.1110E-03
   86   7.6000E-03
   87   1.0318E-02
   88   1.4043E-02
   89   1.6612E-02
   90   2.0430E-02
   91   2.5048E-02
   92   3.0287E-02
   93   3.5066E-02
   94   4.2018E-02
   95   4.5399E-02
   96   4.8854E-02
   97   5.3376E-02
   98   5.7168E-02
   99   5.7949E-02
  100   5.8623E-02
  101   5.9453E-02
  102   5.9261E-02
  103   5.9231E-02
  104   5.7740E-02
  105   5.3579E-02
  106   4.7635E-02
  107   3.8504E-02
  108   2.8678E-02
  109   1.9318E-02
  110   1.2734E-02
  111   7.9090E-03
  112   4.6630E-03
  113   2.9240E-03
  114   1.6750E-03
  115   1.2600E-03
  116   9.1800E-04
  117   7.9100E-04
  118   7.2500E-04
  119   6.7200E-04
  120   7.2500E-04
  121   7.9100E-04
  122   9.1800E-04
  123   1.2600E-03
  124   1.6750E-03
  125   2.9240E-03
  126   4.6630E-03
  127   7.9090E-03
  128   1.2734E-02
  129   1.9318E-02
  130   2.8678E-02
  131   3.8504E-02
  132   4.7635E-02
  133   5.3579E-02
  134   5.7740E-02
  135   5.9231E-02
  136   5.9261E-02
  137   5.9453E-02
  138   5.8623E-02
  139   5.7949E-02
  140   5.7168E-02
  141   5.3376E-02
  142   4.8854E-02
  143   4.5399E-02
  144   4.2018E-02
  145   3.5066E-02
  146   3.0287E-02
  147   2.5048E-02
  148   2.0430E-02
  149   1.6612E-02
  150   1.4043E-02
  151   1.0318E-02
  152   7.6000E-03
  153   6.1110E-03
  154   4.7780E-03
  155   3.1420E-03
  156   2.1510E-03
  157   1.4860E-03
  158   9.8700E-04
  159   5.2000E-04
  160   3.5300E-04
  161   1.6800E-04
  162   9.1000E-05
  163   4.0000E-05
  164   2.1000E-05
  165   4.0000E-06
  166   8.0000E-06
  167   3.0000E-06
