   64   3.0000E-06
   65   3.0000E-06
   66   1.3000E-05
   67   1.3000E-05
   68   1.8000E-05
   69   2.7000E-05
   70   4.6000E-05
   71   7.3000E-05
   72   1.1400E-04
   73   1.6200E-04
   74   2.1500E-04
   75   3.0700E-04
   76   4.3700E-04
   77   6.5500E-04
   78   9.1400E-04
   79   1.1340E-03
   80   1.6090E-03
   81   2.0870E-03
   82   2.7420E-03
   83   3.4940E-03
   84   4.3450E-03
   85   5.5360E-03
   86   6.8920E-03
   87   8.3020E-03
   88   1.0291E-02
   89   1.1857E-02
   90   1.3557E-02
   91   1.5833E-02
   92   1.8716E-02
   93   2.0231E-02
   94   2.2325E-02
   95   2.4698E-02
   96   2.6325E-02
   97   2.8322E-02
   98   3.0603E-02
   99   3.2086E-02
  100   3.3261E-02
  101   3.4882E-02
  102   3.6392E-02
  103   3.7279E-02
  104   3.8548E-02
  105   3.9026E-02
  106   3.8968E-02
  107   3.8666E-02
  108   3.8986E-02
  109   3.8992E-02
  110   3.9162E-02
  111   4.0172E-02
  112   4.0886E-02
  113   4.1403E-02
  114   4.1975E-02
  115   4.2728E-02
  116   4.2183E-02
  117   4.2829E-02
  118   4.2754E-02
  119   4.2234E-02
  120   4.2784E-02
  121   4.1956E-02
  122   4.1444E-02
  123   4.0937E-02
  124   4.0294E-02
  125   3.9321E-02
  126   3.9285E-02
  127   3.9458E-02
  128   3.9082E-02
  129   3.9684E-02
  130   3.9628E-02
  131   3.9055E-02
  132   3.7701E-02
  133   3.6503E-02
  134   3.4837E-02
  135   3.3331E-02
  136   3.2131E-02
  137   3.0529E-02
  138   2.8099E-02
  139   2.6297E-02
  140   2.4529E-02
  141   2.1836E-02
  142   2.0095E-02
  143   1.8145E-02
  144   1.5374E-02
  145   1.3258E-02
  146   1.1503E-02
  147   9.8980E-03
  148   8.0850E-03
  149   6.5360E-03
  150   5.2420E-03
  151   4.2330E-03
  152   3.3660E-03
  153   2.5790E-03
  154   1.9790E-03
  155   1.5650E-03
  156   1.0890E-03
  157   8.6400E-04
  158   6.2700E-04
  159   4.2100E-04
  160   2.9400E-04
  161   2.1400E-04
  162   1.5800E-04
  163   1.0900E-04
  164   7.5000E-05
  165   4.4000E-05
  166   2.7000E-05
  167   1.8000E-05
  168   1.3000E-05
  169   1.3000E-05
  170   3.0000E-06
  171   3.0000E-06
