   74   8.0000E-06
   75   1.4000E-05
   76   3.4000E-05
   77   7.9000E-05
   78   1.6800E-04
   79   3.3400E-04
   80   6.8600E-04
   81   1.0410E-03
   82   1.5560E-03
   83   2.3550E-03
   84   3.7130E-03
   85   4.6430E-03
   86   6.0410E-03
   87   7.9540E-03
   88   1.0203E-02
   89   1.2535E-02
   90   1.6443E-02
   91   1.9177E-02
   92   2.2530E-02
   93   2.8143E-02
   94   3.4667E-02
   95   3.8165E-02
   96   4.2953E-02
   97   4.7890E-02
   98   5.1721E-02
   99   5.4299E-02
  100   5.7259E-02
  101   5.7642E-02
  102   5.8468E-02
  103   5.9395E-02
  104   6.0235E-02
  105   5.9138E-02
  106   5.6794E-02
  107   5.1803E-02
  108   4.2493E-02
  109   3.1983E-02
  110   2.2428E-02
  111   1.4331E-02
  112   8.4840E-03
  113   5.0480E-03
  114   2.7460E-03
  115   1.6130E-03
  116   9.9000E-04
  117   6.7400E-04
  118   5.1400E-04
  119   4.0900E-04
  120   3.6800E-04
  121   4.0900E-04
  122   5.1400E-04
  123   6.7400E-04
  124   9.9000E-04
  125   1.6130E-03
  126   2.7460E-03
  127   5.0480E-03
  128   8.4840E-03
  129   1.4331E-02
  130   2.2428E-02
  131   3.1983E-02
  132   4.2493E-02
  133   5.1803E-02
  134   5.6794E-02
  135   5.9138E-02
  136   6.0235E-02
  137   5.9395E-02
  138   5.8468E-02
  139   5.7642E-02
  140   5.7259E-02
  141   5.4299E-02
  142   5.1721E-02
  143   4.7890E-02
  144   4.2953E-02
  145   3.8165E-02
  146   3.4667E-02
  147   2.8143E-02
  148   2.2530E-02
  149   1.9177E-02
  150   1.6443E-02
  151   1.2535E-02
  152   1.0203E-02
  153   7.9540E-03
  154   6.0410E-03
  155   4.6430E-03
  156   3.7130E-03
  157   2.3550E-03
  158   1.5560E-03
  159   1.0410E-03
  160   6.8600E-04
  161   3.3400E-04
  162   1.6800E-04
  163   7.9000E-05
  164   3.4000E-05
  165   1.4000E-05
  166   8.0000E-06
