   72   2.0000E-06
   73   1.1000E-05
   74   1.3000E-05
   75   3.6000E-05
   76   4.5000E-05
   77   1.1900E-04
   78   1.7600E-04
   79   2.6400E-04
   80   5.2900E-04
   81   7.7300E-04
   82   1.1390E-03
   83   1.7750E-03
   84   2.5560E-03
   85   3.4040E-03
   86   4.8830E-03
   87   5.8580E-03
   88   7.0470E-03
   89   8.9240E-03
   90   1.1659E-02
   91   1.2889E-02
   92   1.5431E-02
   93   1.8510E-02
   94   2.1422E-02
   95   2.5047E-02
   96   3.0289E-02
   97   3.2881E-02
   98   3.6081E-02
   99   4.0265E-02
  100   4.4077E-02
  101   4.5998E-02
  102   4.8508E-02
  103   4.9897E-02
  104   5.0651E-02
  105   5.1631E-02
  106   5.3460E-02
  107   5.2847E-02
  108   5.1866E-02
  109   4.9639E-02
  110   4.5185E-02
  111   3.8911E-02
  112   3.2136E-02
  113   2.5013E-02
  114   1.9143E-02
  115   1.4131E-02
  116   1.0958E-02
  117   8.4770E-03
  118   6.8870E-03
  119   5.9210E-03
  120   5.3520E-03
  121   5.0460E-03
  122   4.7890E-03
  123   5.0740E-03
  124   5.4920E-03
  125   6.1020E-03
  126   7.2050E-03
  127   9.0570E-03
  128   1.2035E-02
  129   1.5647E-02
  130   2.1489E-02
  131   2.8249E-02
  132   3.5542E-02
  133   4.2611E-02
  134   4.8255E-02
  135   5.0978E-02
  136   5.2250E-02
  137   5.3254E-02
  138   5.2281E-02
  139   5.1086E-02
  140   5.0525E-02
  141   4.8944E-02
  142   4.7732E-02
  143   4.5627E-02
  144   4.2374E-02
  145   3.8656E-02
  146   3.4871E-02
  147   3.1722E-02
  148   2.8188E-02
  149   2.3636E-02
  150   2.0164E-02
  151   1.7315E-02
  152   1.4433E-02
  153   1.2762E-02
  154   1.0218E-02
  155   8.2590E-03
  156   6.6230E-03
  157   5.3290E-03
  158   4.2690E-03
  159   3.0150E-03
  160   2.0870E-03
  161   1.4350E-03
  162   9.6400E-04
  163   7.0700E-04
  164   3.8500E-04
  165   2.2400E-04
  166   1.5200E-04
  167   1.0000E-04
  168   3.7000E-05
  169   2.9000E-05
  170   1.3000E-05
  171   1.1000E-05
  172   2.0000E-06
