   77   5.0000E-06
   78   1.3000E-05
   79   3.2000E-05
   80   6.6000E-05
   81   1.5400E-04
   82   4.3200E-04
   83   7.9200E-04
   84   1.4540E-03
   85   2.6100E-03
   86   4.6700E-03
   87   6.3910E-03
   88   9.4280E-03
   89   1.1772E-02
   90   1.3447E-02
   91   1.5404E-02
   92   1.7886E-02
   93   1.6924E-02
   94   1.7121E-02
   95   1.8031E-02
   96   1.9040E-02
   97   2.0360E-02
   98   2.4096E-02
   99   2.6361E-02
  100   2.9210E-02
  101   3.3572E-02
  102   3.7642E-02
  103   4.0523E-02
  104   4.2750E-02
  105   4.4846E-02
  106   4.6420E-02
  107   4.9010E-02
  108   5.2692E-02
  109   5.6930E-02
  110   6.0561E-02
  111   6.2442E-02
  112   5.9508E-02
  113   5.1300E-02
  114   3.9894E-02
  115   2.7878E-02
  116   1.7558E-02
  117   1.0262E-02
  118   5.2810E-03
  119   2.6690E-03
  120   1.2960E-03
  121   6.4200E-04
  122   3.4100E-04
  123   1.9900E-04
  124   1.3200E-04
  125   1.9900E-04
  126   3.4100E-04
  127   6.4200E-04
  128   1.2960E-03
  129   2.6690E-03
  130   5.2810E-03
  131   1.0262E-02
  132   1.7558E-02
  133   2.7878E-02
  134   3.9894E-02
  135   5.1300E-02
  136   5.9508E-02
  137   6.2442E-02
  138   6.0561E-02
  139   5.6930E-02
  140   5.2692E-02
  141   4.9010E-02
  142   4.6420E-02
  143   4.4846E-02
  144   4.2750E-02
  145   4.0523E-02
  146   3.7642E-02
  147   3.3572E-02
  148   2.9210E-02
  149   2.6361E-02
  150   2.4096E-02
  151   2.0360E-02
  152   1.9040E-02
  153   1.8031E-02
  154   1.7121E-02
  155   1.6924E-02
  156   1.7886E-02
  157   1.5404E-02
  158   1.3447E-02
  159   1.1772E-02
  160   9.4280E-03
  161   6.3910E-03
  162   4.6700E-03
  163   2.6100E-03
  164   1.4540E-03
  165   7.9200E-04
  166   4.3200E-04
  167   1.5400E-04
  168   6.6000E-05
  169   3.2000E-05
  170   1.3000E-05
  171   5.0000E-06
