   72   2.0000E-06
   75   5.0000E-06
   76   7.0000E-06
   77   1.5000E-05
   78   4.4000E-05
   79   8.7000E-05
   80   1.3800E-04
   81   2.6000E-04
   82   4.8400E-04
   83   7.0800E-04
   84   1.1310E-03
   85   1.8520E-03
   86   2.7470E-03
   87   3.8490E-03
   88   5.4780E-03
   89   6.6850E-03
   90   8.0430E-03
   91   9.5770E-03
   92   1.1871E-02
   93   1.2263E-02
   94   1.3905E-02
   95   1.5692E-02
   96   1.7148E-02
   97   1.9802E-02
   98   2.3572E-02
   99   2.5624E-02
  100   2.9130E-02
  101   3.3240E-02
  102   3.6714E-02
  103   3.9365E-02
  104   4.2631E-02
  105   4.3903E-02
  106   4.5777E-02
  107   4.7870E-02
  108   4.9419E-02
  109   5.1199E-02
  110   5.2766E-02
  111   5.3318E-02
  112   5.2170E-02
  113   4.8321E-02
  114   4.2638E-02
  115   3.5464E-02
  116   2.8101E-02
  117   2.2114E-02
  118   1.6586E-02
  119   1.2465E-02
  120   9.6530E-03
  121   7.7990E-03
  122   6.3970E-03
  123   5.3200E-03
  124   4.8150E-03
  125   4.6490E-03
  126   5.0600E-03
  127   5.8030E-03
  128   7.2720E-03
  129   9.0910E-03
  130   1.2178E-02
  131   1.6480E-02
  132   2.2633E-02
  133   2.9232E-02
  134   3.7718E-02
  135   4.4786E-02
  136   4.9868E-02
  137   5.2707E-02
  138   5.2632E-02
  139   5.1857E-02
  140   5.0100E-02
  141   4.8910E-02
  142   4.7411E-02
  143   4.5698E-02
  144   4.4240E-02
  145   4.2000E-02
  146   3.9850E-02
  147   3.6613E-02
  148   3.3263E-02
  149   2.9085E-02
  150   2.6096E-02
  151   2.3502E-02
  152   2.0282E-02
  153   1.7912E-02
  154   1.5943E-02
  155   1.4470E-02
  156   1.3120E-02
  157   1.1607E-02
  158   9.7550E-03
  159   7.8970E-03
  160   6.3640E-03
  161   5.0380E-03
  162   3.6360E-03
  163   2.4460E-03
  164   1.6230E-03
  165   1.0920E-03
  166   7.1400E-04
  167   4.5600E-04
  168   2.7300E-04
  169   1.4500E-04
  170   1.0500E-04
  171   5.5000E-05
  172   2.7000E-05
  173   1.2000E-05
  174   5.0000E-06
  175   3.0000E-06
  178   2.0000E-06
