   75   3.0000E-06
   77   7.0000E-06
   78   1.4000E-05
   79   2.8000E-05
   80   6.4000E-05
   81   1.3300E-04
   82   3.4000E-04
   83   5.7400E-04
   84   1.0170E-03
   85   1.9150E-03
   86   3.2650E-03
   87   4.7230E-03
   88   7.4960E-03
   89   9.3420E-03
   90   1.1184E-02
   91   1.3498E-02
   92   1.6015E-02
   93   1.5370E-02
   94   1.6481E-02
   95   1.7236E-02
   96   1.7451E-02
   97   1.8823E-02
   98   2.2333E-02
   99   2.3680E-02
  100   2.6465E-02
  101   3.0915E-02
  102   3.3842E-02
  103   3.7071E-02
  104   4.1390E-02
  105   4.3163E-02
  106   4.3783E-02
  107   4.6820E-02
  108   4.9592E-02
  109   5.1649E-02
  110   5.5784E-02
  111   6.0262E-02
  112   5.9686E-02
  113   5.6165E-02
  114   4.9902E-02
  115   3.8118E-02
  116   2.7656E-02
  117   1.8705E-02
  118   1.1658E-02
  119   6.8930E-03
  120   4.0320E-03
  121   2.3960E-03
  122   1.3610E-03
  123   8.4600E-04
  124   5.6600E-04
  125   5.5000E-04
  126   6.1300E-04
  127   9.3100E-04
  128   1.5430E-03
  129   2.8270E-03
  130   4.9590E-03
  131   8.7750E-03
  132   1.5227E-02
  133   2.3657E-02
  134   3.4203E-02
  135   4.6790E-02
  136   5.4835E-02
  137   5.8695E-02
  138   6.1307E-02
  139   5.6748E-02
  140   5.2085E-02
  141   5.0853E-02
  142   4.7514E-02
  143   4.4552E-02
  144   4.4076E-02
  145   4.2072E-02
  146   3.8586E-02
  147   3.5671E-02
  148   3.2146E-02
  149   2.7807E-02
  150   2.4977E-02
  151   2.3005E-02
  152   2.0158E-02
  153   1.8489E-02
  154   1.7664E-02
  155   1.7047E-02
  156   1.6158E-02
  157   1.6582E-02
  158   1.4225E-02
  159   1.2080E-02
  160   1.0124E-02
  161   8.0040E-03
  162   5.5890E-03
  163   3.7660E-03
  164   2.3470E-03
  165   1.3450E-03
  166   7.6000E-04
  167   4.4200E-04
  168   2.5800E-04
  169   9.0000E-05
  170   5.4000E-05
  171   2.3000E-05
  172   1.1000E-05
  173   7.0000E-06
  175   3.0000E-06
