   78   4.0000E-06
   79   1.2000E-05
   80   3.6000E-05
   81   7.8000E-05
   82   2.5300E-04
   83   4.8400E-04
   84   8.5200E-04
   85   1.7150E-03
   86   3.2000E-03
   87   4.4890E-03
   88   6.8060E-03
   89   8.5910E-03
   90   1.0090E-02
   91   1.1594E-02
   92   1.3451E-02
   93   1.3151E-02
   94   1.4022E-02
   95   1.5311E-02
   96   1.7041E-02
   97   1.9983E-02
   98   2.4786E-02
   99   2.7890E-02
  100   3.1851E-02
  101   3.7857E-02
  102   4.2795E-02
  103   4.5708E-02
  104   4.8592E-02
  105   5.1104E-02
  106   5.2334E-02
  107   5.4064E-02
  108   5.7258E-02
  109   6.0051E-02
  110   6.3413E-02
  111   6.4017E-02
  112   5.9683E-02
  113   4.9954E-02
  114   3.6452E-02
  115   2.4355E-02
  116   1.3775E-02
  117   7.1580E-03
  118   3.2220E-03
  119   1.5040E-03
  120   5.9200E-04
  121   2.4700E-04
  122   1.0200E-04
  123   3.7000E-05
  124   3.0000E-05
  125   3.7000E-05
  126   1.0200E-04
  127   2.4700E-04
  128   5.9200E-04
  129   1.5040E-03
  130   3.2220E-03
  131   7.1580E-03
  132   1.3775E-02
  133   2.4355E-02
  134   3.6452E-02
  135   4.9954E-02
  136   5.9683E-02
  137   6.4017E-02
  138   6.3413E-02
  139   6.0051E-02
  140   5.7258E-02
  141   5.4064E-02
  142   5.2334E-02
  143   5.1104E-02
  144   4.8592E-02
  145   4.5708E-02
  146   4.2795E-02
  147   3.7857E-02
  148   3.1851E-02
  149   2.7890E-02
  150   2.4786E-02
  151   1.9983E-02
  152   1.7041E-02
  153   1.5311E-02
  154   1.4022E-02
  155   1.3151E-02
  156   1.3451E-02
  157   1.1594E-02
  158   1.0090E-02
  159   8.5910E-03
  160   6.8060E-03
  161   4.4890E-03
  162   3.2000E-03
  163   1.7150E-03
  164   8.5200E-04
  165   4.8400E-04
  166   2.5300E-04
  167   7.8000E-05
  168   3.6000E-05
  169   1.2000E-05
  170   4.0000E-06
