   70   4.0000E-06
   72   1.0000E-05
   73   1.8000E-05
   74   2.4000E-05
   75   4.7000E-05
   76   5.5000E-05
   77   1.0200E-04
   78   1.9200E-04
   79   3.4600E-04
   80   6.5200E-04
   81   8.7100E-04
   82   1.3290E-03
   83   1.9690E-03
   84   3.0260E-03
   85   3.7990E-03
   86   5.2190E-03
   87   6.3110E-03
   88   7.6770E-03
   89   9.6760E-03
   90   1.2548E-02
   91   1.4034E-02
   92   1.6572E-02
   93   2.0259E-02
   94   2.3737E-02
   95   2.7054E-02
   96   3.1607E-02
   97   3.5086E-02
   98   3.8149E-02
   99   4.1837E-02
  100   4.5150E-02
  101   4.6745E-02
  102   4.8166E-02
  103   4.9695E-02
  104   5.0634E-02
  105   5.1965E-02
  106   5.2442E-02
  107   5.1756E-02
  108   4.9688E-02
  109   4.6287E-02
  110   4.0384E-02
  111   3.3946E-02
  112   2.7290E-02
  113   2.1507E-02
  114   1.6671E-02
  115   1.3639E-02
  116   1.1119E-02
  117   9.3790E-03
  118   8.5760E-03
  119   8.0550E-03
  120   7.5490E-03
  121   7.2980E-03
  122   7.3540E-03
  123   7.6070E-03
  124   8.1340E-03
  125   8.8910E-03
  126   9.8660E-03
  127   1.1997E-02
  128   1.4840E-02
  129   1.8794E-02
  130   2.4603E-02
  131   3.1213E-02
  132   3.8338E-02
  133   4.4443E-02
  134   4.9135E-02
  135   5.0995E-02
  136   5.2282E-02
  137   5.1938E-02
  138   5.1334E-02
  139   5.0046E-02
  140   4.8730E-02
  141   4.7697E-02
  142   4.6363E-02
  143   4.3364E-02
  144   4.0310E-02
  145   3.6393E-02
  146   3.3485E-02
  147   2.9201E-02
  148   2.5582E-02
  149   2.2046E-02
  150   1.8338E-02
  151   1.5427E-02
  152   1.3498E-02
  153   1.1183E-02
  154   8.8010E-03
  155   6.8970E-03
  156   5.8110E-03
  157   4.5090E-03
  158   3.3220E-03
  159   2.4220E-03
  160   1.5760E-03
  161   1.0890E-03
  162   7.3800E-04
  163   5.1800E-04
  164   2.7800E-04
  165   1.4300E-04
  166   9.0000E-05
  167   5.2000E-05
  168   4.3000E-05
  169   2.3000E-05
  170   1.6000E-05
  171   1.0000E-05
  173   4.0000E-06
