   71   4.0000E-06
   72   2.0000E-06
   73   6.0000E-06
   74   8.0000E-06
   75   1.3000E-05
   76   2.8000E-05
   77   3.2000E-05
   78   9.2000E-05
   79   1.5600E-04
   80   2.4200E-04
   81   4.0000E-04
   82   7.0200E-04
   83   1.0650E-03
   84   1.5510E-03
   85   2.3880E-03
   86   3.5130E-03
   87   4.3110E-03
   88   5.3270E-03
   89   6.9210E-03
   90   8.3080E-03
   91   9.5130E-03
   92   1.1792E-02
   93   1.2905E-02
   94   1.4643E-02
   95   1.7260E-02
   96   2.0615E-02
   97   2.3150E-02
   98   2.7112E-02
   99   2.9876E-02
  100   3.2945E-02
  101   3.6805E-02
  102   3.9993E-02
  103   4.1572E-02
  104   4.3214E-02
  105   4.5746E-02
  106   4.6637E-02
  107   4.8326E-02
  108   4.9967E-02
  109   5.0684E-02
  110   5.0463E-02
  111   4.7399E-02
  112   4.3426E-02
  113   3.7993E-02
  114   3.2183E-02
  115   2.6711E-02
  116   2.1747E-02
  117   1.8753E-02
  118   1.6408E-02
  119   1.4270E-02
  120   1.3204E-02
  121   1.2589E-02
  122   1.1850E-02
  123   1.1668E-02
  124   1.1813E-02
  125   1.2092E-02
  126   1.2572E-02
  127   1.3669E-02
  128   1.5197E-02
  129   1.7627E-02
  130   2.0855E-02
  131   2.5611E-02
  132   3.0992E-02
  133   3.7769E-02
  134   4.3262E-02
  135   4.7805E-02
  136   5.0659E-02
  137   5.1115E-02
  138   5.0434E-02
  139   4.9319E-02
  140   4.7614E-02
  141   4.6252E-02
  142   4.4397E-02
  143   4.3086E-02
  144   4.0854E-02
  145   3.8109E-02
  146   3.5050E-02
  147   3.1438E-02
  148   2.8035E-02
  149   2.5217E-02
  150   2.1751E-02
  151   1.8740E-02
  152   1.5894E-02
  153   1.4013E-02
  154   1.2255E-02
  155   1.0844E-02
  156   9.0530E-03
  157   7.4450E-03
  158   5.9800E-03
  159   4.7690E-03
  160   3.7270E-03
  161   2.6530E-03
  162   1.8330E-03
  163   1.2250E-03
  164   8.3100E-04
  165   5.7500E-04
  166   3.2900E-04
  167   1.8000E-04
  168   1.3100E-04
  169   8.3000E-05
  170   5.0000E-05
  171   1.7000E-05
  172   1.4000E-05
  173   7.0000E-06
  174   1.2000E-05
  175   2.0000E-06
  176   4.0000E-06
  177   2.0000E-06
