   71   4.0000E-06
   73   1.0000E-05
   74   2.6000E-05
   75   4.8000E-05
   76   1.0600E-04
   77   1.7400E-04
   78   2.8400E-04
   79   4.8700E-04
   80   8.7400E-04
   81   1.2230E-03
   82   1.7800E-03
   83   2.6060E-03
   84   3.9560E-03
   85   4.7240E-03
   86   6.1300E-03
   87   7.7610E-03
   88   9.8330E-03
   89   1.1869E-02
   90   1.5442E-02
   91   1.7645E-02
   92   2.0241E-02
   93   2.4421E-02
   94   2.9667E-02
   95   3.2743E-02
   96   3.7666E-02
   97   4.1339E-02
   98   4.4619E-02
   99   4.7469E-02
  100   5.1794E-02
  101   5.1508E-02
  102   5.2672E-02
  103   5.4691E-02
  104   5.5196E-02
  105   5.5075E-02
  106   5.5091E-02
  107   5.2460E-02
  108   4.7873E-02
  109   4.1115E-02
  110   3.2780E-02
  111   2.4582E-02
  112   1.7621E-02
  113   1.2149E-02
  114   8.6450E-03
  115   6.2730E-03
  116   4.7140E-03
  117   3.6280E-03
  118   3.2060E-03
  119   2.9710E-03
  120   2.8000E-03
  121   2.8000E-03
  122   2.9710E-03
  123   3.2060E-03
  124   3.6280E-03
  125   4.7140E-03
  126   6.2730E-03
  127   8.6450E-03
  128   1.2149E-02
  129   1.7621E-02
  130   2.4582E-02
  131   3.2780E-02
  132   4.1115E-02
  133   4.7873E-02
  134   5.2460E-02
  135   5.5091E-02
  136   5.5075E-02
  137   5.5196E-02
  138   5.4691E-02
  139   5.2672E-02
  140   5.1508E-02
  141   5.1794E-02
  142   4.7469E-02
  143   4.4619E-02
  144   4.1339E-02
  145   3.7666E-02
  146   3.2743E-02
  147   2.9667E-02
  148   2.4421E-02
  149   2.0241E-02
  150   1.7645E-02
  151   1.5442E-02
  152   1.1869E-02
  153   9.8330E-03
  154   7.7610E-03
  155   6.1300E-03
  156   4.7240E-03
  157   3.9560E-03
  158   2.6060E-03
  159   1.7800E-03
  160   1.2230E-03
  161   8.7400E-04
  162   4.8700E-04
  163   2.8400E-04
  164   1.7400E-04
  165   1.0600E-04
  166   4.8000E-05
  167   2.6000E-05
  168   1.0000E-05
  170   4.0000E-06
