   74   9.0000E-06
   75   1.0000E-05
   76   2.4000E-05
   77   4.9000E-05
   78   1.4700E-04
   79   2.6200E-04
   80   5.4300E-04
   81   9.1000E-04
   82   1.3640E-03
   83   2.3070E-03
   84   3.6750E-03
   85   4.7450E-03
   86   6.3390E-03
   87   7.7880E-03
   88   9.4490E-03
   89   1.1080E-02
   90   1.4247E-02
   91   1.5576E-02
   92   1.7886E-02
   93   2.1831E-02
   94   2.6164E-02
   95   3.0011E-02
   96   3.5519E-02
   97   3.9322E-02
   98   4.2622E-02
   99   4.7322E-02
  100   5.1233E-02
  101   5.2102E-02
  102   5.3816E-02
  103   5.6089E-02
  104   5.6676E-02
  105   5.8869E-02
  106   5.9765E-02
  107   5.8850E-02
  108   5.5083E-02
  109   4.7846E-02
  110   3.8086E-02
  111   2.7141E-02
  112   1.8007E-02
  113   1.1299E-02
  114   6.6510E-03
  115   3.8410E-03
  116   2.1860E-03
  117   1.2920E-03
  118   8.0800E-04
  119   5.4500E-04
  120   4.1200E-04
  121   3.7600E-04
  122   4.1200E-04
  123   5.4500E-04
  124   8.0800E-04
  125   1.2920E-03
  126   2.1860E-03
  127   3.8410E-03
  128   6.6510E-03
  129   1.1299E-02
  130   1.8007E-02
  131   2.7141E-02
  132   3.8086E-02
  133   4.7846E-02
  134   5.5083E-02
  135   5.8850E-02
  136   5.9765E-02
  137   5.8869E-02
  138   5.6676E-02
  139   5.6089E-02
  140   5.3816E-02
  141   5.2102E-02
  142   5.1233E-02
  143   4.7322E-02
  144   4.2622E-02
  145   3.9322E-02
  146   3.5519E-02
  147   3.0011E-02
  148   2.6164E-02
  149   2.1831E-02
  150   1.7886E-02
  151   1.5576E-02
  152   1.4247E-02
  153   1.1080E-02
  154   9.4490E-03
  155   7.7880E-03
  156   6.3390E-03
  157   4.7450E-03
  158   3.6750E-03
  159   2.3070E-03
  160   1.3640E-03
  161   9.1000E-04
  162   5.4300E-04
  163   2.6200E-04
  164   1.4700E-04
  165   4.9000E-05
  166   2.4000E-05
  167   1.0000E-05
  168   9.0000E-06
