   72   4.0000E-06
   73   4.0000E-06
   74   1.2000E-05
   75   2.4000E-05
   76   4.1000E-05
   77   6.1000E-05
   78   1.1600E-04
   79   1.9800E-04
   80   3.4900E-04
   81   5.4400E-04
   82   9.2800E-04
   83   1.4000E-03
   84   1.9580E-03
   85   2.8460E-03
   86   4.2220E-03
   87   5.1180E-03
   88   6.4230E-03
   89   7.9740E-03
   90   9.8240E-03
   91   1.1196E-02
   92   1.3817E-02
   93   1.5442E-02
   94   1.7413E-02
   95   2.0907E-02
   96   2.5325E-02
   97   2.7666E-02
   98   3.1820E-02
   99   3.5562E-02
  100   3.8573E-02
  101   4.2469E-02
  102   4.5748E-02
  103   4.7106E-02
  104   4.8774E-02
  105   5.0625E-02
  106   5.1737E-02
  107   5.3067E-02
  108   5.3744E-02
  109   5.3629E-02
  110   5.1214E-02
  111   4.7385E-02
  112   4.1213E-02
  113   3.3666E-02
  114   2.6795E-02
  115   2.0201E-02
  116   1.4511E-02
  117   1.0382E-02
  118   7.9060E-03
  119   5.8210E-03
  120   4.7430E-03
  121   4.1750E-03
  122   3.6600E-03
  123   3.5410E-03
  124   3.7480E-03
  125   4.2430E-03
  126   4.9330E-03
  127   6.3530E-03
  128   8.5750E-03
  129   1.1643E-02
  130   1.6653E-02
  131   2.3135E-02
  132   3.0340E-02
  133   3.7996E-02
  134   4.4887E-02
  135   4.9869E-02
  136   5.2732E-02
  137   5.3678E-02
  138   5.3124E-02
  139   5.2335E-02
  140   5.0992E-02
  141   4.9633E-02
  142   4.8182E-02
  143   4.6505E-02
  144   4.4462E-02
  145   4.0907E-02
  146   3.7334E-02
  147   3.3647E-02
  148   3.0234E-02
  149   2.6905E-02
  150   2.3192E-02
  151   1.9618E-02
  152   1.6802E-02
  153   1.4662E-02
  154   1.2828E-02
  155   1.0842E-02
  156   8.9340E-03
  157   7.2430E-03
  158   5.8280E-03
  159   4.5950E-03
  160   3.4380E-03
  161   2.3870E-03
  162   1.6130E-03
  163   1.1460E-03
  164   7.3800E-04
  165   4.7500E-04
  166   2.4500E-04
  167   1.7500E-04
  168   9.4000E-05
  169   5.7000E-05
  170   3.4000E-05
  171   2.0000E-05
  172   1.2000E-05
  173   4.0000E-06
  174   4.0000E-06
