   76   8.0000E-06
   77   9.0000E-06
   78   2.3000E-05
   79   6.0000E-05
   80   1.2200E-04
   81   2.3000E-04
   82   6.2600E-04
   83   1.0020E-03
   84   1.5720E-03
   85   2.7450E-03
   86   4.4890E-03
   87   5.7630E-03
   88   8.1570E-03
   89   9.8830E-03
   90   1.1541E-02
   91   1.3422E-02
   92   1.5982E-02
   93   1.5776E-02
   94   1.6894E-02
   95   1.8340E-02
   96   1.9646E-02
   97   2.1700E-02
   98   2.5354E-02
   99   2.7559E-02
  100   3.0126E-02
  101   3.4505E-02
  102   3.8133E-02
  103   4.0787E-02
  104   4.3454E-02
  105   4.5498E-02
  106   4.6775E-02
  107   4.8899E-02
  108   5.1755E-02
  109   5.4793E-02
  110   5.7643E-02
  111   5.8125E-02
  112   5.5689E-02
  113   5.0247E-02
  114   4.0746E-02
  115   3.0058E-02
  116   2.1098E-02
  117   1.3124E-02
  118   7.7330E-03
  119   4.4040E-03
  120   2.4610E-03
  121   1.4640E-03
  122   8.2900E-04
  123   5.0600E-04
  124   4.1600E-04
  125   5.0600E-04
  126   8.2900E-04
  127   1.4640E-03
  128   2.4610E-03
  129   4.4040E-03
  130   7.7330E-03
  131   1.3124E-02
  132   2.1098E-02
  133   3.0058E-02
  134   4.0746E-02
  135   5.0249E-02
  136   5.5689E-02
  137   5.8123E-02
  138   5.7643E-02
  139   5.4793E-02
  140   5.1757E-02
  141   4.8902E-02
  142   4.6770E-02
  143   4.5500E-02
  144   4.3452E-02
  145   4.0787E-02
  146   3.8133E-02
  147   3.4505E-02
  148   3.0126E-02
  149   2.7559E-02
  150   2.5354E-02
  151   2.1700E-02
  152   1.9646E-02
  153   1.8340E-02
  154   1.6894E-02
  155   1.5776E-02
  156   1.5982E-02
  157   1.3422E-02
  158   1.1541E-02
  159   9.8830E-03
  160   8.1570E-03
  161   5.7630E-03
  162   4.4890E-03
  163   2.7450E-03
  164   1.5720E-03
  165   1.0020E-03
  166   6.2600E-04
  167   2.3000E-04
  168   1.2200E-04
  169   6.0000E-05
  170   2.3000E-05
  171   9.0000E-06
  172   8.0000E-06
