   67   2.0000E-06
   69   2.0000E-06
   70   1.0000E-05
   71   9.0000E-06
   72   2.1000E-05
   73   4.7000E-05
   74   6.8000E-05
   75   8.4000E-05
   76   1.6100E-04
   77   2.4300E-04
   78   3.0700E-04
   79   4.8600E-04
   80   8.1600E-04
   81   1.0400E-03
   82   1.5430E-03
   83   2.1340E-03
   84   3.0730E-03
   85   3.7710E-03
   86   4.8580E-03
   87   6.1880E-03
   88   7.6620E-03
   89   9.3230E-03
   90   1.1809E-02
   91   1.3674E-02
   92   1.6036E-02
   93   1.9185E-02
   94   2.2705E-02
   95   2.5171E-02
   96   2.8794E-02
   97   3.1351E-02
   98   3.3821E-02
   99   3.6640E-02
  100   3.8965E-02
  101   4.0333E-02
  102   4.1747E-02
  103   4.3190E-02
  104   4.4109E-02
  105   4.5274E-02
  106   4.5248E-02
  107   4.4328E-02
  108   4.1685E-02
  109   3.8869E-02
  110   3.5294E-02
  111   3.1938E-02
  112   2.8993E-02
  113   2.6601E-02
  114   2.5048E-02
  115   2.4265E-02
  116   2.3644E-02
  117   2.3370E-02
  118   2.3036E-02
  119   2.3344E-02
  120   2.3098E-02
  121   2.2929E-02
  122   2.3451E-02
  123   2.3312E-02
  124   2.3694E-02
  125   2.4037E-02
  126   2.4906E-02
  127   2.6033E-02
  128   2.8025E-02
  129   3.0807E-02
  130   3.4307E-02
  131   3.8115E-02
  132   4.1504E-02
  133   4.4011E-02
  134   4.6000E-02
  135   4.6372E-02
  136   4.5746E-02
  137   4.4692E-02
  138   4.3261E-02
  139   4.2528E-02
  140   4.0593E-02
  141   3.8552E-02
  142   3.6562E-02
  143   3.3646E-02
  144   3.0873E-02
  145   2.7738E-02
  146   2.4977E-02
  147   2.1672E-02
  148   1.8062E-02
  149   1.5557E-02
  150   1.3339E-02
  151   1.1217E-02
  152   9.0100E-03
  153   7.3040E-03
  154   5.7440E-03
  155   4.6130E-03
  156   3.7190E-03
  157   2.8110E-03
  158   1.9210E-03
  159   1.4920E-03
  160   1.0120E-03
  161   7.1200E-04
  162   5.0500E-04
  163   3.1400E-04
  164   2.1200E-04
  165   1.6600E-04
  166   1.0600E-04
  167   5.6000E-05
  168   5.8000E-05
  169   2.9000E-05
  170   1.4000E-05
  171   7.0000E-06
  172   8.0000E-06
  173   2.0000E-06
  175   2.0000E-06
