   76   6.0000E-06
   77   2.0000E-05
   78   5.9000E-05
   79   1.3200E-04
   80   2.2500E-04
   81   3.7800E-04
   82   7.7800E-04
   83   1.2250E-03
   84   1.7630E-03
   85   2.8140E-03
   86   4.4540E-03
   87   5.4020E-03
   88   6.8760E-03
   89   8.6390E-03
   90   1.0146E-02
   91   1.1405E-02
   92   1.4571E-02
   93   1.4922E-02
   94   1.6446E-02
   95   1.9171E-02
   96   2.2171E-02
   97   2.4180E-02
   98   2.8644E-02
   99   3.1651E-02
  100   3.4506E-02
  101   3.8538E-02
  102   4.3087E-02
  103   4.4746E-02
  104   4.6947E-02
  105   4.9042E-02
  106   4.9635E-02
  107   5.1138E-02
  108   5.4586E-02
  109   5.5470E-02
  110   5.5798E-02
  111   5.5123E-02
  112   5.0385E-02
  113   4.2658E-02
  114   3.3731E-02
  115   2.4419E-02
  116   1.6514E-02
  117   1.0586E-02
  118   6.5090E-03
  119   3.9620E-03
  120   2.5700E-03
  121   1.7280E-03
  122   1.1940E-03
  123   1.0130E-03
  124   1.0130E-03
  125   1.1940E-03
  126   1.7280E-03
  127   2.5700E-03
  128   3.9620E-03
  129   6.5090E-03
  130   1.0586E-02
  131   1.6514E-02
  132   2.4419E-02
  133   3.3731E-02
  134   4.2661E-02
  135   5.0382E-02
  136   5.5123E-02
  137   5.5802E-02
  138   5.5468E-02
  139   5.4587E-02
  140   5.1135E-02
  141   4.9637E-02
  142   4.9040E-02
  143   4.6947E-02
  144   4.4750E-02
  145   4.3086E-02
  146   3.8535E-02
  147   3.4506E-02
  148   3.1651E-02
  149   2.8646E-02
  150   2.4178E-02
  151   2.2171E-02
  152   1.9171E-02
  153   1.6446E-02
  154   1.4922E-02
  155   1.4571E-02
  156   1.1405E-02
  157   1.0146E-02
  158   8.6390E-03
  159   6.8760E-03
  160   5.4020E-03
  161   4.4540E-03
  162   2.8140E-03
  163   1.7630E-03
  164   1.2250E-03
  165   7.7800E-04
  166   3.7800E-04
  167   2.2500E-04
  168   1.3200E-04
  169   5.9000E-05
  170   2.0000E-05
  171   6.0000E-06
