   74   2.0000E-06
   75   6.0000E-06
   76   1.4000E-05
   77   3.1000E-05
   78   6.6000E-05
   79   1.3000E-04
   80   2.0200E-04
   81   3.6400E-04
   82   7.0100E-04
   83   1.0270E-03
   84   1.6020E-03
   85   2.4380E-03
   86   3.8160E-03
   87   4.5180E-03
   88   6.2110E-03
   89   7.6400E-03
   90   8.9660E-03
   91   1.0424E-02
   92   1.2878E-02
   93   1.4006E-02
   94   1.5372E-02
   95   1.7919E-02
   96   2.0679E-02
   97   2.3137E-02
   98   2.7566E-02
   99   3.0263E-02
  100   3.3014E-02
  101   3.7306E-02
  102   4.1354E-02
  103   4.3056E-02
  104   4.5901E-02
  105   4.7937E-02
  106   4.8920E-02
  107   5.0651E-02
  108   5.2697E-02
  109   5.3488E-02
  110   5.4016E-02
  111   5.3467E-02
  112   4.9876E-02
  113   4.3931E-02
  114   3.6206E-02
  115   2.8259E-02
  116   2.0846E-02
  117   1.4982E-02
  118   1.0475E-02
  119   7.3220E-03
  120   5.3760E-03
  121   4.0320E-03
  122   3.1440E-03
  123   2.6420E-03
  124   2.4350E-03
  125   2.7750E-03
  126   3.3680E-03
  127   4.3320E-03
  128   5.9160E-03
  129   8.4300E-03
  130   1.2260E-02
  131   1.7795E-02
  132   2.4729E-02
  133   3.2953E-02
  134   4.0975E-02
  135   4.8127E-02
  136   5.2736E-02
  137   5.3606E-02
  138   5.3660E-02
  139   5.2960E-02
  140   5.0916E-02
  141   4.9475E-02
  142   4.8503E-02
  143   4.6465E-02
  144   4.4881E-02
  145   4.2456E-02
  146   3.9391E-02
  147   3.5020E-02
  148   3.1718E-02
  149   2.8930E-02
  150   2.5481E-02
  151   2.2108E-02
  152   1.9389E-02
  153   1.6921E-02
  154   1.4914E-02
  155   1.3772E-02
  156   1.1647E-02
  157   9.7680E-03
  158   8.2920E-03
  159   6.6590E-03
  160   5.1610E-03
  161   4.1550E-03
  162   2.8830E-03
  163   1.8690E-03
  164   1.2960E-03
  165   7.9500E-04
  166   5.0300E-04
  167   2.8700E-04
  168   1.5400E-04
  169   1.0100E-04
  170   5.8000E-05
  171   2.0000E-05
  172   1.1000E-05
  173   6.0000E-06
  174   2.0000E-06
