   69   7.0000E-06
   70   2.0000E-06
   71   4.0000E-06
   72   1.4000E-05
   73   2.0000E-05
   74   4.1000E-05
   75   5.4000E-05
   76   9.0000E-05
   77   1.3100E-04
   78   2.3700E-04
   79   3.2400E-04
   80   5.6300E-04
   81   8.5400E-04
   82   1.1780E-03
   83   1.7520E-03
   84   2.4680E-03
   85   3.1190E-03
   86   4.3260E-03
   87   5.3710E-03
   88   6.4730E-03
   89   8.1090E-03
   90   1.0439E-02
   91   1.1813E-02
   92   1.4219E-02
   93   1.6786E-02
   94   1.9487E-02
   95   2.2794E-02
   96   2.7072E-02
   97   2.9505E-02
   98   3.2100E-02
   99   3.6020E-02
  100   3.8684E-02
  101   4.0468E-02
  102   4.2102E-02
  103   4.3906E-02
  104   4.4641E-02
  105   4.6214E-02
  106   4.7317E-02
  107   4.7243E-02
  108   4.6187E-02
  109   4.3690E-02
  110   4.0221E-02
  111   3.5903E-02
  112   3.1427E-02
  113   2.7737E-02
  114   2.4577E-02
  115   2.2384E-02
  116   2.0762E-02
  117   1.9735E-02
  118   1.9537E-02
  119   1.9123E-02
  120   1.8783E-02
  121   1.8576E-02
  122   1.8608E-02
  123   1.8971E-02
  124   1.9244E-02
  125   1.9723E-02
  126   2.0233E-02
  127   2.1691E-02
  128   2.3538E-02
  129   2.6395E-02
  130   2.9945E-02
  131   3.4789E-02
  132   3.9202E-02
  133   4.3041E-02
  134   4.6364E-02
  135   4.7751E-02
  136   4.7835E-02
  137   4.7544E-02
  138   4.6346E-02
  139   4.4949E-02
  140   4.3559E-02
  141   4.2296E-02
  142   4.0623E-02
  143   3.7770E-02
  144   3.5034E-02
  145   3.1612E-02
  146   2.8860E-02
  147   2.5506E-02
  148   2.1891E-02
  149   1.8588E-02
  150   1.5680E-02
  151   1.3725E-02
  152   1.1460E-02
  153   9.5750E-03
  154   7.6950E-03
  155   6.1820E-03
  156   4.9960E-03
  157   3.9340E-03
  158   3.0240E-03
  159   2.0850E-03
  160   1.5770E-03
  161   1.1290E-03
  162   7.5300E-04
  163   4.9000E-04
  164   3.4000E-04
  165   1.9800E-04
  166   1.2700E-04
  167   9.0000E-05
  168   7.6000E-05
  169   3.2000E-05
  170   3.0000E-05
  171   1.8000E-05
  172   8.0000E-06
  173   4.0000E-06
  175   7.0000E-06
