   54   3.0000E-06
   55   6.0000E-06
   56   1.1000E-05
   57   1.8000E-05
   58   2.1000E-05
   59   3.0000E-05
   60   5.6000E-05
   61   6.7000E-05
   62   9.5000E-05
   63   1.2300E-04
   64   1.8000E-04
   65   2.1000E-04
   66   3.0800E-04
   67   4.1300E-04
   68   5.7300E-04
   69   6.8700E-04
   70   1.0270E-03
   71   1.2550E-03
   72   1.7560E-03
   73   2.2410E-03
   74   3.2060E-03
   75   3.7910E-03
   76   5.2210E-03
   77   6.5740E-03
   78   8.5620E-03
   79   1.0857E-02
   80   1.4437E-02
   81   1.6840E-02
   82   2.0458E-02
   83   2.4980E-02
   84   3.0711E-02
   85   3.3758E-02
   86   3.8201E-02
   87   4.2505E-02
   88   4.6313E-02
   89   4.8457E-02
   90   5.2005E-02
   91   5.4941E-02
   92   5.6611E-02
   93   5.8806E-02
   94   6.2208E-02
   95   6.4286E-02
   96   6.5418E-02
   97   6.7490E-02
   98   6.9208E-02
   99   6.8185E-02
  100   6.8125E-02
  101   6.9150E-02
  102   6.8105E-02
  103   6.5731E-02
  104   6.5509E-02
  105   6.2917E-02
  106   6.0788E-02
  107   5.7941E-02
  108   5.6471E-02
  109   5.3735E-02
  110   5.0694E-02
  111   4.8073E-02
  112   4.4390E-02
  113   3.9908E-02
  114   3.6044E-02
  115   3.1788E-02
  116   2.6900E-02
  117   2.2020E-02
  118   1.8307E-02
  119   1.5381E-02
  120   1.2290E-02
  121   9.6210E-03
  122   7.4930E-03
  123   5.8420E-03
  124   4.6930E-03
  125   3.5510E-03
  126   2.8610E-03
  127   2.0590E-03
  128   1.6620E-03
  129   1.1970E-03
  130   9.5200E-04
  131   6.6200E-04
  132   5.4800E-04
  133   3.9400E-04
  134   2.9200E-04
  135   1.9800E-04
  136   1.6500E-04
  137   1.1700E-04
  138   8.6000E-05
  139   6.3000E-05
  140   4.5000E-05
  141   3.0000E-05
  142   2.1000E-05
  143   1.2000E-05
  144   1.1000E-05
  145   6.0000E-06
  146   3.0000E-06
