   56   2.0000E-06
   57   8.0000E-06
   58   2.2000E-05
   59   2.9000E-05
   60   3.9000E-05
   61   4.2000E-05
   62   6.7000E-05
   63   7.9000E-05
   64   1.2000E-04
   65   1.0300E-04
   66   1.1800E-04
   67   1.2600E-04
   68   2.0300E-04
   69   1.8800E-04
   70   2.5700E-04
   71   3.6000E-04
   72   5.0400E-04
   73   7.5800E-04
   74   1.2080E-03
   75   1.8430E-03
   76   2.6960E-03
   77   4.4470E-03
   78   6.8010E-03
   79   9.7180E-03
   80   1.4035E-02
   81   1.8551E-02
   82   2.3918E-02
   83   3.0270E-02
   84   3.7582E-02
   85   4.2070E-02
   86   4.6816E-02
   87   5.0697E-02
   88   5.3662E-02
   89   5.5078E-02
   90   5.6194E-02
   91   5.7996E-02
   92   5.8186E-02
   93   6.0587E-02
   94   6.2075E-02
   95   6.4405E-02
   96   6.6602E-02
   97   6.7882E-02
   98   6.9044E-02
   99   6.9229E-02
  100   6.9031E-02
  101   6.7878E-02
  102   6.6608E-02
  103   6.4419E-02
  104   6.2059E-02
  105   6.0584E-02
  106   5.8187E-02
  107   5.8005E-02
  108   5.6209E-02
  109   5.5085E-02
  110   5.3648E-02
  111   5.0701E-02
  112   4.6816E-02
  113   4.2062E-02
  114   3.7556E-02
  115   3.0265E-02
  116   2.3910E-02
  117   1.8551E-02
  118   1.4031E-02
  119   9.7100E-03
  120   6.8010E-03
  121   4.4470E-03
  122   2.6960E-03
  123   1.8430E-03
  124   1.2080E-03
  125   7.5800E-04
  126   5.0400E-04
  127   3.6000E-04
  128   2.5700E-04
  129   1.8800E-04
  130   2.0300E-04
  131   1.2600E-04
  132   1.1800E-04
  133   1.0300E-04
  134   1.2000E-04
  135   7.9000E-05
  136   6.7000E-05
  137   4.2000E-05
  138   3.9000E-05
  139   2.9000E-05
  140   2.2000E-05
  141   8.0000E-06
  142   2.0000E-06
