   55   5.0000E-06
   56   7.0000E-06
   57   1.7000E-05
   58   2.4000E-05
   59   2.1000E-05
   60   4.9000E-05
   61   6.3000E-05
   62   9.5000E-05
   63   1.2300E-04
   64   2.0800E-04
   65   2.4000E-04
   66   2.9200E-04
   67   4.3400E-04
   68   5.8600E-04
   69   7.9700E-04
   70   1.0550E-03
   71   1.4070E-03
   72   1.8850E-03
   73   2.5620E-03
   74   3.5910E-03
   75   4.4890E-03
   76   5.8310E-03
   77   7.7280E-03
   78   1.0360E-02
   79   1.2597E-02
   80   1.6097E-02
   81   2.0264E-02
   82   2.4098E-02
   83   2.8140E-02
   84   3.4354E-02
   85   3.7529E-02
   86   4.0996E-02
   87   4.5074E-02
   88   4.8961E-02
   89   5.0836E-02
   90   5.3610E-02
   91   5.6859E-02
   92   6.0296E-02
   93   6.0993E-02
   94   6.4552E-02
   95   6.7602E-02
   96   6.8554E-02
   97   6.8437E-02
   98   7.2037E-02
   99   7.1264E-02
  100   6.9562E-02
  101   6.8913E-02
  102   6.9353E-02
  103   6.5231E-02
  104   6.3561E-02
  105   6.1687E-02
  106   5.9695E-02
  107   5.5671E-02
  108   5.4030E-02
  109   5.1315E-02
  110   4.8016E-02
  111   4.3827E-02
  112   4.0884E-02
  113   3.6591E-02
  114   3.1441E-02
  115   2.6798E-02
  116   2.2790E-02
  117   1.8676E-02
  118   1.4827E-02
  119   1.2009E-02
  120   9.5400E-03
  121   7.3100E-03
  122   5.5860E-03
  123   4.3610E-03
  124   3.4650E-03
  125   2.5270E-03
  126   1.8410E-03
  127   1.3770E-03
  128   1.0560E-03
  129   7.9000E-04
  130   5.8400E-04
  131   4.2300E-04
  132   3.0600E-04
  133   2.2700E-04
  134   2.0500E-04
  135   1.3000E-04
  136   8.1000E-05
  137   6.6000E-05
  138   4.5000E-05
  139   2.2000E-05
  140   1.9000E-05
  141   1.7000E-05
  142   7.0000E-06
  143   5.0000E-06
