   57   2.0000E-06
   58   6.0000E-06
   59   1.0000E-05
   60   2.2000E-05
   61   3.3000E-05
   62   5.8000E-05
   63   8.9000E-05
   64   1.3000E-04
   65   1.3800E-04
   66   1.8400E-04
   67   1.9900E-04
   68   2.5400E-04
   69   2.5800E-04
   70   4.0200E-04
   71   4.6800E-04
   72   5.8800E-04
   73   7.5700E-04
   74   9.9900E-04
   75   1.3050E-03
   76   1.9800E-03
   77   2.5590E-03
   78   3.4920E-03
   79   5.0860E-03
   80   7.3580E-03
   81   9.2170E-03
   82   1.3301E-02
   83   1.6977E-02
   84   2.1793E-02
   85   2.7389E-02
   86   3.5666E-02
   87   3.9441E-02
   88   4.5152E-02
   89   4.9981E-02
   90   5.4200E-02
   91   5.5210E-02
   92   5.6997E-02
   93   5.8099E-02
   94   5.8812E-02
   95   5.9041E-02
   96   6.0817E-02
   97   6.1604E-02
   98   6.3243E-02
   99   6.3572E-02
  100   6.5433E-02
  101   6.4666E-02
  102   6.4522E-02
  103   6.4139E-02
  104   6.3484E-02
  105   6.2429E-02
  106   6.1366E-02
  107   6.0349E-02
  108   6.0191E-02
  109   5.9497E-02
  110   5.9337E-02
  111   5.7657E-02
  112   5.6453E-02
  113   5.3056E-02
  114   4.9054E-02
  115   4.3135E-02
  116   3.8554E-02
  117   3.1883E-02
  118   2.5351E-02
  119   2.0061E-02
  120   1.5965E-02
  121   1.1957E-02
  122   8.8220E-03
  123   6.9420E-03
  124   4.9090E-03
  125   3.4090E-03
  126   2.5420E-03
  127   1.9690E-03
  128   1.3080E-03
  129   1.0030E-03
  130   7.6900E-04
  131   6.0300E-04
  132   4.5300E-04
  133   3.8000E-04
  134   2.7700E-04
  135   2.5100E-04
  136   1.9500E-04
  137   1.7400E-04
  138   1.3900E-04
  139   1.1800E-04
  140   7.7000E-05
  141   4.6000E-05
  142   2.4000E-05
  143   1.8000E-05
  144   6.0000E-06
  145   6.0000E-06
  146   2.0000E-06
