   59   2.0000E-06
   60   9.0000E-06
   61   1.3000E-05
   62   2.5000E-05
   63   2.9000E-05
   64   4.8000E-05
   65   4.9000E-05
   66   4.8000E-05
   67   5.9000E-05
   68   6.6000E-05
   69   5.2000E-05
   70   6.2000E-05
   71   7.1000E-05
   72   6.9000E-05
   73   6.3000E-05
   74   7.3000E-05
   75   7.3000E-05
   76   1.5500E-04
   77   3.3300E-04
   78   6.9500E-04
   79   1.5960E-03
   80   3.2070E-03
   81   6.1160E-03
   82   1.0682E-02
   83   1.7657E-02
   84   2.6753E-02
   85   3.8269E-02
   86   4.9864E-02
   87   6.1082E-02
   88   7.0623E-02
   89   7.4301E-02
   90   7.3555E-02
   91   6.9094E-02
   92   6.1134E-02
   93   5.3544E-02
   94   4.6394E-02
   95   4.2530E-02
   96   4.3039E-02
   97   4.6298E-02
   98   5.1740E-02
   99   5.7411E-02
  100   6.1784E-02
  101   6.2632E-02
  102   6.1784E-02
  103   5.7411E-02
  104   5.1740E-02
  105   4.6298E-02
  106   4.3039E-02
  107   4.2530E-02
  108   4.6394E-02
  109   5.3544E-02
  110   6.1134E-02
  111   6.9094E-02
  112   7.3555E-02
  113   7.4301E-02
  114   7.0623E-02
  115   6.1082E-02
  116   4.9864E-02
  117   3.8269E-02
  118   2.6753E-02
  119   1.7657E-02
  120   1.0682E-02
  121   6.1160E-03
  122   3.2070E-03
  123   1.5960E-03
  124   6.9500E-04
  125   3.3300E-04
  126   1.5500E-04
  127   7.3000E-05
  128   7.3000E-05
  129   6.3000E-05
  130   6.9000E-05
  131   7.1000E-05
  132   6.2000E-05
  133   5.2000E-05
  134   6.6000E-05
  135   5.9000E-05
  136   4.8000E-05
  137   4.9000E-05
  138   4.8000E-05
  139   2.9000E-05
  140   2.5000E-05
  141   1.3000E-05
  142   9.0000E-06
  143   2.0000E-06
