   60   4.0000E-06
   61   4.0000E-06
   62   2.4000E-05
   63   4.8000E-05
   64   3.9000E-05
   65   8.6000E-05
   66   1.5800E-04
   67   1.2500E-04
   68   1.5600E-04
   69   2.9900E-04
   70   2.2600E-04
   71   1.8700E-04
   72   3.0300E-04
   73   3.3900E-04
   74   1.7500E-04
   75   2.9300E-04
   76   3.0600E-04
   77   1.7800E-04
   78   2.2900E-04
   79   3.7700E-04
   80   3.2700E-04
   81   9.3900E-04
   82   1.8620E-03
   83   2.0520E-03
   84   6.1020E-03
   85   1.3216E-02
   86   1.2578E-02
   87   2.2761E-02
   88   5.0285E-02
   89   4.5694E-02
   90   4.6501E-02
   91   9.5970E-02
   92   8.9779E-02
   93   5.7128E-02
   94   9.4075E-02
   95   9.5310E-02
   96   4.9293E-02
   97   5.2015E-02
   98   6.2744E-02
   99   4.3524E-02
  100   2.9538E-02
  101   4.1828E-02
  102   5.0792E-02
  103   3.2109E-02
  104   3.2109E-02
  105   5.0792E-02
  106   4.1828E-02
  107   2.9538E-02
  108   4.3524E-02
  109   6.2744E-02
  110   5.2015E-02
  111   4.9293E-02
  112   9.5310E-02
  113   9.4075E-02
  114   5.7128E-02
  115   8.9779E-02
  116   9.5970E-02
  117   4.6501E-02
  118   4.5694E-02
  119   5.0285E-02
  120   2.2761E-02
  121   1.2578E-02
  122   1.3216E-02
  123   6.1020E-03
  124   2.0520E-03
  125   1.8620E-03
  126   9.3900E-04
  127   3.2700E-04
  128   3.7700E-04
  129   2.2900E-04
  130   1.7800E-04
  131   3.0600E-04
  132   2.9300E-04
  133   1.7500E-04
  134   3.3900E-04
  135   3.0300E-04
  136   1.8700E-04
  137   2.2600E-04
  138   2.9900E-04
  139   1.5600E-04
  140   1.2500E-04
  141   1.5800E-04
  142   8.6000E-05
  143   3.9000E-05
  144   4.8000E-05
  145   2.4000E-05
  146   4.0000E-06
  147   4.0000E-06
