   59   3.0000E-06
   61   5.0000E-06
   62   2.2000E-05
   63   4.4000E-05
   64   8.5000E-05
   65   1.5300E-04
   66   2.2500E-04
   67   2.9900E-04
   68   4.0200E-04
   69   4.6200E-04
   70   5.6000E-04
   71   5.7800E-04
   72   5.9700E-04
   73   6.1700E-04
   74   6.2000E-04
   75   5.9100E-04
   76   5.5500E-04
   77   5.9100E-04
   78   5.3500E-04
   79   5.6000E-04
   80   6.2900E-04
   81   5.4400E-04
   82   1.2080E-03
   83   1.0980E-03
   84   5.9270E-03
   85   4.5120E-03
   86   1.1625E-02
   87   1.1122E-02
   88   4.5422E-02
   89   2.5085E-02
   90   6.7409E-02
   91   4.3650E-02
   92   9.3327E-02
   93   5.0322E-02
   94   1.3293E-01
   95   5.2295E-02
   96   7.5349E-02
   97   4.5629E-02
   98   8.2111E-02
   99   3.7129E-02
  100   5.1064E-02
  101   3.9987E-02
  102   4.6415E-02
  103   4.5311E-02
  104   4.4774E-02
  105   4.5311E-02
  106   4.6415E-02
  107   3.9987E-02
  108   5.1064E-02
  109   3.7129E-02
  110   8.2111E-02
  111   4.5629E-02
  112   7.5349E-02
  113   5.2295E-02
  114   1.3293E-01
  115   5.0322E-02
  116   9.3327E-02
  117   4.3650E-02
  118   6.7409E-02
  119   2.5085E-02
  120   4.5422E-02
  121   1.1122E-02
  122   1.1625E-02
  123   4.5120E-03
  124   5.9270E-03
  125   1.0980E-03
  126   1.2080E-03
  127   5.4400E-04
  128   6.2900E-04
  129   5.6000E-04
  130   5.3500E-04
  131   5.9100E-04
  132   5.5500E-04
  133   5.9100E-04
  134   6.2000E-04
  135   6.1700E-04
  136   5.9700E-04
  137   5.7800E-04
  138   5.6000E-04
  139   4.6200E-04
  140   4.0200E-04
  141   2.9900E-04
  142   2.2500E-04
  143   1.5300E-04
  144   8.5000E-05
  145   4.4000E-05
  146   2.2000E-05
  147   5.0000E-06
  149   3.0000E-06
