   60   2.0000E-06
   61   6.0000E-06
   62   1.1000E-05
   63   1.9000E-05
   64   4.9000E-05
   65   9.3000E-05
   66   1.3000E-04
   67   1.7600E-04
   68   1.9900E-04
   69   2.6600E-04
   70   3.0100E-04
   71   3.1100E-04
   72   3.3400E-04
   73   3.3600E-04
   74   3.8600E-04
   75   3.3100E-04
   76   3.4100E-04
   77   3.3300E-04
   78   2.9000E-04
   79   3.3000E-04
   80   3.7800E-04
   81   5.5500E-04
   82   9.2300E-04
   83   1.8370E-03
   84   3.6790E-03
   85   6.7630E-03
   86   1.1746E-02
   87   1.8949E-02
   88   2.9262E-02
   89   4.1780E-02
   90   5.5703E-02
   91   6.9111E-02
   92   7.9624E-02
   93   8.6234E-02
   94   8.7817E-02
   95   8.3724E-02
   96   7.5945E-02
   97   6.5040E-02
   98   5.5349E-02
   99   4.6963E-02
  100   4.1871E-02
  101   3.9230E-02
  102   3.7830E-02
  103   3.7299E-02
  104   3.6266E-02
  105   3.7299E-02
  106   3.7830E-02
  107   3.9230E-02
  108   4.1871E-02
  109   4.6963E-02
  110   5.5349E-02
  111   6.5040E-02
  112   7.5945E-02
  113   8.3724E-02
  114   8.7817E-02
  115   8.6234E-02
  116   7.9624E-02
  117   6.9111E-02
  118   5.5703E-02
  119   4.1780E-02
  120   2.9262E-02
  121   1.8949E-02
  122   1.1746E-02
  123   6.7630E-03
  124   3.6790E-03
  125   1.8370E-03
  126   9.2300E-04
  127   5.5500E-04
  128   3.7800E-04
  129   3.3000E-04
  130   2.9000E-04
  131   3.3300E-04
  132   3.4100E-04
  133   3.3100E-04
  134   3.8600E-04
  135   3.3600E-04
  136   3.3400E-04
  137   3.1100E-04
  138   3.0100E-04
  139   2.6600E-04
  140   1.9900E-04
  141   1.7600E-04
  142   1.3000E-04
  143   9.3000E-05
  144   4.9000E-05
  145   1.9000E-05
  146   1.1000E-05
  147   6.0000E-06
  148   2.0000E-06
