   58   2.0000E-06
   59   3.0000E-06
   60   1.0000E-05
   61   1.2000E-05
   62   1.4000E-05
   63   4.2000E-05
   64   5.6000E-05
   65   3.3000E-05
   66   8.9000E-05
   67   9.5000E-05
   68   7.0000E-05
   69   7.3000E-05
   70   1.1900E-04
   71   7.3000E-05
   72   7.1000E-05
   73   8.7000E-05
   74   9.1000E-05
   75   6.0000E-05
   76   1.3700E-04
   77   1.9400E-04
   78   3.6300E-04
   79   1.4540E-03
   80   2.3210E-03
   81   2.9940E-03
   82   9.6760E-03
   83   1.6159E-02
   84   1.4320E-02
   85   3.1776E-02
   86   5.7364E-02
   87   4.4288E-02
   88   5.4031E-02
   89   9.7996E-02
   90   7.6175E-02
   91   5.1910E-02
   92   8.2283E-02
   93   7.3206E-02
   94   3.9285E-02
   95   4.2357E-02
   96   5.3835E-02
   97   4.6294E-02
   98   3.2818E-02
   99   5.1207E-02
  100   7.0968E-02
  101   4.5565E-02
  102   4.5565E-02
  103   7.0968E-02
  104   5.1207E-02
  105   3.2818E-02
  106   4.6294E-02
  107   5.3835E-02
  108   4.2357E-02
  109   3.9285E-02
  110   7.3206E-02
  111   8.2283E-02
  112   5.1910E-02
  113   7.6175E-02
  114   9.7996E-02
  115   5.4031E-02
  116   4.4288E-02
  117   5.7364E-02
  118   3.1776E-02
  119   1.4320E-02
  120   1.6159E-02
  121   9.6760E-03
  122   2.9940E-03
  123   2.3210E-03
  124   1.4540E-03
  125   3.6300E-04
  126   1.9400E-04
  127   1.3700E-04
  128   6.0000E-05
  129   9.1000E-05
  130   8.7000E-05
  131   7.1000E-05
  132   7.3000E-05
  133   1.1900E-04
  134   7.3000E-05
  135   7.0000E-05
  136   9.5000E-05
  137   8.9000E-05
  138   3.3000E-05
  139   5.6000E-05
  140   4.2000E-05
  141   1.4000E-05
  142   1.2000E-05
  143   1.0000E-05
  144   3.0000E-06
  145   2.0000E-06
