   62   1.1000E-05
   63   3.1000E-05
   64   5.5000E-05
   65   9.5000E-05
   66   1.2700E-04
   67   1.8600E-04
   68   2.0700E-04
   69   2.6700E-04
   70   3.0000E-04
   71   3.3500E-04
   72   3.2000E-04
   73   3.3400E-04
   74   3.3600E-04
   75   3.3000E-04
   76   3.1600E-04
   77   3.2500E-04
   78   2.9900E-04
   79   3.4000E-04
   80   4.0000E-04
   81   5.3400E-04
   82   9.4200E-04
   83   1.8100E-03
   84   3.6910E-03
   85   6.7780E-03
   86   1.1793E-02
   87   1.9210E-02
   88   2.8990E-02
   89   4.1616E-02
   90   5.4953E-02
   91   6.9337E-02
   92   7.9404E-02
   93   8.7086E-02
   94   8.7731E-02
   95   8.3599E-02
   96   7.6205E-02
   97   6.5524E-02
   98   5.5394E-02
   99   4.6989E-02
  100   4.1901E-02
  101   3.8888E-02
  102   3.7607E-02
  103   3.7090E-02
  104   3.6592E-02
  105   3.7090E-02
  106   3.7607E-02
  107   3.8888E-02
  108   4.1901E-02
  109   4.6989E-02
  110   5.5394E-02
  111   6.5524E-02
  112   7.6205E-02
  113   8.3599E-02
  114   8.7731E-02
  115   8.7086E-02
  116   7.9404E-02
  117   6.9337E-02
  118   5.4953E-02
  119   4.1616E-02
  120   2.8990E-02
  121   1.9210E-02
  122   1.1793E-02
  123   6.7780E-03
  124   3.6910E-03
  125   1.8100E-03
  126   9.4200E-04
  127   5.3400E-04
  128   4.0000E-04
  129   3.4000E-04
  130   2.9900E-04
  131   3.2500E-04
  132   3.1600E-04
  133   3.3000E-04
  134   3.3600E-04
  135   3.3400E-04
  136   3.2000E-04
  137   3.3500E-04
  138   3.0000E-04
  139   2.6700E-04
  140   2.0700E-04
  141   1.8600E-04
  142   1.2700E-04
  143   9.5000E-05
  144   5.5000E-05
  145   3.1000E-05
  146   1.1000E-05
