   60   6.0000E-06
   61   9.0000E-06
   62   2.5000E-05
   63   3.9000E-05
   64   3.8000E-05
   65   6.3000E-05
   66   1.3800E-04
   67   1.2300E-04
   68   9.6000E-05
   69   1.6000E-04
   70   1.6300E-04
   71   1.0700E-04
   72   1.4300E-04
   73   1.7700E-04
   74   1.2800E-04
   75   1.1400E-04
   76   1.9000E-04
   77   1.4400E-04
   78   2.2500E-04
   79   5.3000E-04
   80   6.5700E-04
   81   1.7100E-03
   82   5.1440E-03
   83   5.8680E-03
   84   9.0090E-03
   85   2.5373E-02
   86   3.1052E-02
   87   2.7608E-02
   88   6.2266E-02
   89   8.1968E-02
   90   5.3113E-02
   91   7.7922E-02
   92   1.0814E-01
   93   6.3689E-02
   94   5.3596E-02
   95   7.5127E-02
   96   5.5688E-02
   97   3.3178E-02
   98   4.0580E-02
   99   5.4391E-02
  100   4.2581E-02
  101   3.2250E-02
  102   5.6452E-02
  103   5.6452E-02
  104   3.2250E-02
  105   4.2581E-02
  106   5.4391E-02
  107   4.0580E-02
  108   3.3178E-02
  109   5.5688E-02
  110   7.5127E-02
  111   5.3596E-02
  112   6.3689E-02
  113   1.0814E-01
  114   7.7922E-02
  115   5.3113E-02
  116   8.1968E-02
  117   6.2266E-02
  118   2.7608E-02
  119   3.1052E-02
  120   2.5373E-02
  121   9.0090E-03
  122   5.8680E-03
  123   5.1440E-03
  124   1.7100E-03
  125   6.5700E-04
  126   5.3000E-04
  127   2.2500E-04
  128   1.4400E-04
  129   1.9000E-04
  130   1.1400E-04
  131   1.2800E-04
  132   1.7700E-04
  133   1.4300E-04
  134   1.0700E-04
  135   1.6300E-04
  136   1.6000E-04
  137   9.6000E-05
  138   1.2300E-04
  139   1.3800E-04
  140   6.3000E-05
  141   3.8000E-05
  142   3.9000E-05
  143   2.5000E-05
  144   9.0000E-06
  145   6.0000E-06
