   56   2.0000E-06
   58   1.0000E-05
   59   1.6000E-05
   60   5.1000E-05
   61   6.2000E-05
   62   8.1000E-05
   63   9.5000E-05
   64   1.9100E-04
   65   1.6000E-04
   66   2.6400E-04
   67   2.3800E-04
   68   3.1900E-04
   69   2.8100E-04
   70   4.1200E-04
   71   4.4400E-04
   72   5.0900E-04
   73   7.2600E-04
   74   9.9400E-04
   75   1.3660E-03
   76   2.0820E-03
   77   2.7190E-03
   78   3.7180E-03
   79   5.4370E-03
   80   8.3610E-03
   81   1.0537E-02
   82   1.4592E-02
   83   2.0326E-02
   84   2.5520E-02
   85   2.9977E-02
   86   4.0404E-02
   87   4.4799E-02
   88   4.6464E-02
   89   5.2782E-02
   90   5.8526E-02
   91   5.5784E-02
   92   5.6459E-02
   93   5.9748E-02
   94   6.0564E-02
   95   5.8000E-02
   96   5.9654E-02
   97   6.3732E-02
   98   6.2775E-02
   99   6.1086E-02
  100   6.6088E-02
  101   6.6001E-02
  102   6.1185E-02
  103   6.3157E-02
  104   6.4613E-02
  105   6.0008E-02
  106   5.8656E-02
  107   6.1319E-02
  108   6.1289E-02
  109   5.7721E-02
  110   5.7869E-02
  111   6.0534E-02
  112   5.5472E-02
  113   4.9701E-02
  114   4.8101E-02
  115   4.3450E-02
  116   3.4225E-02
  117   2.8893E-02
  118   2.3563E-02
  119   1.7668E-02
  120   1.2953E-02
  121   1.0224E-02
  122   7.4080E-03
  123   5.1370E-03
  124   3.5480E-03
  125   2.6650E-03
  126   2.0200E-03
  127   1.4210E-03
  128   9.4400E-04
  129   7.4500E-04
  130   5.0600E-04
  131   5.0200E-04
  132   3.3900E-04
  133   3.3600E-04
  134   2.9300E-04
  135   2.7500E-04
  136   1.9200E-04
  137   2.1500E-04
  138   1.1700E-04
  139   8.6000E-05
  140   7.3000E-05
  141   6.2000E-05
  142   2.7000E-05
  143   1.1000E-05
  144   7.0000E-06
  146   2.0000E-06
