   57   2.0000E-06
   59   2.0000E-06
   60   9.0000E-06
   61   1.1000E-05
   62   2.7000E-05
   63   3.8000E-05
   64   5.8000E-05
   65   9.6000E-05
   66   1.6800E-04
   67   1.9300E-04
   68   2.5800E-04
   69   3.4200E-04
   70   3.6100E-04
   71   4.1300E-04
   72   4.8500E-04
   73   5.5900E-04
   74   5.9400E-04
   75   7.4300E-04
   76   8.9900E-04
   77   1.1780E-03
   78   1.6660E-03
   79   2.2220E-03
   80   3.0100E-03
   81   4.1820E-03
   82   5.7190E-03
   83   7.6770E-03
   84   1.0658E-02
   85   1.3494E-02
   86   1.7685E-02
   87   2.2532E-02
   88   2.8615E-02
   89   3.3734E-02
   90   3.9486E-02
   91   4.5341E-02
   92   5.0442E-02
   93   5.4336E-02
   94   5.8218E-02
   95   6.0974E-02
   96   6.3226E-02
   97   6.4092E-02
   98   6.4169E-02
   99   6.3319E-02
  100   6.3479E-02
  101   6.2977E-02
  102   6.1633E-02
  103   6.0801E-02
  104   5.9974E-02
  105   6.0919E-02
  106   6.1545E-02
  107   6.2956E-02
  108   6.3556E-02
  109   6.3372E-02
  110   6.4190E-02
  111   6.4095E-02
  112   6.3334E-02
  113   6.0899E-02
  114   5.8168E-02
  115   5.4440E-02
  116   5.0405E-02
  117   4.5171E-02
  118   3.9446E-02
  119   3.3713E-02
  120   2.8502E-02
  121   2.2479E-02
  122   1.7646E-02
  123   1.3473E-02
  124   1.0638E-02
  125   7.6770E-03
  126   5.7100E-03
  127   4.1870E-03
  128   3.0060E-03
  129   2.2210E-03
  130   1.6690E-03
  131   1.1750E-03
  132   9.0000E-04
  133   7.3900E-04
  134   5.9800E-04
  135   5.6100E-04
  136   4.8600E-04
  137   4.1100E-04
  138   3.5500E-04
  139   3.4700E-04
  140   2.5200E-04
  141   1.9900E-04
  142   1.6200E-04
  143   9.8000E-05
  144   5.4000E-05
  145   3.8000E-05
  146   2.7000E-05
  147   1.1000E-05
  148   9.0000E-06
  149   2.0000E-06
  151   2.0000E-06
