   59   3.0000E-06
   60   9.0000E-06
   61   8.0000E-06
   62   4.4000E-05
   63   7.2000E-05
   64   1.5100E-04
   65   2.4900E-04
   66   4.9100E-04
   67   5.6700E-04
   68   1.0330E-03
   69   1.0850E-03
   70   1.2120E-03
   71   1.3210E-03
   72   1.9790E-03
   73   1.4950E-03
   74   1.5030E-03
   75   1.6670E-03
   76   1.7960E-03
   77   1.4660E-03
   78   2.1840E-03
   79   2.0670E-03
   80   2.4180E-03
   81   2.8340E-03
   82   3.0690E-03
   83   2.9280E-03
   84   4.7290E-03
   85   6.7270E-03
   86   9.4880E-03
   87   1.5150E-02
   88   2.2720E-02
   89   2.8352E-02
   90   3.8676E-02
   91   5.0664E-02
   92   5.4704E-02
   93   6.1839E-02
   94   7.3379E-02
   95   7.2337E-02
   96   6.7479E-02
   97   7.1549E-02
   98   6.9040E-02
   99   5.9206E-02
  100   5.6040E-02
  101   5.8147E-02
  102   5.1670E-02
  103   4.6529E-02
  104   4.9902E-02
  105   4.9902E-02
  106   4.6529E-02
  107   5.1670E-02
  108   5.8147E-02
  109   5.6040E-02
  110   5.9206E-02
  111   6.9040E-02
  112   7.1549E-02
  113   6.7479E-02
  114   7.2337E-02
  115   7.3379E-02
  116   6.1839E-02
  117   5.4704E-02
  118   5.0664E-02
  119   3.8676E-02
  120   2.8352E-02
  121   2.2720E-02
  122   1.5150E-02
  123   9.4880E-03
  124   6.7270E-03
  125   4.7290E-03
  126   2.9280E-03
  127   3.0690E-03
  128   2.8340E-03
  129   2.4180E-03
  130   2.0670E-03
  131   2.1840E-03
  132   1.4660E-03
  133   1.7960E-03
  134   1.6670E-03
  135   1.5030E-03
  136   1.4950E-03
  137   1.9790E-03
  138   1.3210E-03
  139   1.2120E-03
  140   1.0850E-03
  141   1.0330E-03
  142   5.6700E-04
  143   4.9100E-04
  144   2.4900E-04
  145   1.5100E-04
  146   7.2000E-05
  147   4.4000E-05
  148   8.0000E-06
  149   9.0000E-06
  150   3.0000E-06
