   60   5.0000E-06
   61   7.0000E-06
   62   1.9000E-05
   63   3.7000E-05
   64   5.5000E-05
   65   7.8000E-05
   66   1.3000E-04
   67   1.4900E-04
   68   2.0000E-04
   69   1.8600E-04
   70   1.9200E-04
   71   2.1200E-04
   72   1.9000E-04
   73   2.1000E-04
   74   2.0700E-04
   75   1.7000E-04
   76   1.9500E-04
   77   1.7100E-04
   78   2.0500E-04
   79   2.9700E-04
   80   5.5500E-04
   81   1.1090E-03
   82   2.3020E-03
   83   4.5110E-03
   84   8.0960E-03
   85   1.3947E-02
   86   2.2310E-02
   87   3.2770E-02
   88   4.5914E-02
   89   5.9343E-02
   90   7.1423E-02
   91   8.0280E-02
   92   8.4797E-02
   93   8.3155E-02
   94   7.7217E-02
   95   6.8301E-02
   96   5.7902E-02
   97   4.9927E-02
   98   4.3682E-02
   99   4.1286E-02
  100   4.1130E-02
  101   4.2316E-02
  102   4.3129E-02
  103   4.3342E-02
  104   4.3129E-02
  105   4.2316E-02
  106   4.1130E-02
  107   4.1286E-02
  108   4.3682E-02
  109   4.9927E-02
  110   5.7902E-02
  111   6.8301E-02
  112   7.7217E-02
  113   8.3155E-02
  114   8.4797E-02
  115   8.0280E-02
  116   7.1423E-02
  117   5.9343E-02
  118   4.5914E-02
  119   3.2770E-02
  120   2.2310E-02
  121   1.3947E-02
  122   8.0960E-03
  123   4.5110E-03
  124   2.3020E-03
  125   1.1090E-03
  126   5.5500E-04
  127   2.9700E-04
  128   2.0500E-04
  129   1.7100E-04
  130   1.9500E-04
  131   1.7000E-04
  132   2.0700E-04
  133   2.1000E-04
  134   1.9000E-04
  135   2.1200E-04
  136   1.9200E-04
  137   1.8600E-04
  138   2.0000E-04
  139   1.4900E-04
  140   1.3000E-04
  141   7.8000E-05
  142   5.5000E-05
  143   3.7000E-05
  144   1.9000E-05
  145   7.0000E-06
  146   5.0000E-06
