   60   5.0000E-06
   61   3.0000E-06
   62   1.8000E-05
   63   4.0000E-05
   64   3.8000E-05
   65   9.9000E-05
   66   1.7000E-04
   67   1.2400E-04
   68   1.7100E-04
   69   3.3600E-04
   70   2.3800E-04
   71   1.6900E-04
   72   3.1400E-04
   73   2.8800E-04
   74   1.5900E-04
   75   2.6600E-04
   76   3.1200E-04
   77   1.6200E-04
   78   2.6100E-04
   79   3.1400E-04
   80   2.8100E-04
   81   9.1500E-04
   82   1.7740E-03
   83   2.1000E-03
   84   6.0280E-03
   85   1.3243E-02
   86   1.2431E-02
   87   2.2669E-02
   88   5.0609E-02
   89   4.5548E-02
   90   4.6935E-02
   91   9.5879E-02
   92   9.0266E-02
   93   5.7614E-02
   94   9.3990E-02
   95   9.5091E-02
   96   4.9483E-02
   97   5.2081E-02
   98   6.2583E-02
   99   4.3101E-02
  100   2.9657E-02
  101   4.1276E-02
  102   5.0869E-02
  103   3.2069E-02
  104   3.2069E-02
  105   5.0869E-02
  106   4.1276E-02
  107   2.9657E-02
  108   4.3101E-02
  109   6.2583E-02
  110   5.2081E-02
  111   4.9483E-02
  112   9.5091E-02
  113   9.3990E-02
  114   5.7614E-02
  115   9.0266E-02
  116   9.5879E-02
  117   4.6935E-02
  118   4.5548E-02
  119   5.0609E-02
  120   2.2669E-02
  121   1.2431E-02
  122   1.3243E-02
  123   6.0280E-03
  124   2.1000E-03
  125   1.7740E-03
  126   9.1500E-04
  127   2.8100E-04
  128   3.1400E-04
  129   2.6100E-04
  130   1.6200E-04
  131   3.1200E-04
  132   2.6600E-04
  133   1.5900E-04
  134   2.8800E-04
  135   3.1400E-04
  136   1.6900E-04
  137   2.3800E-04
  138   3.3600E-04
  139   1.7100E-04
  140   1.2400E-04
  141   1.7000E-04
  142   9.9000E-05
  143   3.8000E-05
  144   4.0000E-05
  145   1.8000E-05
  146   3.0000E-06
  147   5.0000E-06
