   61   2.0000E-06
   62   7.0000E-06
   63   1.6000E-05
   64   3.0000E-05
   65   8.6000E-05
   66   1.2900E-04
   67   1.8900E-04
   68   2.5900E-04
   69   3.3500E-04
   70   4.2100E-04
   71   4.8800E-04
   72   5.0400E-04
   73   5.8600E-04
   74   5.4600E-04
   75   5.5000E-04
   76   5.2500E-04
   77   4.9500E-04
   78   5.6700E-04
   79   5.4100E-04
   80   5.8400E-04
   81   6.7500E-04
   82   7.2600E-04
   83   9.3800E-04
   84   1.6010E-03
   85   3.0190E-03
   86   5.5800E-03
   87   1.0006E-02
   88   1.6432E-02
   89   2.6256E-02
   90   3.7455E-02
   91   5.1046E-02
   92   6.5357E-02
   93   7.7101E-02
   94   8.6480E-02
   95   9.0621E-02
   96   8.7809E-02
   97   8.2431E-02
   98   7.1787E-02
   99   6.1231E-02
  100   5.1527E-02
  101   4.3496E-02
  102   3.8088E-02
  103   3.4635E-02
  104   3.2974E-02
  105   3.1710E-02
  106   3.2974E-02
  107   3.4635E-02
  108   3.8088E-02
  109   4.3496E-02
  110   5.1527E-02
  111   6.1231E-02
  112   7.1787E-02
  113   8.2431E-02
  114   8.7809E-02
  115   9.0621E-02
  116   8.6480E-02
  117   7.7101E-02
  118   6.5357E-02
  119   5.1046E-02
  120   3.7455E-02
  121   2.6256E-02
  122   1.6432E-02
  123   1.0006E-02
  124   5.5800E-03
  125   3.0190E-03
  126   1.6010E-03
  127   9.3800E-04
  128   7.2600E-04
  129   6.7500E-04
  130   5.8400E-04
  131   5.4100E-04
  132   5.6700E-04
  133   4.9500E-04
  134   5.2500E-04
  135   5.5000E-04
  136   5.4600E-04
  137   5.8600E-04
  138   5.0400E-04
  139   4.8800E-04
  140   4.2100E-04
  141   3.3500E-04
  142   2.5900E-04
  143   1.8900E-04
  144   1.2900E-04
  145   8.6000E-05
  146   3.0000E-05
  147   1.6000E-05
  148   7.0000E-06
  149   2.0000E-06
