   59   5.0000E-06
   60   6.0000E-06
   61   1.4000E-05
   62   2.2000E-05
   63   3.6000E-05
   64   4.5000E-05
   65   8.0000E-05
   66   8.7000E-05
   67   1.2100E-04
   68   1.3600E-04
   69   1.1600E-04
   70   1.0800E-04
   71   1.2400E-04
   72   1.2900E-04
   73   1.1800E-04
   74   9.2000E-05
   75   1.0200E-04
   76   1.1500E-04
   77   1.5700E-04
   78   2.9300E-04
   79   6.1200E-04
   80   1.3160E-03
   81   2.8460E-03
   82   5.3640E-03
   83   9.4850E-03
   84   1.5524E-02
   85   2.4696E-02
   86   3.5516E-02
   87   4.8614E-02
   88   6.1156E-02
   89   7.1641E-02
   90   7.8247E-02
   91   8.0267E-02
   92   7.7586E-02
   93   6.9677E-02
   94   6.1263E-02
   95   5.2117E-02
   96   4.5642E-02
   97   4.2536E-02
   98   4.3095E-02
   99   4.5355E-02
  100   4.8450E-02
  101   5.1149E-02
  102   5.1840E-02
  103   5.1149E-02
  104   4.8450E-02
  105   4.5355E-02
  106   4.3095E-02
  107   4.2536E-02
  108   4.5642E-02
  109   5.2117E-02
  110   6.1263E-02
  111   6.9677E-02
  112   7.7586E-02
  113   8.0267E-02
  114   7.8247E-02
  115   7.1641E-02
  116   6.1156E-02
  117   4.8614E-02
  118   3.5516E-02
  119   2.4696E-02
  120   1.5524E-02
  121   9.4850E-03
  122   5.3640E-03
  123   2.8460E-03
  124   1.3160E-03
  125   6.1200E-04
  126   2.9300E-04
  127   1.5700E-04
  128   1.1500E-04
  129   1.0200E-04
  130   9.2000E-05
  131   1.1800E-04
  132   1.2900E-04
  133   1.2400E-04
  134   1.0800E-04
  135   1.1600E-04
  136   1.3600E-04
  137   1.2100E-04
  138   8.7000E-05
  139   8.0000E-05
  140   4.5000E-05
  141   3.6000E-05
  142   2.2000E-05
  143   1.4000E-05
  144   6.0000E-06
  145   5.0000E-06
