   57   4.0000E-06
   58   2.0000E-06
   59   3.0000E-06
   60   1.1000E-05
   61   1.6000E-05
   62   2.3000E-05
   63   2.8000E-05
   64   5.3000E-05
   65   3.3000E-05
   66   4.4000E-05
   67   7.0000E-05
   68   6.6000E-05
   69   3.8000E-05
   70   6.8000E-05
   71   7.2000E-05
   72   4.7000E-05
   73   5.9000E-05
   74   8.6000E-05
   75   8.5000E-05
   76   3.0400E-04
   77   6.2400E-04
   78   7.9400E-04
   79   2.8220E-03
   80   6.3110E-03
   81   6.3640E-03
   82   1.2712E-02
   83   3.0366E-02
   84   3.0222E-02
   85   3.1160E-02
   86   6.8386E-02
   87   7.2481E-02
   88   4.6407E-02
   89   7.4213E-02
   90   8.6688E-02
   91   4.7845E-02
   92   4.3928E-02
   93   5.8710E-02
   94   4.7945E-02
   95   3.3061E-02
   96   4.1522E-02
   97   6.9063E-02
   98   5.9103E-02
   99   4.5108E-02
  100   8.3034E-02
  101   8.3034E-02
  102   4.5108E-02
  103   5.9103E-02
  104   6.9063E-02
  105   4.1522E-02
  106   3.3061E-02
  107   4.7945E-02
  108   5.8710E-02
  109   4.3928E-02
  110   4.7845E-02
  111   8.6688E-02
  112   7.4213E-02
  113   4.6407E-02
  114   7.2481E-02
  115   6.8386E-02
  116   3.1160E-02
  117   3.0222E-02
  118   3.0366E-02
  119   1.2712E-02
  120   6.3640E-03
  121   6.3110E-03
  122   2.8220E-03
  123   7.9400E-04
  124   6.2400E-04
  125   3.0400E-04
  126   8.5000E-05
  127   8.6000E-05
  128   5.9000E-05
  129   4.7000E-05
  130   7.2000E-05
  131   6.8000E-05
  132   3.8000E-05
  133   6.6000E-05
  134   7.0000E-05
  135   4.4000E-05
  136   3.3000E-05
  137   5.3000E-05
  138   2.8000E-05
  139   2.3000E-05
  140   1.6000E-05
  141   1.1000E-05
  142   3.0000E-06
  143   2.0000E-06
  144   4.0000E-06
