   61   3.0000E-06
   62   1.0000E-05
   63   2.4000E-05
   64   3.4000E-05
   65   7.4000E-05
   66   1.1600E-04
   67   1.9500E-04
   68   2.6500E-04
   69   3.4400E-04
   70   4.5400E-04
   71   5.1100E-04
   72   5.4300E-04
   73   5.4900E-04
   74   5.9700E-04
   75   5.9300E-04
   76   5.7900E-04
   77   5.7800E-04
   78   5.4900E-04
   79   5.5000E-04
   80   6.1800E-04
   81   6.7700E-04
   82   7.4400E-04
   83   9.2500E-04
   84   1.6520E-03
   85   3.0140E-03
   86   5.5930E-03
   87   1.0028E-02
   88   1.6414E-02
   89   2.5937E-02
   90   3.7651E-02
   91   5.1205E-02
   92   6.5230E-02
   93   7.6980E-02
   94   8.5935E-02
   95   8.9810E-02
   96   8.7862E-02
   97   8.1765E-02
   98   7.1704E-02
   99   6.1420E-02
  100   5.1451E-02
  101   4.3548E-02
  102   3.9002E-02
  103   3.5213E-02
  104   3.3245E-02
  105   3.1592E-02
  106   3.3245E-02
  107   3.5213E-02
  108   3.9002E-02
  109   4.3548E-02
  110   5.1451E-02
  111   6.1420E-02
  112   7.1704E-02
  113   8.1765E-02
  114   8.7862E-02
  115   8.9810E-02
  116   8.5935E-02
  117   7.6980E-02
  118   6.5230E-02
  119   5.1205E-02
  120   3.7651E-02
  121   2.5937E-02
  122   1.6414E-02
  123   1.0028E-02
  124   5.5930E-03
  125   3.0140E-03
  126   1.6520E-03
  127   9.2500E-04
  128   7.4400E-04
  129   6.7700E-04
  130   6.1800E-04
  131   5.5000E-04
  132   5.4900E-04
  133   5.7800E-04
  134   5.7900E-04
  135   5.9300E-04
  136   5.9700E-04
  137   5.4900E-04
  138   5.4300E-04
  139   5.1100E-04
  140   4.5400E-04
  141   3.4400E-04
  142   2.6500E-04
  143   1.9500E-04
  144   1.1600E-04
  145   7.4000E-05
  146   3.4000E-05
  147   2.4000E-05
  148   1.0000E-05
  149   3.0000E-06
