   62   1.5000E-05
   63   1.7000E-05
   64   3.2000E-05
   65   8.0000E-05
   66   1.6100E-04
   67   1.2000E-04
   68   3.0400E-04
   69   3.9800E-04
   70   2.6000E-04
   71   3.7200E-04
   72   5.6500E-04
   73   3.9200E-04
   74   3.1300E-04
   75   5.6500E-04
   76   4.6200E-04
   77   3.0300E-04
   78   5.3400E-04
   79   4.5100E-04
   80   3.7600E-04
   81   6.2900E-04
   82   7.5200E-04
   83   1.0030E-03
   84   3.3480E-03
   85   4.8060E-03
   86   5.9450E-03
   87   1.7532E-02
   88   2.7166E-02
   89   2.2726E-02
   90   4.8706E-02
   91   7.8282E-02
   92   5.5263E-02
   93   7.2384E-02
   94   1.1678E-01
   95   7.9447E-02
   96   6.0676E-02
   97   9.2730E-02
   98   6.9863E-02
   99   3.7739E-02
  100   4.6283E-02
  101   5.0806E-02
  102   3.4314E-02
  103   2.6077E-02
  104   4.1003E-02
  105   4.1003E-02
  106   2.6077E-02
  107   3.4314E-02
  108   5.0806E-02
  109   4.6283E-02
  110   3.7739E-02
  111   6.9863E-02
  112   9.2730E-02
  113   6.0676E-02
  114   7.9447E-02
  115   1.1678E-01
  116   7.2384E-02
  117   5.5263E-02
  118   7.8282E-02
  119   4.8706E-02
  120   2.2726E-02
  121   2.7166E-02
  122   1.7532E-02
  123   5.9450E-03
  124   4.8060E-03
  125   3.3480E-03
  126   1.0030E-03
  127   7.5200E-04
  128   6.2900E-04
  129   3.7600E-04
  130   4.5100E-04
  131   5.3400E-04
  132   3.0300E-04
  133   4.6200E-04
  134   5.6500E-04
  135   3.1300E-04
  136   3.9200E-04
  137   5.6500E-04
  138   3.7200E-04
  139   2.6000E-04
  140   3.9800E-04
  141   3.0400E-04
  142   1.2000E-04
  143   1.6100E-04
  144   8.0000E-05
  145   3.2000E-05
  146   1.7000E-05
  147   1.5000E-05
