   58   6.0000E-06
   59   2.2000E-05
   60   6.3000E-05
   61   9.4000E-05
   62   1.3900E-04
   63   2.4400E-04
   64   3.7300E-04
   65   4.5400E-04
   66   6.2600E-04
   67   6.7100E-04
   68   7.3100E-04
   69   8.0300E-04
   70   1.0260E-03
   71   7.9300E-04
   72   7.9800E-04
   73   8.5700E-04
   74   8.6800E-04
   75   9.3700E-04
   76   1.0430E-03
   77   1.1440E-03
   78   1.3880E-03
   79   1.7760E-03
   80   2.4500E-03
   81   4.0720E-03
   82   7.0500E-03
   83   1.0456E-02
   84   1.5452E-02
   85   2.2354E-02
   86   3.1431E-02
   87   3.9411E-02
   88   4.7526E-02
   89   5.6120E-02
   90   6.1810E-02
   91   6.5356E-02
   92   6.7169E-02
   93   6.6021E-02
   94   6.3852E-02
   95   6.1274E-02
   96   5.9149E-02
   97   5.7001E-02
   98   5.5378E-02
   99   5.5209E-02
  100   5.4598E-02
  101   5.5074E-02
  102   5.3832E-02
  103   5.5074E-02
  104   5.4598E-02
  105   5.5209E-02
  106   5.5378E-02
  107   5.7001E-02
  108   5.9149E-02
  109   6.1274E-02
  110   6.3852E-02
  111   6.6021E-02
  112   6.7169E-02
  113   6.5356E-02
  114   6.1810E-02
  115   5.6120E-02
  116   4.7526E-02
  117   3.9411E-02
  118   3.1431E-02
  119   2.2354E-02
  120   1.5452E-02
  121   1.0456E-02
  122   7.0500E-03
  123   4.0720E-03
  124   2.4500E-03
  125   1.7760E-03
  126   1.3880E-03
  127   1.1440E-03
  128   1.0430E-03
  129   9.3700E-04
  130   8.6800E-04
  131   8.5700E-04
  132   7.9800E-04
  133   7.9300E-04
  134   1.0260E-03
  135   8.0300E-04
  136   7.3100E-04
  137   6.7100E-04
  138   6.2600E-04
  139   4.5400E-04
  140   3.7300E-04
  141   2.4400E-04
  142   1.3900E-04
  143   9.4000E-05
  144   6.3000E-05
  145   2.2000E-05
  146   6.0000E-06
