   61   5.0000E-06
   62   9.0000E-06
   63   1.5000E-05
   64   2.9000E-05
   65   7.8000E-05
   66   1.0300E-04
   67   1.8500E-04
   68   2.7800E-04
   69   3.5200E-04
   70   4.1500E-04
   71   4.7500E-04
   72   5.4000E-04
   73   5.7100E-04
   74   5.1900E-04
   75   5.4900E-04
   76   5.3200E-04
   77   5.1800E-04
   78   5.2900E-04
   79   5.7500E-04
   80   5.7400E-04
   81   6.5600E-04
   82   7.2400E-04
   83   8.9100E-04
   84   1.5740E-03
   85   2.9870E-03
   86   5.6430E-03
   87   1.0012E-02
   88   1.6537E-02
   89   2.5512E-02
   90   3.7439E-02
   91   5.0663E-02
   92   6.5021E-02
   93   7.7391E-02
   94   8.6653E-02
   95   9.0661E-02
   96   8.8096E-02
   97   8.2523E-02
   98   7.2065E-02
   99   6.1620E-02
  100   5.1328E-02
  101   4.3556E-02
  102   3.8115E-02
  103   3.4685E-02
  104   3.2964E-02
  105   3.1642E-02
  106   3.2964E-02
  107   3.4685E-02
  108   3.8115E-02
  109   4.3556E-02
  110   5.1328E-02
  111   6.1620E-02
  112   7.2065E-02
  113   8.2523E-02
  114   8.8096E-02
  115   9.0661E-02
  116   8.6653E-02
  117   7.7391E-02
  118   6.5021E-02
  119   5.0663E-02
  120   3.7439E-02
  121   2.5512E-02
  122   1.6537E-02
  123   1.0012E-02
  124   5.6430E-03
  125   2.9870E-03
  126   1.5740E-03
  127   8.9100E-04
  128   7.2400E-04
  129   6.5600E-04
  130   5.7400E-04
  131   5.7500E-04
  132   5.2900E-04
  133   5.1800E-04
  134   5.3200E-04
  135   5.4900E-04
  136   5.1900E-04
  137   5.7100E-04
  138   5.4000E-04
  139   4.7500E-04
  140   4.1500E-04
  141   3.5200E-04
  142   2.7800E-04
  143   1.8500E-04
  144   1.0300E-04
  145   7.8000E-05
  146   2.9000E-05
  147   1.5000E-05
  148   9.0000E-06
  149   5.0000E-06
