   58   3.0000E-06
   60   1.7000E-05
   61   1.0000E-05
   62   2.2000E-05
   63   4.3000E-05
   64   5.6000E-05
   65   3.4000E-05
   66   8.2000E-05
   67   1.2000E-04
   68   6.9000E-05
   69   6.6000E-05
   70   1.2900E-04
   71   6.3000E-05
   72   6.1000E-05
   73   8.7000E-05
   74   7.7000E-05
   75   6.7000E-05
   76   1.4100E-04
   77   1.8800E-04
   78   3.8500E-04
   79   1.3690E-03
   80   2.2820E-03
   81   2.9750E-03
   82   9.8260E-03
   83   1.5998E-02
   84   1.4464E-02
   85   3.1682E-02
   86   5.7097E-02
   87   4.4193E-02
   88   5.3606E-02
   89   9.7202E-02
   90   7.6579E-02
   91   5.2066E-02
   92   8.2157E-02
   93   7.3106E-02
   94   3.9433E-02
   95   4.2204E-02
   96   5.4148E-02
   97   4.6808E-02
   98   3.2551E-02
   99   5.1484E-02
  100   7.1231E-02
  101   4.5802E-02
  102   4.5802E-02
  103   7.1231E-02
  104   5.1484E-02
  105   3.2551E-02
  106   4.6808E-02
  107   5.4148E-02
  108   4.2204E-02
  109   3.9433E-02
  110   7.3106E-02
  111   8.2157E-02
  112   5.2066E-02
  113   7.6579E-02
  114   9.7202E-02
  115   5.3606E-02
  116   4.4193E-02
  117   5.7097E-02
  118   3.1682E-02
  119   1.4464E-02
  120   1.5998E-02
  121   9.8260E-03
  122   2.9750E-03
  123   2.2820E-03
  124   1.3690E-03
  125   3.8500E-04
  126   1.8800E-04
  127   1.4100E-04
  128   6.7000E-05
  129   7.7000E-05
  130   8.7000E-05
  131   6.1000E-05
  132   6.3000E-05
  133   1.2900E-04
  134   6.6000E-05
  135   6.9000E-05
  136   1.2000E-04
  137   8.2000E-05
  138   3.4000E-05
  139   5.6000E-05
  140   4.3000E-05
  141   2.2000E-05
  142   1.0000E-05
  143   1.7000E-05
  145   3.0000E-06
