   62   1.5000E-05
   63   4.6000E-05
   64   5.2000E-05
   65   1.1000E-04
   66   1.8800E-04
   67   3.0300E-04
   68   5.6800E-04
   69   6.8600E-04
   70   8.8800E-04
   71   1.1370E-03
   72   1.3370E-03
   73   1.4660E-03
   74   1.6740E-03
   75   1.6430E-03
   76   1.5810E-03
   77   1.7930E-03
   78   1.8900E-03
   79   1.8580E-03
   80   2.2560E-03
   81   2.6730E-03
   82   3.3680E-03
   83   3.9100E-03
   84   4.3750E-03
   85   5.0440E-03
   86   6.3300E-03
   87   8.5660E-03
   88   1.2198E-02
   89   1.7164E-02
   90   2.4439E-02
   91   3.1304E-02
   92   3.9383E-02
   93   4.8406E-02
   94   5.5890E-02
   95   6.2443E-02
   96   6.7554E-02
   97   7.0795E-02
   98   7.1419E-02
   99   7.0142E-02
  100   6.8089E-02
  101   6.3980E-02
  102   6.0071E-02
  103   5.6174E-02
  104   5.2801E-02
  105   5.0078E-02
  106   4.7792E-02
  107   5.0078E-02
  108   5.2801E-02
  109   5.6174E-02
  110   6.0071E-02
  111   6.3980E-02
  112   6.8089E-02
  113   7.0142E-02
  114   7.1419E-02
  115   7.0795E-02
  116   6.7554E-02
  117   6.2443E-02
  118   5.5890E-02
  119   4.8406E-02
  120   3.9383E-02
  121   3.1304E-02
  122   2.4439E-02
  123   1.7164E-02
  124   1.2198E-02
  125   8.5660E-03
  126   6.3300E-03
  127   5.0440E-03
  128   4.3750E-03
  129   3.9100E-03
  130   3.3680E-03
  131   2.6730E-03
  132   2.2560E-03
  133   1.8580E-03
  134   1.8900E-03
  135   1.7930E-03
  136   1.5810E-03
  137   1.6430E-03
  138   1.6740E-03
  139   1.4660E-03
  140   1.3370E-03
  141   1.1370E-03
  142   8.8800E-04
  143   6.8600E-04
  144   5.6800E-04
  145   3.0300E-04
  146   1.8800E-04
  147   1.1000E-04
  148   5.2000E-05
  149   4.6000E-05
  150   1.5000E-05
