   62   3.0000E-06
   63   1.0000E-05
   64   2.2000E-05
   65   4.5000E-05
   66   7.7000E-05
   67   1.6000E-04
   68   2.6300E-04
   69   3.9800E-04
   70   5.1200E-04
   71   6.3200E-04
   72   7.1700E-04
   73   7.8900E-04
   74   8.1700E-04
   75   8.2400E-04
   76   8.4100E-04
   77   8.5100E-04
   78   8.1800E-04
   79   8.8300E-04
   80   9.4000E-04
   81   1.0860E-03
   82   1.1960E-03
   83   1.1970E-03
   84   1.2400E-03
   85   1.5980E-03
   86   2.5170E-03
   87   4.5720E-03
   88   8.1950E-03
   89   1.3627E-02
   90   2.2104E-02
   91   3.2635E-02
   92   4.6138E-02
   93   5.9948E-02
   94   7.2806E-02
   95   8.4162E-02
   96   9.0777E-02
   97   9.1273E-02
   98   8.6982E-02
   99   7.8145E-02
  100   6.8125E-02
  101   5.6640E-02
  102   4.6985E-02
  103   3.9050E-02
  104   3.4123E-02
  105   3.0922E-02
  106   2.8688E-02
  107   3.0922E-02
  108   3.4123E-02
  109   3.9050E-02
  110   4.6985E-02
  111   5.6640E-02
  112   6.8125E-02
  113   7.8145E-02
  114   8.6982E-02
  115   9.1273E-02
  116   9.0777E-02
  117   8.4162E-02
  118   7.2806E-02
  119   5.9948E-02
  120   4.6138E-02
  121   3.2635E-02
  122   2.2104E-02
  123   1.3627E-02
  124   8.1950E-03
  125   4.5720E-03
  126   2.5170E-03
  127   1.5980E-03
  128   1.2400E-03
  129   1.1970E-03
  130   1.1960E-03
  131   1.0860E-03
  132   9.4000E-04
  133   8.8300E-04
  134   8.1800E-04
  135   8.5100E-04
  136   8.4100E-04
  137   8.2400E-04
  138   8.1700E-04
  139   7.8900E-04
  140   7.1700E-04
  141   6.3200E-04
  142   5.1200E-04
  143   3.9800E-04
  144   2.6300E-04
  145   1.6000E-04
  146   7.7000E-05
  147   4.5000E-05
  148   2.2000E-05
  149   1.0000E-05
  150   3.0000E-06
