   66   1.3000E-05
   67   2.1000E-05
   68   5.4000E-05
   69   1.2200E-04
   70   4.4700E-04
   71   4.3300E-04
   72   1.1040E-03
   73   1.5640E-03
   74   2.2630E-03
   75   2.1920E-03
   76   5.1130E-03
   77   2.9160E-03
   78   5.7340E-03
   79   4.7780E-03
   80   5.3010E-03
   81   4.1530E-03
   82   6.9380E-03
   83   7.3910E-03
   84   7.8710E-03
   85   1.1439E-02
   86   1.9228E-02
   87   1.4898E-02
   88   1.4384E-02
   89   1.4004E-02
   90   6.8340E-03
   91   6.4830E-03
   92   6.2730E-03
   93   7.5580E-03
   94   1.4694E-02
   95   2.2138E-02
   96   2.5758E-02
   97   4.0429E-02
   98   5.8863E-02
   99   5.6272E-02
  100   6.8564E-02
  101   8.9865E-02
  102   7.6634E-02
  103   7.1093E-02
  104   8.3290E-02
  105   6.6074E-02
  106   4.8489E-02
  107   4.9758E-02
  108   4.1095E-02
  109   2.7463E-02
  110   2.7463E-02
  111   4.1095E-02
  112   4.9758E-02
  113   4.8489E-02
  114   6.6074E-02
  115   8.3290E-02
  116   7.1093E-02
  117   7.6634E-02
  118   8.9865E-02
  119   6.8564E-02
  120   5.6272E-02
  121   5.8863E-02
  122   4.0429E-02
  123   2.5758E-02
  124   2.2138E-02
  125   1.4694E-02
  126   7.5580E-03
  127   6.2730E-03
  128   6.4830E-03
  129   6.8340E-03
  130   1.4004E-02
  131   1.4384E-02
  132   1.4898E-02
  133   1.9228E-02
  134   1.1439E-02
  135   7.8710E-03
  136   7.3910E-03
  137   6.9380E-03
  138   4.1530E-03
  139   5.3010E-03
  140   4.7780E-03
  141   5.7340E-03
  142   2.9160E-03
  143   5.1130E-03
  144   2.1920E-03
  145   2.2630E-03
  146   1.5640E-03
  147   1.1040E-03
  148   4.3300E-04
  149   4.4700E-04
  150   1.2200E-04
  151   5.4000E-05
  152   2.1000E-05
  153   1.3000E-05
