   59   2.0000E-06
   61   5.0000E-06
   62   6.0000E-06
   63   1.4000E-05
   64   3.0000E-05
   65   9.4000E-05
   66   9.3000E-05
   67   1.3300E-04
   68   3.4800E-04
   69   4.1000E-04
   70   3.4800E-04
   71   6.5500E-04
   72   7.0100E-04
   73   4.3500E-04
   74   6.5600E-04
   75   8.8400E-04
   76   5.3100E-04
   77   6.7100E-04
   78   8.6600E-04
   79   5.0400E-04
   80   7.2000E-04
   81   1.0020E-03
   82   8.5500E-04
   83   8.2000E-04
   84   1.5900E-03
   85   1.6510E-03
   86   3.4780E-03
   87   9.3140E-03
   88   1.0186E-02
   89   1.5024E-02
   90   3.8534E-02
   91   4.2620E-02
   92   3.8083E-02
   93   8.3326E-02
   94   9.4604E-02
   95   5.9162E-02
   96   9.5661E-02
   97   1.1238E-01
   98   6.0377E-02
   99   6.1705E-02
  100   7.6695E-02
  101   4.7769E-02
  102   3.1296E-02
  103   4.0644E-02
  104   4.0432E-02
  105   2.4677E-02
  106   2.4677E-02
  107   4.0432E-02
  108   4.0644E-02
  109   3.1296E-02
  110   4.7769E-02
  111   7.6695E-02
  112   6.1705E-02
  113   6.0377E-02
  114   1.1238E-01
  115   9.5661E-02
  116   5.9162E-02
  117   9.4604E-02
  118   8.3326E-02
  119   3.8083E-02
  120   4.2620E-02
  121   3.8534E-02
  122   1.5024E-02
  123   1.0186E-02
  124   9.3140E-03
  125   3.4780E-03
  126   1.6510E-03
  127   1.5900E-03
  128   8.2000E-04
  129   8.5500E-04
  130   1.0020E-03
  131   7.2000E-04
  132   5.0400E-04
  133   8.6600E-04
  134   6.7100E-04
  135   5.3100E-04
  136   8.8400E-04
  137   6.5600E-04
  138   4.3500E-04
  139   7.0100E-04
  140   6.5500E-04
  141   3.4800E-04
  142   4.1000E-04
  143   3.4800E-04
  144   1.3300E-04
  145   9.3000E-05
  146   9.4000E-05
  147   3.0000E-05
  148   1.4000E-05
  149   6.0000E-06
  150   5.0000E-06
  152   2.0000E-06
