   64   3.0000E-06
   65   4.0000E-06
   66   1.6000E-05
   67   3.1000E-05
   68   6.2000E-05
   69   1.5500E-04
   70   3.6400E-04
   71   4.4200E-04
   72   7.3300E-04
   73   1.1000E-03
   74   1.3270E-03
   75   1.6610E-03
   76   2.3690E-03
   77   2.3340E-03
   78   2.8070E-03
   79   2.9370E-03
   80   2.8770E-03
   81   2.8970E-03
   82   3.3930E-03
   83   3.4940E-03
   84   3.8790E-03
   85   5.1410E-03
   86   7.3660E-03
   87   7.7200E-03
   88   8.5690E-03
   89   8.6010E-03
   90   7.8820E-03
   91   8.8070E-03
   92   1.1433E-02
   93   1.4322E-02
   94   2.0674E-02
   95   2.8191E-02
   96   3.5163E-02
   97   4.4843E-02
   98   5.6119E-02
   99   6.1838E-02
  100   6.8527E-02
  101   7.6959E-02
  102   7.6252E-02
  103   7.4446E-02
  104   7.4598E-02
  105   6.7904E-02
  106   5.9198E-02
  107   5.4823E-02
  108   4.8183E-02
  109   3.9540E-02
  110   3.9540E-02
  111   4.8183E-02
  112   5.4823E-02
  113   5.9198E-02
  114   6.7904E-02
  115   7.4598E-02
  116   7.4446E-02
  117   7.6252E-02
  118   7.6959E-02
  119   6.8527E-02
  120   6.1838E-02
  121   5.6119E-02
  122   4.4843E-02
  123   3.5163E-02
  124   2.8191E-02
  125   2.0674E-02
  126   1.4322E-02
  127   1.1433E-02
  128   8.8070E-03
  129   7.8820E-03
  130   8.6010E-03
  131   8.5690E-03
  132   7.7200E-03
  133   7.3660E-03
  134   5.1410E-03
  135   3.8790E-03
  136   3.4940E-03
  137   3.3930E-03
  138   2.8970E-03
  139   2.8770E-03
  140   2.9370E-03
  141   2.8070E-03
  142   2.3340E-03
  143   2.3690E-03
  144   1.6610E-03
  145   1.3270E-03
  146   1.1000E-03
  147   7.3300E-04
  148   4.4200E-04
  149   3.6400E-04
  150   1.5500E-04
  151   6.2000E-05
  152   3.1000E-05
  153   1.6000E-05
  154   4.0000E-06
  155   3.0000E-06
