   62   2.0000E-06
   63   9.0000E-06
   64   2.4000E-05
   65   4.9000E-05
   66   9.0000E-05
   67   1.8600E-04
   68   2.5600E-04
   69   4.4800E-04
   70   5.3500E-04
   71   6.2300E-04
   72   7.0200E-04
   73   7.9400E-04
   74   8.2000E-04
   75   8.3400E-04
   76   8.5600E-04
   77   8.6600E-04
   78   8.9000E-04
   79   8.6200E-04
   80   9.1900E-04
   81   1.0520E-03
   82   1.1830E-03
   83   1.2230E-03
   84   1.2650E-03
   85   1.5570E-03
   86   2.5880E-03
   87   4.5250E-03
   88   8.0700E-03
   89   1.3733E-02
   90   2.1875E-02
   91   3.2655E-02
   92   4.5855E-02
   93   5.9938E-02
   94   7.3193E-02
   95   8.4063E-02
   96   9.0377E-02
   97   9.1082E-02
   98   8.7872E-02
   99   7.8277E-02
  100   6.7591E-02
  101   5.7028E-02
  102   4.7092E-02
  103   3.9445E-02
  104   3.4211E-02
  105   3.0417E-02
  106   2.8104E-02
  107   3.0417E-02
  108   3.4211E-02
  109   3.9445E-02
  110   4.7092E-02
  111   5.7028E-02
  112   6.7591E-02
  113   7.8277E-02
  114   8.7872E-02
  115   9.1082E-02
  116   9.0377E-02
  117   8.4063E-02
  118   7.3193E-02
  119   5.9938E-02
  120   4.5855E-02
  121   3.2655E-02
  122   2.1875E-02
  123   1.3733E-02
  124   8.0700E-03
  125   4.5250E-03
  126   2.5880E-03
  127   1.5570E-03
  128   1.2650E-03
  129   1.2230E-03
  130   1.1830E-03
  131   1.0520E-03
  132   9.1900E-04
  133   8.6200E-04
  134   8.9000E-04
  135   8.6600E-04
  136   8.5600E-04
  137   8.3400E-04
  138   8.2000E-04
  139   7.9400E-04
  140   7.0200E-04
  141   6.2300E-04
  142   5.3500E-04
  143   4.4800E-04
  144   2.5600E-04
  145   1.8600E-04
  146   9.0000E-05
  147   4.9000E-05
  148   2.4000E-05
  149   9.0000E-06
  150   2.0000E-06
