   62   4.0000E-06
   63   9.0000E-06
   64   2.7000E-05
   65   8.2000E-05
   66   9.0000E-05
   67   1.4900E-04
   68   3.4100E-04
   69   3.9400E-04
   70   3.1000E-04
   71   6.6600E-04
   72   7.6700E-04
   73   4.2100E-04
   74   6.6200E-04
   75   9.6700E-04
   76   5.3400E-04
   77   6.6200E-04
   78   8.5800E-04
   79   5.0800E-04
   80   7.4800E-04
   81   1.0380E-03
   82   8.5800E-04
   83   8.1100E-04
   84   1.6160E-03
   85   1.6350E-03
   86   3.4910E-03
   87   9.2650E-03
   88   1.0496E-02
   89   1.4882E-02
   90   3.8303E-02
   91   4.2465E-02
   92   3.7878E-02
   93   8.4047E-02
   94   9.3990E-02
   95   5.9307E-02
   96   9.5431E-02
   97   1.1238E-01
   98   6.0563E-02
   99   6.1614E-02
  100   7.7147E-02
  101   4.7487E-02
  102   3.1198E-02
  103   4.0348E-02
  104   4.0793E-02
  105   2.4747E-02
  106   2.4747E-02
  107   4.0793E-02
  108   4.0348E-02
  109   3.1198E-02
  110   4.7487E-02
  111   7.7147E-02
  112   6.1614E-02
  113   6.0563E-02
  114   1.1238E-01
  115   9.5431E-02
  116   5.9307E-02
  117   9.3990E-02
  118   8.4047E-02
  119   3.7878E-02
  120   4.2465E-02
  121   3.8303E-02
  122   1.4882E-02
  123   1.0496E-02
  124   9.2650E-03
  125   3.4910E-03
  126   1.6350E-03
  127   1.6160E-03
  128   8.1100E-04
  129   8.5800E-04
  130   1.0380E-03
  131   7.4800E-04
  132   5.0800E-04
  133   8.5800E-04
  134   6.6200E-04
  135   5.3400E-04
  136   9.6700E-04
  137   6.6200E-04
  138   4.2100E-04
  139   7.6700E-04
  140   6.6600E-04
  141   3.1000E-04
  142   3.9400E-04
  143   3.4100E-04
  144   1.4900E-04
  145   9.0000E-05
  146   8.2000E-05
  147   2.7000E-05
  148   9.0000E-06
  149   4.0000E-06
