   66   4.0000E-06
   67   8.0000E-06
   68   2.2000E-05
   69   6.3000E-05
   70   1.6800E-04
   71   1.4700E-04
   72   3.1500E-04
   73   7.9000E-04
   74   7.2900E-04
   75   8.1200E-04
   76   1.6690E-03
   77   1.0120E-03
   78   1.8930E-03
   79   2.3690E-03
   80   1.6480E-03
   81   1.4450E-03
   82   2.4140E-03
   83   3.6550E-03
   84   2.9120E-03
   85   5.2800E-03
   86   9.7560E-03
   87   6.5810E-03
   88   6.3710E-03
   89   7.7380E-03
   90   3.1410E-03
   91   5.2660E-03
   92   5.8780E-03
   93   5.9710E-03
   94   1.6722E-02
   95   2.7595E-02
   96   2.2654E-02
   97   4.7274E-02
   98   7.7164E-02
   99   5.3839E-02
  100   7.6907E-02
  101   1.2123E-01
  102   7.7593E-02
  103   7.2030E-02
  104   1.0708E-01
  105   6.6812E-02
  106   4.1911E-02
  107   5.5457E-02
  108   3.6904E-02
  109   2.0759E-02
  110   2.0759E-02
  111   3.6904E-02
  112   5.5457E-02
  113   4.1911E-02
  114   6.6812E-02
  115   1.0708E-01
  116   7.2030E-02
  117   7.7593E-02
  118   1.2123E-01
  119   7.6907E-02
  120   5.3839E-02
  121   7.7164E-02
  122   4.7274E-02
  123   2.2654E-02
  124   2.7595E-02
  125   1.6722E-02
  126   5.9710E-03
  127   5.8780E-03
  128   5.2660E-03
  129   3.1410E-03
  130   7.7380E-03
  131   6.3710E-03
  132   6.5810E-03
  133   9.7560E-03
  134   5.2800E-03
  135   2.9120E-03
  136   3.6550E-03
  137   2.4140E-03
  138   1.4450E-03
  139   1.6480E-03
  140   2.3690E-03
  141   1.8930E-03
  142   1.0120E-03
  143   1.6690E-03
  144   8.1200E-04
  145   7.2900E-04
  146   7.9000E-04
  147   3.1500E-04
  148   1.4700E-04
  149   1.6800E-04
  150   6.3000E-05
  151   2.2000E-05
  152   8.0000E-06
  153   4.0000E-06
