   65   3.0000E-06
   66   9.0000E-06
   67   3.3000E-05
   68   8.3000E-05
   69   1.7200E-04
   70   3.9200E-04
   71   7.2100E-04
   72   1.9020E-03
   73   2.5270E-03
   74   4.1040E-03
   75   6.7050E-03
   76   8.1850E-03
   77   1.0537E-02
   78   1.6064E-02
   79   1.4428E-02
   80   1.5384E-02
   81   1.7558E-02
   82   2.1625E-02
   83   1.6795E-02
   84   1.8885E-02
   85   2.0788E-02
   86   2.1118E-02
   87   2.7649E-02
   88   4.5442E-02
   89   5.5017E-02
   90   6.2395E-02
   91   6.8740E-02
   92   5.0730E-02
   93   3.8197E-02
   94   2.1431E-02
   95   1.2958E-02
   96   8.4790E-03
   97   9.2400E-03
   98   1.0067E-02
   99   1.1221E-02
  100   1.6058E-02
  101   1.8591E-02
  102   1.9082E-02
  103   2.5419E-02
  104   2.9347E-02
  105   2.8652E-02
  106   3.4434E-02
  107   4.0941E-02
  108   3.7032E-02
  109   4.1474E-02
  110   4.7793E-02
  111   4.1575E-02
  112   4.1575E-02
  113   4.7793E-02
  114   4.1474E-02
  115   3.7032E-02
  116   4.0941E-02
  117   3.4434E-02
  118   2.8652E-02
  119   2.9347E-02
  120   2.5419E-02
  121   1.9082E-02
  122   1.8591E-02
  123   1.6058E-02
  124   1.1221E-02
  125   1.0067E-02
  126   9.2400E-03
  127   8.4790E-03
  128   1.2958E-02
  129   2.1431E-02
  130   3.8197E-02
  131   5.0730E-02
  132   6.8740E-02
  133   6.2395E-02
  134   5.5017E-02
  135   4.5442E-02
  136   2.7649E-02
  137   2.1118E-02
  138   2.0788E-02
  139   1.8885E-02
  140   1.6795E-02
  141   2.1625E-02
  142   1.7558E-02
  143   1.5384E-02
  144   1.4428E-02
  145   1.6064E-02
  146   1.0537E-02
  147   8.1850E-03
  148   6.7050E-03
  149   4.1040E-03
  150   2.5270E-03
  151   1.9020E-03
  152   7.2100E-04
  153   3.9200E-04
  154   1.7200E-04
  155   8.3000E-05
  156   3.3000E-05
  157   9.0000E-06
  158   3.0000E-06
