   65   3.0000E-06
   66   1.0000E-05
   67   2.9000E-05
   68   8.1000E-05
   69   2.1300E-04
   70   5.0400E-04
   71   9.7800E-04
   72   1.9180E-03
   73   3.1300E-03
   74   4.9930E-03
   75   7.2780E-03
   76   9.5420E-03
   77   1.1947E-02
   78   1.3890E-02
   79   1.5189E-02
   80   1.6357E-02
   81   1.6700E-02
   82   1.7257E-02
   83   1.8478E-02
   84   2.2420E-02
   85   3.3235E-02
   86   5.4815E-02
   87   8.6780E-02
   88   1.1691E-01
   89   1.2966E-01
   90   1.1708E-01
   91   8.4932E-02
   92   4.9756E-02
   93   2.3021E-02
   94   8.7560E-03
   95   2.6000E-03
   96   7.1900E-04
   97   2.6200E-04
   98   3.0500E-04
   99   5.8700E-04
  100   1.1390E-03
  101   1.8520E-03
  102   2.9550E-03
  103   4.7330E-03
  104   6.7100E-03
  105   9.4870E-03
  106   1.2362E-02
  107   1.5606E-02
  108   1.8594E-02
  109   2.1315E-02
  110   2.3235E-02
  111   2.3298E-02
  112   2.3235E-02
  113   2.1315E-02
  114   1.8594E-02
  115   1.5606E-02
  116   1.2362E-02
  117   9.4870E-03
  118   6.7100E-03
  119   4.7330E-03
  120   2.9550E-03
  121   1.8520E-03
  122   1.1390E-03
  123   5.8700E-04
  124   3.0500E-04
  125   2.6200E-04
  126   7.1900E-04
  127   2.6000E-03
  128   8.7560E-03
  129   2.3021E-02
  130   4.9756E-02
  131   8.4932E-02
  132   1.1708E-01
  133   1.2966E-01
  134   1.1691E-01
  135   8.6780E-02
  136   5.4815E-02
  137   3.3235E-02
  138   2.2420E-02
  139   1.8478E-02
  140   1.7257E-02
  141   1.6700E-02
  142   1.6357E-02
  143   1.5189E-02
  144   1.3890E-02
  145   1.1947E-02
  146   9.5420E-03
  147   7.2780E-03
  148   4.9930E-03
  149   3.1300E-03
  150   1.9180E-03
  151   9.7800E-04
  152   5.0400E-04
  153   2.1300E-04
  154   8.1000E-05
  155   2.9000E-05
  156   1.0000E-05
  157   3.0000E-06
