   66   1.3000E-05
   67   2.6000E-05
   68   8.0000E-05
   69   2.0600E-04
   70   4.7200E-04
   71   1.0230E-03
   72   1.9510E-03
   73   3.2440E-03
   74   5.0150E-03
   75   7.1540E-03
   76   9.7810E-03
   77   1.1884E-02
   78   1.3845E-02
   79   1.5043E-02
   80   1.6186E-02
   81   1.6661E-02
   82   1.7312E-02
   83   1.8531E-02
   84   2.2248E-02
   85   3.3451E-02
   86   5.4459E-02
   87   8.6663E-02
   88   1.1692E-01
   89   1.2953E-01
   90   1.1778E-01
   91   8.5674E-02
   92   4.9448E-02
   93   2.3216E-02
   94   8.5600E-03
   95   2.6670E-03
   96   7.1100E-04
   97   2.9100E-04
   98   3.1600E-04
   99   6.1400E-04
  100   1.0960E-03
  101   1.8030E-03
  102   3.0560E-03
  103   4.6310E-03
  104   6.7800E-03
  105   9.3880E-03
  106   1.2111E-02
  107   1.5557E-02
  108   1.8744E-02
  109   2.1209E-02
  110   2.2869E-02
  111   2.3516E-02
  112   2.2869E-02
  113   2.1209E-02
  114   1.8744E-02
  115   1.5557E-02
  116   1.2111E-02
  117   9.3880E-03
  118   6.7800E-03
  119   4.6310E-03
  120   3.0560E-03
  121   1.8030E-03
  122   1.0960E-03
  123   6.1400E-04
  124   3.1600E-04
  125   2.9100E-04
  126   7.1100E-04
  127   2.6670E-03
  128   8.5600E-03
  129   2.3216E-02
  130   4.9448E-02
  131   8.5674E-02
  132   1.1778E-01
  133   1.2953E-01
  134   1.1692E-01
  135   8.6663E-02
  136   5.4459E-02
  137   3.3451E-02
  138   2.2248E-02
  139   1.8531E-02
  140   1.7312E-02
  141   1.6661E-02
  142   1.6186E-02
  143   1.5043E-02
  144   1.3845E-02
  145   1.1884E-02
  146   9.7810E-03
  147   7.1540E-03
  148   5.0150E-03
  149   3.2440E-03
  150   1.9510E-03
  151   1.0230E-03
  152   4.7200E-04
  153   2.0600E-04
  154   8.0000E-05
  155   2.6000E-05
  156   1.3000E-05
