   64   5.0000E-06
   65   1.2000E-05
   66   4.2000E-05
   67   7.9000E-05
   68   1.5200E-04
   69   3.2700E-04
   70   5.2900E-04
   71   8.2500E-04
   72   1.5580E-03
   73   2.1550E-03
   74   2.7150E-03
   75   3.9890E-03
   76   5.2050E-03
   77   5.7160E-03
   78   7.6480E-03
   79   7.4650E-03
   80   7.6910E-03
   81   8.4660E-03
   82   9.8350E-03
   83   9.0890E-03
   84   9.4820E-03
   85   1.1584E-02
   86   1.4544E-02
   87   1.7895E-02
   88   2.2799E-02
   89   2.4318E-02
   90   2.2721E-02
   91   2.0878E-02
   92   1.7198E-02
   93   1.4814E-02
   94   1.5121E-02
   95   1.6467E-02
   96   1.8721E-02
   97   2.2671E-02
   98   2.7153E-02
   99   3.0050E-02
  100   3.5075E-02
  101   4.1151E-02
  102   4.4795E-02
  103   4.8824E-02
  104   5.5645E-02
  105   5.8333E-02
  106   6.1266E-02
  107   6.6421E-02
  108   6.8321E-02
  109   6.8375E-02
  110   7.1861E-02
  111   7.1861E-02
  112   6.8375E-02
  113   6.8321E-02
  114   6.6421E-02
  115   6.1266E-02
  116   5.8333E-02
  117   5.5645E-02
  118   4.8824E-02
  119   4.4795E-02
  120   4.1151E-02
  121   3.5075E-02
  122   3.0050E-02
  123   2.7153E-02
  124   2.2671E-02
  125   1.8721E-02
  126   1.6467E-02
  127   1.5121E-02
  128   1.4814E-02
  129   1.7198E-02
  130   2.0878E-02
  131   2.2721E-02
  132   2.4318E-02
  133   2.2799E-02
  134   1.7895E-02
  135   1.4544E-02
  136   1.1584E-02
  137   9.4820E-03
  138   9.0890E-03
  139   9.8350E-03
  140   8.4660E-03
  141   7.6910E-03
  142   7.4650E-03
  143   7.6480E-03
  144   5.7160E-03
  145   5.2050E-03
  146   3.9890E-03
  147   2.7150E-03
  148   2.1550E-03
  149   1.5580E-03
  150   8.2500E-04
  151   5.2900E-04
  152   3.2700E-04
  153   1.5200E-04
  154   7.9000E-05
  155   4.2000E-05
  156   1.2000E-05
  157   5.0000E-06
