   67   4.0000E-06
   68   5.0000E-06
   69   3.2000E-05
   70   5.9000E-05
   71   1.9700E-04
   72   4.3400E-04
   73   9.5800E-04
   74   1.7490E-03
   75   3.0220E-03
   76   4.8640E-03
   77   7.2020E-03
   78   9.6300E-03
   79   1.2308E-02
   80   1.4494E-02
   81   1.6584E-02
   82   1.7570E-02
   83   1.8512E-02
   84   1.8663E-02
   85   1.8850E-02
   86   1.8658E-02
   87   1.9556E-02
   88   2.3789E-02
   89   3.7078E-02
   90   6.1591E-02
   91   9.5642E-02
   92   1.2494E-01
   93   1.3473E-01
   94   1.1763E-01
   95   8.3518E-02
   96   4.7507E-02
   97   2.1940E-02
   98   8.2500E-03
   99   2.5810E-03
  100   8.1400E-04
  101   4.9000E-04
  102   6.6000E-04
  103   9.8000E-04
  104   1.5720E-03
  105   2.2700E-03
  106   3.2450E-03
  107   4.2000E-03
  108   5.6120E-03
  109   6.6310E-03
  110   7.7440E-03
  111   8.7970E-03
  112   9.5960E-03
  113   9.6700E-03
  114   9.5960E-03
  115   8.7970E-03
  116   7.7440E-03
  117   6.6310E-03
  118   5.6120E-03
  119   4.2000E-03
  120   3.2450E-03
  121   2.2700E-03
  122   1.5720E-03
  123   9.8000E-04
  124   6.6000E-04
  125   4.9000E-04
  126   8.1400E-04
  127   2.5810E-03
  128   8.2500E-03
  129   2.1940E-02
  130   4.7507E-02
  131   8.3518E-02
  132   1.1763E-01
  133   1.3473E-01
  134   1.2494E-01
  135   9.5642E-02
  136   6.1591E-02
  137   3.7078E-02
  138   2.3789E-02
  139   1.9556E-02
  140   1.8658E-02
  141   1.8850E-02
  142   1.8663E-02
  143   1.8512E-02
  144   1.7570E-02
  145   1.6584E-02
  146   1.4494E-02
  147   1.2308E-02
  148   9.6300E-03
  149   7.2020E-03
  150   4.8640E-03
  151   3.0220E-03
  152   1.7490E-03
  153   9.5800E-04
  154   4.3400E-04
  155   1.9700E-04
  156   5.9000E-05
  157   3.2000E-05
  158   5.0000E-06
  159   4.0000E-06
