   69   4.0000E-06
   70   1.7000E-05
   71   5.1000E-05
   72   1.2500E-04
   73   3.3500E-04
   74   7.7600E-04
   75   1.7000E-03
   76   3.3890E-03
   77   5.9770E-03
   78   9.7530E-03
   79   1.4572E-02
   80   2.0707E-02
   81   2.6547E-02
   82   3.1891E-02
   83   3.6681E-02
   84   4.0413E-02
   85   4.2665E-02
   86   4.3795E-02
   87   4.4131E-02
   88   4.2987E-02
   89   4.0344E-02
   90   3.5350E-02
   91   2.9222E-02
   92   2.4222E-02
   93   2.2324E-02
   94   2.6353E-02
   95   3.9111E-02
   96   5.6900E-02
   97   7.2272E-02
   98   7.5928E-02
   99   6.5433E-02
  100   4.5564E-02
  101   2.5644E-02
  102   1.1957E-02
  103   4.9280E-03
  104   2.1340E-03
  105   1.4980E-03
  106   1.7900E-03
  107   2.5520E-03
  108   3.3850E-03
  109   4.4120E-03
  110   5.5040E-03
  111   6.4670E-03
  112   7.6490E-03
  113   8.5790E-03
  114   9.3320E-03
  115   9.2240E-03
  116   9.3320E-03
  117   8.5790E-03
  118   7.6490E-03
  119   6.4670E-03
  120   5.5040E-03
  121   4.4120E-03
  122   3.3850E-03
  123   2.5520E-03
  124   1.7900E-03
  125   1.4980E-03
  126   2.1340E-03
  127   4.9280E-03
  128   1.1957E-02
  129   2.5644E-02
  130   4.5564E-02
  131   6.5433E-02
  132   7.5928E-02
  133   7.2272E-02
  134   5.6900E-02
  135   3.9111E-02
  136   2.6353E-02
  137   2.2324E-02
  138   2.4222E-02
  139   2.9222E-02
  140   3.5350E-02
  141   4.0344E-02
  142   4.2987E-02
  143   4.4131E-02
  144   4.3795E-02
  145   4.2665E-02
  146   4.0413E-02
  147   3.6681E-02
  148   3.1891E-02
  149   2.6547E-02
  150   2.0707E-02
  151   1.4572E-02
  152   9.7530E-03
  153   5.9770E-03
  154   3.3890E-03
  155   1.7000E-03
  156   7.7600E-04
  157   3.3500E-04
  158   1.2500E-04
  159   5.1000E-05
  160   1.7000E-05
  161   4.0000E-06
