   69   2.0000E-06
   70   1.4000E-05
   71   4.2000E-05
   72   1.4400E-04
   73   3.0700E-04
   74   7.9600E-04
   75   1.7950E-03
   76   3.3210E-03
   77   5.9240E-03
   78   9.5750E-03
   79   1.4636E-02
   80   2.0327E-02
   81   2.6302E-02
   82   3.1982E-02
   83   3.6924E-02
   84   4.0016E-02
   85   4.2562E-02
   86   4.4160E-02
   87   4.4015E-02
   88   4.3597E-02
   89   3.9913E-02
   90   3.5279E-02
   91   2.9447E-02
   92   2.4703E-02
   93   2.2364E-02
   94   2.6630E-02
   95   3.9132E-02
   96   5.7134E-02
   97   7.2617E-02
   98   7.5840E-02
   99   6.5268E-02
  100   4.5109E-02
  101   2.5428E-02
  102   1.1873E-02
  103   4.9090E-03
  104   2.1070E-03
  105   1.5360E-03
  106   1.7670E-03
  107   2.5160E-03
  108   3.5090E-03
  109   4.5140E-03
  110   5.5830E-03
  111   6.5890E-03
  112   7.6060E-03
  113   8.5500E-03
  114   8.9760E-03
  115   9.2900E-03
  116   8.9760E-03
  117   8.5500E-03
  118   7.6060E-03
  119   6.5890E-03
  120   5.5830E-03
  121   4.5140E-03
  122   3.5090E-03
  123   2.5160E-03
  124   1.7670E-03
  125   1.5360E-03
  126   2.1070E-03
  127   4.9090E-03
  128   1.1873E-02
  129   2.5428E-02
  130   4.5109E-02
  131   6.5268E-02
  132   7.5840E-02
  133   7.2617E-02
  134   5.7134E-02
  135   3.9132E-02
  136   2.6630E-02
  137   2.2364E-02
  138   2.4703E-02
  139   2.9447E-02
  140   3.5279E-02
  141   3.9913E-02
  142   4.3597E-02
  143   4.4015E-02
  144   4.4160E-02
  145   4.2562E-02
  146   4.0016E-02
  147   3.6924E-02
  148   3.1982E-02
  149   2.6302E-02
  150   2.0327E-02
  151   1.4636E-02
  152   9.5750E-03
  153   5.9240E-03
  154   3.3210E-03
  155   1.7950E-03
  156   7.9600E-04
  157   3.0700E-04
  158   1.4400E-04
  159   4.2000E-05
  160   1.4000E-05
  161   2.0000E-06
