   67   6.0000E-06
   68   2.1000E-05
   69   5.6000E-05
   70   7.6000E-05
   71   2.3600E-04
   72   6.9500E-04
   73   8.1500E-04
   74   1.9440E-03
   75   3.6910E-03
   76   3.1610E-03
   77   8.3650E-03
   78   9.8030E-03
   79   8.5520E-03
   80   9.5730E-03
   81   1.6800E-02
   82   1.4658E-02
   83   9.7640E-03
   84   1.7413E-02
   85   1.7897E-02
   86   1.1943E-02
   87   2.7679E-02
   88   5.6209E-02
   89   5.3154E-02
   90   1.0611E-01
   91   1.7476E-01
   92   9.6431E-02
   93   1.5261E-01
   94   5.7770E-02
   95   5.8711E-02
   96   1.4586E-02
   97   9.8870E-03
   98   1.6520E-03
   99   7.8700E-04
  100   3.9700E-04
  101   3.9300E-04
  102   6.0900E-04
  103   1.5290E-03
  104   1.5750E-03
  105   1.9600E-03
  106   4.6740E-03
  107   4.6220E-03
  108   4.0280E-03
  109   8.7140E-03
  110   8.7610E-03
  111   5.9550E-03
  112   1.0955E-02
  113   1.0955E-02
  114   5.9550E-03
  115   8.7610E-03
  116   8.7140E-03
  117   4.0280E-03
  118   4.6220E-03
  119   4.6740E-03
  120   1.9600E-03
  121   1.5750E-03
  122   1.5290E-03
  123   6.0900E-04
  124   3.9300E-04
  125   3.9700E-04
  126   7.8700E-04
  127   1.6520E-03
  128   9.8870E-03
  129   1.4586E-02
  130   5.8711E-02
  131   5.7770E-02
  132   1.5261E-01
  133   9.6431E-02
  134   1.7476E-01
  135   1.0611E-01
  136   5.3154E-02
  137   5.6209E-02
  138   2.7679E-02
  139   1.1943E-02
  140   1.7897E-02
  141   1.7413E-02
  142   9.7640E-03
  143   1.4658E-02
  144   1.6800E-02
  145   9.5730E-03
  146   8.5520E-03
  147   9.8030E-03
  148   8.3650E-03
  149   3.1610E-03
  150   3.6910E-03
  151   1.9440E-03
  152   8.1500E-04
  153   6.9500E-04
  154   2.3600E-04
  155   7.6000E-05
  156   5.6000E-05
  157   2.1000E-05
  158   6.0000E-06
