   65   5.0000E-06
   66   9.0000E-06
   67   3.1000E-05
   68   7.0000E-05
   69   2.0100E-04
   70   4.7600E-04
   71   9.7500E-04
   72   1.9160E-03
   73   3.1890E-03
   74   5.1530E-03
   75   7.2310E-03
   76   9.5880E-03
   77   1.1731E-02
   78   1.3938E-02
   79   1.5284E-02
   80   1.6128E-02
   81   1.6739E-02
   82   1.7417E-02
   83   1.8321E-02
   84   2.2393E-02
   85   3.3285E-02
   86   5.4678E-02
   87   8.6469E-02
   88   1.1745E-01
   89   1.2980E-01
   90   1.1779E-01
   91   8.4814E-02
   92   4.9367E-02
   93   2.3126E-02
   94   8.6560E-03
   95   2.6450E-03
   96   7.4700E-04
   97   2.9100E-04
   98   3.2700E-04
   99   5.5500E-04
  100   1.0460E-03
  101   1.9250E-03
  102   3.0360E-03
  103   4.5320E-03
  104   6.9010E-03
  105   9.5770E-03
  106   1.2599E-02
  107   1.5557E-02
  108   1.8766E-02
  109   2.0925E-02
  110   2.2717E-02
  111   2.3224E-02
  112   2.2717E-02
  113   2.0925E-02
  114   1.8766E-02
  115   1.5557E-02
  116   1.2599E-02
  117   9.5770E-03
  118   6.9010E-03
  119   4.5320E-03
  120   3.0360E-03
  121   1.9250E-03
  122   1.0460E-03
  123   5.5500E-04
  124   3.2700E-04
  125   2.9100E-04
  126   7.4700E-04
  127   2.6450E-03
  128   8.6560E-03
  129   2.3126E-02
  130   4.9367E-02
  131   8.4814E-02
  132   1.1779E-01
  133   1.2980E-01
  134   1.1745E-01
  135   8.6469E-02
  136   5.4678E-02
  137   3.3285E-02
  138   2.2393E-02
  139   1.8321E-02
  140   1.7417E-02
  141   1.6739E-02
  142   1.6128E-02
  143   1.5284E-02
  144   1.3938E-02
  145   1.1731E-02
  146   9.5880E-03
  147   7.2310E-03
  148   5.1530E-03
  149   3.1890E-03
  150   1.9160E-03
  151   9.7500E-04
  152   4.7600E-04
  153   2.0100E-04
  154   7.0000E-05
  155   3.1000E-05
  156   9.0000E-06
  157   5.0000E-06
