   49   2.0000E-06
   52   7.0000E-06
   53   1.0000E-05
   54   1.5000E-05
   55   2.2000E-05
   56   4.9000E-05
   57   6.9000E-05
   58   9.2000E-05
   59   1.3600E-04
   60   2.0800E-04
   61   3.0700E-04
   62   5.2200E-04
   63   7.0500E-04
   64   1.1030E-03
   65   1.4770E-03
   66   2.0040E-03
   67   2.8580E-03
   68   4.0890E-03
   69   5.2630E-03
   70   6.9770E-03
   71   9.6240E-03
   72   1.3163E-02
   73   1.6260E-02
   74   2.0777E-02
   75   2.6326E-02
   76   3.2152E-02
   77   3.8217E-02
   78   4.6219E-02
   79   5.2288E-02
   80   5.7454E-02
   81   6.2233E-02
   82   6.8585E-02
   83   6.9720E-02
   84   7.1211E-02
   85   7.2655E-02
   86   7.4803E-02
   87   7.2546E-02
   88   7.1498E-02
   89   7.1343E-02
   90   7.1859E-02
   91   7.1040E-02
   92   7.2943E-02
   93   7.4943E-02
   94   7.4719E-02
   95   7.2901E-02
   96   7.2785E-02
   97   7.0537E-02
   98   6.5953E-02
   99   6.0997E-02
  100   5.6081E-02
  101   4.9583E-02
  102   4.2186E-02
  103   3.5881E-02
  104   2.9898E-02
  105   2.3997E-02
  106   1.8913E-02
  107   1.5371E-02
  108   1.2181E-02
  109   8.9890E-03
  110   6.6840E-03
  111   5.0990E-03
  112   3.9220E-03
  113   2.7740E-03
  114   1.9660E-03
  115   1.4430E-03
  116   1.0840E-03
  117   6.9600E-04
  118   5.1600E-04
  119   3.0400E-04
  120   2.0800E-04
  121   1.4000E-04
  122   8.8000E-05
  123   6.9000E-05
  124   4.9000E-05
  125   2.2000E-05
  126   1.5000E-05
  127   1.0000E-05
  128   7.0000E-06
  131   2.0000E-06
