   64   2.0000E-06
   65   2.0000E-06
   66   1.1000E-05
   67   2.7000E-05
   68   1.2400E-04
   69   2.6500E-04
   70   4.7000E-04
   71   1.9400E-03
   72   4.5170E-03
   73   4.8900E-03
   74   1.1936E-02
   75   3.0338E-02
   76   3.1700E-02
   77   3.4843E-02
   78   8.2977E-02
   79   9.7590E-02
   80   6.2709E-02
   81   9.4683E-02
   82   1.2688E-01
   83   7.7137E-02
   84   5.6375E-02
   85   7.7814E-02
   86   6.9089E-02
   87   4.2578E-02
   88   3.6769E-02
   89   5.4325E-02
   90   5.4325E-02
   91   3.6769E-02
   92   4.2578E-02
   93   6.9089E-02
   94   7.7814E-02
   95   5.6375E-02
   96   7.7137E-02
   97   1.2688E-01
   98   9.4683E-02
   99   6.2709E-02
  100   9.7590E-02
  101   8.2977E-02
  102   3.4843E-02
  103   3.1700E-02
  104   3.0338E-02
  105   1.1936E-02
  106   4.8900E-03
  107   4.5170E-03
  108   1.9400E-03
  109   4.7000E-04
  110   2.6500E-04
  111   1.2400E-04
  112   2.7000E-05
  113   1.1000E-05
  114   2.0000E-06
  115   2.0000E-06
