   65   2.0000E-06
   66   4.0000E-06
   67   1.5000E-05
   68   7.4000E-05
   69   1.8000E-04
   70   4.1200E-04
   71   1.0180E-03
   72   2.3650E-03
   73   4.5200E-03
   74   9.7020E-03
   75   1.5341E-02
   76   2.3060E-02
   77   3.6289E-02
   78   5.5889E-02
   79   6.5988E-02
   80   7.7461E-02
   81   8.8521E-02
   82   9.3863E-02
   83   8.9798E-02
   84   8.3642E-02
   85   7.6548E-02
   86   6.8845E-02
   87   6.3249E-02
   88   5.9679E-02
   89   5.6354E-02
   90   5.4338E-02
   91   5.6354E-02
   92   5.9679E-02
   93   6.3249E-02
   94   6.8845E-02
   95   7.6548E-02
   96   8.3642E-02
   97   8.9798E-02
   98   9.3863E-02
   99   8.8521E-02
  100   7.7461E-02
  101   6.5988E-02
  102   5.5889E-02
  103   3.6289E-02
  104   2.3060E-02
  105   1.5341E-02
  106   9.7020E-03
  107   4.5200E-03
  108   2.3650E-03
  109   1.0180E-03
  110   4.1200E-04
  111   1.8000E-04
  112   7.4000E-05
  113   1.5000E-05
  114   4.0000E-06
  115   2.0000E-06
