   55   2.0000E-06
   58   3.0000E-06
   59   4.0000E-06
   60   5.0000E-06
   61   1.3000E-05
   62   2.7000E-05
   63   3.3000E-05
   64   9.5000E-05
   65   1.5500E-04
   66   2.5100E-04
   67   4.3600E-04
   68   9.0900E-04
   69   1.4520E-03
   70   2.3430E-03
   71   4.0530E-03
   72   6.8310E-03
   73   1.0127E-02
   74   1.5130E-02
   75   2.1537E-02
   76   2.9371E-02
   77   3.8792E-02
   78   4.9725E-02
   79   5.8365E-02
   80   6.6365E-02
   81   7.3749E-02
   82   7.8620E-02
   83   7.9962E-02
   84   7.9807E-02
   85   7.7434E-02
   86   7.4011E-02
   87   7.0690E-02
   88   6.6620E-02
   89   6.2964E-02
   90   6.0445E-02
   91   6.3115E-02
   92   6.6679E-02
   93   7.0635E-02
   94   7.4037E-02
   95   7.7618E-02
   96   7.9862E-02
   97   7.9940E-02
   98   7.8470E-02
   99   7.3682E-02
  100   6.6318E-02
  101   5.8315E-02
  102   4.9549E-02
  103   3.8741E-02
  104   2.9323E-02
  105   2.1511E-02
  106   1.5100E-02
  107   1.0123E-02
  108   6.8190E-03
  109   4.0530E-03
  110   2.3410E-03
  111   1.4540E-03
  112   9.0700E-04
  113   4.3600E-04
  114   2.5100E-04
  115   1.5500E-04
  116   9.5000E-05
  117   3.3000E-05
  118   2.7000E-05
  119   1.3000E-05
  120   5.0000E-06
  121   4.0000E-06
  122   3.0000E-06
  125   2.0000E-06
