   63   3.0000E-06
   64   1.2000E-05
   65   3.5000E-05
   66   9.0000E-05
   67   2.0000E-04
   68   6.2000E-04
   69   1.3260E-03
   70   2.3520E-03
   71   4.3840E-03
   72   1.0990E-02
   73   1.4821E-02
   74   2.0849E-02
   75   3.5756E-02
   76   5.5252E-02
   77   5.5150E-02
   78   6.7416E-02
   79   9.0300E-02
   80   8.7960E-02
   81   7.4814E-02
   82   8.1584E-02
   83   8.5132E-02
   84   6.8676E-02
   85   5.7852E-02
   86   6.5987E-02
   87   6.6756E-02
   88   5.1674E-02
   89   5.1674E-02
   90   6.6756E-02
   91   6.5987E-02
   92   5.7852E-02
   93   6.8676E-02
   94   8.5132E-02
   95   8.1584E-02
   96   7.4814E-02
   97   8.7960E-02
   98   9.0300E-02
   99   6.7416E-02
  100   5.5150E-02
  101   5.5252E-02
  102   3.5756E-02
  103   2.0849E-02
  104   1.4821E-02
  105   1.0990E-02
  106   4.3840E-03
  107   2.3520E-03
  108   1.3260E-03
  109   6.2000E-04
  110   2.0000E-04
  111   9.0000E-05
  112   3.5000E-05
  113   1.2000E-05
  114   3.0000E-06
