   71   4.0000E-06
   72   1.4000E-05
   73   5.6000E-05
   74   9.4000E-05
   75   3.0200E-04
   76   7.9400E-04
   77   1.7830E-03
   78   3.8830E-03
   79   7.4820E-03
   80   1.3551E-02
   81   2.2877E-02
   82   3.6209E-02
   83   5.2476E-02
   84   7.1851E-02
   85   8.8287E-02
   86   1.0364E-01
   87   1.1107E-01
   88   1.1142E-01
   89   1.0387E-01
   90   8.9111E-02
   91   7.2868E-02
   92   5.4562E-02
   93   3.8954E-02
   94   2.9674E-02
   95   3.8954E-02
   96   5.4562E-02
   97   7.2868E-02
   98   8.9111E-02
   99   1.0387E-01
  100   1.1142E-01
  101   1.1107E-01
  102   1.0364E-01
  103   8.8287E-02
  104   7.1851E-02
  105   5.2476E-02
  106   3.6209E-02
  107   2.2877E-02
  108   1.3551E-02
  109   7.4820E-03
  110   3.8830E-03
  111   1.7830E-03
  112   7.9400E-04
  113   3.0200E-04
  114   9.4000E-05
  115   5.6000E-05
  116   1.4000E-05
  117   4.0000E-06
