   67   2.0000E-06
   68   4.0000E-06
   70   2.9000E-05
   71   1.2400E-04
   72   1.8200E-04
   73   7.5000E-04
   74   2.4510E-03
   75   3.1470E-03
   76   6.1150E-03
   77   1.9359E-02
   78   2.6385E-02
   79   2.5802E-02
   80   6.4716E-02
   81   9.6655E-02
   82   6.6580E-02
   83   9.2392E-02
   84   1.4507E-01
   85   9.6779E-02
   86   6.5844E-02
   87   9.4774E-02
   88   7.6620E-02
   89   3.9211E-02
   90   3.5464E-02
   91   4.1540E-02
   92   4.1540E-02
   93   3.5464E-02
   94   3.9211E-02
   95   7.6620E-02
   96   9.4774E-02
   97   6.5844E-02
   98   9.6779E-02
   99   1.4507E-01
  100   9.2392E-02
  101   6.6580E-02
  102   9.6655E-02
  103   6.4716E-02
  104   2.5802E-02
  105   2.6385E-02
  106   1.9359E-02
  107   6.1150E-03
  108   3.1470E-03
  109   2.4510E-03
  110   7.5000E-04
  111   1.8200E-04
  112   1.2400E-04
  113   2.9000E-05
  115   4.0000E-06
  116   2.0000E-06
