   70   7.0000E-06
   71   2.6000E-05
   72   5.1000E-05
   73   3.1900E-04
   74   6.7600E-04
   75   9.0100E-04
   76   3.6100E-03
   77   8.6400E-03
   78   9.0190E-03
   79   1.9263E-02
   80   4.7853E-02
   81   4.7628E-02
   82   4.9597E-02
   83   1.1262E-01
   84   1.1968E-01
   85   7.3429E-02
   86   1.1403E-01
   87   1.3259E-01
   88   6.8481E-02
   89   5.5655E-02
   90   6.8668E-02
   91   4.2773E-02
   92   2.4467E-02
   93   2.4467E-02
   94   4.2773E-02
   95   6.8668E-02
   96   5.5655E-02
   97   6.8481E-02
   98   1.3259E-01
   99   1.1403E-01
  100   7.3429E-02
  101   1.1968E-01
  102   1.1262E-01
  103   4.9597E-02
  104   4.7628E-02
  105   4.7853E-02
  106   1.9263E-02
  107   9.0190E-03
  108   8.6400E-03
  109   3.6100E-03
  110   9.0100E-04
  111   6.7600E-04
  112   3.1900E-04
  113   5.1000E-05
  114   2.6000E-05
  115   7.0000E-06
