   72   5.0000E-06
   73   1.8000E-05
   74   3.8000E-05
   75   1.2400E-04
   76   2.7600E-04
   77   6.6400E-04
   78   1.5790E-03
   79   3.2020E-03
   80   6.5200E-03
   81   1.1680E-02
   82   1.9764E-02
   83   3.1502E-02
   84   4.6527E-02
   85   6.4289E-02
   86   8.1472E-02
   87   9.7263E-02
   88   1.0726E-01
   89   1.1172E-01
   90   1.0757E-01
   91   9.6928E-02
   92   8.1958E-02
   93   6.3753E-02
   94   4.7117E-02
   95   3.7544E-02
   96   4.7117E-02
   97   6.3753E-02
   98   8.1958E-02
   99   9.6928E-02
  100   1.0757E-01
  101   1.1172E-01
  102   1.0726E-01
  103   9.7263E-02
  104   8.1472E-02
  105   6.4289E-02
  106   4.6527E-02
  107   3.1502E-02
  108   1.9764E-02
  109   1.1680E-02
  110   6.5200E-03
  111   3.2020E-03
  112   1.5790E-03
  113   6.6400E-04
  114   2.7600E-04
  115   1.2400E-04
  116   3.8000E-05
  117   1.8000E-05
  118   5.0000E-06
