   70   3.0000E-06
   71   1.3000E-05
   72   4.1000E-05
   73   1.2400E-04
   74   3.7000E-04
   75   8.0900E-04
   76   2.0000E-03
   77   4.0820E-03
   78   8.4490E-03
   79   1.5224E-02
   80   2.5990E-02
   81   4.0475E-02
   82   5.8767E-02
   83   7.7998E-02
   84   9.4899E-02
   85   1.0828E-01
   86   1.1270E-01
   87   1.0936E-01
   88   9.8889E-02
   89   8.1509E-02
   90   6.4499E-02
   91   4.7977E-02
   92   3.4073E-02
   93   2.6926E-02
   94   3.4073E-02
   95   4.7977E-02
   96   6.4499E-02
   97   8.1509E-02
   98   9.8889E-02
   99   1.0936E-01
  100   1.1270E-01
  101   1.0828E-01
  102   9.4899E-02
  103   7.7998E-02
  104   5.8767E-02
  105   4.0475E-02
  106   2.5990E-02
  107   1.5224E-02
  108   8.4490E-03
  109   4.0820E-03
  110   2.0000E-03
  111   8.0900E-04
  112   3.7000E-04
  113   1.2400E-04
  114   4.1000E-05
  115   1.3000E-05
  116   3.0000E-06
