   70   4.0000E-06
   71   5.0000E-06
   72   2.8000E-05
   73   8.3000E-05
   74   1.7600E-04
   75   4.3300E-04
   76   1.7870E-03
   77   2.8460E-03
   78   4.0260E-03
   79   1.3926E-02
   80   2.2871E-02
   81   2.0394E-02
   82   4.8250E-02
   83   8.5669E-02
   84   6.4191E-02
   85   8.0077E-02
   86   1.4497E-01
   87   1.0962E-01
   88   7.2044E-02
   89   1.1282E-01
   90   9.3538E-02
   91   4.1708E-02
   92   4.2319E-02
   93   3.8206E-02
   94   3.8206E-02
   95   4.2319E-02
   96   4.1708E-02
   97   9.3538E-02
   98   1.1282E-01
   99   7.2044E-02
  100   1.0962E-01
  101   1.4497E-01
  102   8.0077E-02
  103   6.4191E-02
  104   8.5669E-02
  105   4.8250E-02
  106   2.0394E-02
  107   2.2871E-02
  108   1.3926E-02
  109   4.0260E-03
  110   2.8460E-03
  111   1.7870E-03
  112   4.3300E-04
  113   1.7600E-04
  114   8.3000E-05
  115   2.8000E-05
  116   5.0000E-06
  117   4.0000E-06
