   68   3.0000E-06
   69   7.0000E-06
   70   3.4000E-05
   71   1.3100E-04
   72   1.7900E-04
   73   7.0500E-04
   74   2.2920E-03
   75   3.0280E-03
   76   6.0690E-03
   77   1.9392E-02
   78   2.6460E-02
   79   2.5914E-02
   80   6.4734E-02
   81   9.6495E-02
   82   6.6405E-02
   83   9.2553E-02
   84   1.4552E-01
   85   9.6871E-02
   86   6.5362E-02
   87   9.5190E-02
   88   7.7034E-02
   89   3.9096E-02
   90   3.5023E-02
   91   4.1499E-02
   92   4.1499E-02
   93   3.5023E-02
   94   3.9096E-02
   95   7.7034E-02
   96   9.5190E-02
   97   6.5362E-02
   98   9.6871E-02
   99   1.4552E-01
  100   9.2553E-02
  101   6.6405E-02
  102   9.6495E-02
  103   6.4734E-02
  104   2.5914E-02
  105   2.6460E-02
  106   1.9392E-02
  107   6.0690E-03
  108   3.0280E-03
  109   2.2920E-03
  110   7.0500E-04
  111   1.7900E-04
  112   1.3100E-04
  113   3.4000E-05
  114   7.0000E-06
  115   3.0000E-06
