   59   2.0000E-06
   60   2.0000E-06
   61   2.0000E-06
   62   8.0000E-06
   63   1.1000E-05
   64   2.1000E-05
   65   3.0000E-05
   66   5.9000E-05
   67   8.6000E-05
   68   8.8000E-05
   69   1.6700E-04
   70   2.4800E-04
   71   4.4500E-04
   72   7.8000E-04
   73   1.0940E-03
   74   1.7200E-03
   75   2.7590E-03
   76   4.3750E-03
   77   6.4900E-03
   78   9.6960E-03
   79   1.3574E-02
   80   1.8852E-02
   81   2.6141E-02
   82   3.4513E-02
   83   4.3103E-02
   84   5.2836E-02
   85   6.2539E-02
   86   7.1183E-02
   87   7.7838E-02
   88   8.3366E-02
   89   8.5545E-02
   90   8.4621E-02
   91   8.1648E-02
   92   7.6799E-02
   93   6.9342E-02
   94   6.2155E-02
   95   5.5690E-02
   96   6.2155E-02
   97   6.9342E-02
   98   7.6799E-02
   99   8.1648E-02
  100   8.4621E-02
  101   8.5545E-02
  102   8.3366E-02
  103   7.7838E-02
  104   7.1183E-02
  105   6.2539E-02
  106   5.2836E-02
  107   4.3103E-02
  108   3.4513E-02
  109   2.6141E-02
  110   1.8852E-02
  111   1.3574E-02
  112   9.6960E-03
  113   6.4900E-03
  114   4.3750E-03
  115   2.7590E-03
  116   1.7200E-03
  117   1.0940E-03
  118   7.8000E-04
  119   4.4500E-04
  120   2.4800E-04
  121   1.6700E-04
  122   8.8000E-05
  123   8.6000E-05
  124   5.9000E-05
  125   3.0000E-05
  126   2.1000E-05
  127   1.1000E-05
  128   8.0000E-06
  129   2.0000E-06
  130   2.0000E-06
  131   2.0000E-06
