   67   1.0000E-05
   68   2.3000E-05
   69   3.5000E-05
   70   1.4600E-04
   71   6.1600E-04
   72   1.0130E-03
   73   1.7840E-03
   74   6.9440E-03
   75   1.2300E-02
   76   1.2413E-02
   77   3.0767E-02
   78   6.1294E-02
   79   5.1579E-02
   80   6.2400E-02
   81   1.2520E-01
   82   1.1023E-01
   83   6.8184E-02
   84   1.0559E-01
   85   1.0807E-01
   86   5.6826E-02
   87   4.6839E-02
   88   5.8614E-02
   89   4.9402E-02
   90   2.9710E-02
   91   2.9710E-02
   92   4.9402E-02
   93   5.8614E-02
   94   4.6839E-02
   95   5.6826E-02
   96   1.0807E-01
   97   1.0559E-01
   98   6.8184E-02
   99   1.1023E-01
  100   1.2520E-01
  101   6.2400E-02
  102   5.1579E-02
  103   6.1294E-02
  104   3.0767E-02
  105   1.2413E-02
  106   1.2300E-02
  107   6.9440E-03
  108   1.7840E-03
  109   1.0130E-03
  110   6.1600E-04
  111   1.4600E-04
  112   3.5000E-05
  113   2.3000E-05
  114   1.0000E-05
