   54   5.0000E-06
   55   9.0000E-06
   56   1.4000E-05
   57   3.2000E-05
   58   5.4000E-05
   59   6.7000E-05
   60   1.0900E-04
   61   1.5700E-04
   62   2.4000E-04
   63   3.6000E-04
   64   5.9600E-04
   65   8.0600E-04
   66   1.1890E-03
   67   1.7210E-03
   68   2.5690E-03
   69   3.4170E-03
   70   4.7400E-03
   71   6.5150E-03
   72   8.8360E-03
   73   1.1683E-02
   74   1.6020E-02
   75   2.0064E-02
   76   2.4637E-02
   77   3.1276E-02
   78   3.8654E-02
   79   4.4307E-02
   80   5.0905E-02
   81   5.8465E-02
   82   6.3830E-02
   83   6.6903E-02
   84   7.1514E-02
   85   7.4268E-02
   86   7.4042E-02
   87   7.4089E-02
   88   7.4424E-02
   89   7.3855E-02
   90   7.0694E-02
   91   7.0050E-02
   92   7.2770E-02
   93   7.4424E-02
   94   7.4539E-02
   95   7.5697E-02
   96   7.6177E-02
   97   7.3642E-02
   98   7.0460E-02
   99   6.7694E-02
  100   6.2418E-02
  101   5.5404E-02
  102   4.8718E-02
  103   4.2908E-02
  104   3.5547E-02
  105   2.9354E-02
  106   2.3293E-02
  107   1.8948E-02
  108   1.5040E-02
  109   1.1143E-02
  110   8.4990E-03
  111   6.2840E-03
  112   4.6140E-03
  113   3.3660E-03
  114   2.5100E-03
  115   1.6960E-03
  116   1.1790E-03
  117   7.9900E-04
  118   5.9400E-04
  119   3.6100E-04
  120   2.3700E-04
  121   1.5700E-04
  122   1.0900E-04
  123   6.7000E-05
  124   5.4000E-05
  125   3.2000E-05
  126   1.4000E-05
  127   9.0000E-06
  128   5.0000E-06
