   54   2.0000E-06
   55   3.0000E-06
   56   5.0000E-06
   58   9.0000E-06
   59   1.0000E-05
   60   1.7000E-05
   61   3.8000E-05
   62   5.3000E-05
   63   9.1000E-05
   64   1.4500E-04
   65   1.9300E-04
   66   3.3600E-04
   67   5.0600E-04
   68   7.6200E-04
   69   1.1520E-03
   70   1.8700E-03
   71   2.5790E-03
   72   3.7260E-03
   73   5.4310E-03
   74   7.9550E-03
   75   1.0521E-02
   76   1.4633E-02
   77   1.9133E-02
   78   2.4400E-02
   79   3.0964E-02
   80   3.8110E-02
   81   4.5299E-02
   82   5.2208E-02
   83   5.9719E-02
   84   6.5903E-02
   85   7.0306E-02
   86   7.3963E-02
   87   7.6933E-02
   88   7.6025E-02
   89   7.5430E-02
   90   7.3720E-02
   91   7.0563E-02
   92   6.6219E-02
   93   6.3580E-02
   94   6.6765E-02
   95   7.0904E-02
   96   7.3535E-02
   97   7.5940E-02
   98   7.6683E-02
   99   7.6633E-02
  100   7.3688E-02
  101   7.0535E-02
  102   6.5440E-02
  103   5.9048E-02
  104   5.1943E-02
  105   4.4970E-02
  106   3.7610E-02
  107   3.0702E-02
  108   2.4205E-02
  109   1.8985E-02
  110   1.4530E-02
  111   1.0473E-02
  112   7.9280E-03
  113   5.4190E-03
  114   3.7210E-03
  115   2.5730E-03
  116   1.8700E-03
  117   1.1520E-03
  118   7.6200E-04
  119   5.0600E-04
  120   3.3600E-04
  121   1.9300E-04
  122   1.4500E-04
  123   9.1000E-05
  124   5.3000E-05
  125   3.8000E-05
  126   1.7000E-05
  127   1.0000E-05
  128   9.0000E-06
  130   5.0000E-06
  131   3.0000E-06
  132   2.0000E-06
