   73   1.0000E-05
   74   3.4000E-05
   75   1.0700E-04
   76   2.8800E-04
   77   6.6900E-04
   78   1.5810E-03
   79   3.3060E-03
   80   6.3990E-03
   81   1.1611E-02
   82   2.0112E-02
   83   3.1394E-02
   84   4.6366E-02
   85   6.3926E-02
   86   8.1074E-02
   87   9.7494E-02
   88   1.0762E-01
   89   1.1192E-01
   90   1.0769E-01
   91   9.6874E-02
   92   8.2249E-02
   93   6.3710E-02
   94   4.7303E-02
   95   3.6498E-02
   96   4.7303E-02
   97   6.3710E-02
   98   8.2249E-02
   99   9.6874E-02
  100   1.0769E-01
  101   1.1192E-01
  102   1.0762E-01
  103   9.7494E-02
  104   8.1074E-02
  105   6.3926E-02
  106   4.6366E-02
  107   3.1394E-02
  108   2.0112E-02
  109   1.1611E-02
  110   6.3990E-03
  111   3.3060E-03
  112   1.5810E-03
  113   6.6900E-04
  114   2.8800E-04
  115   1.0700E-04
  116   3.4000E-05
  117   1.0000E-05
