   66   2.0000E-06
   67   1.0000E-05
   68   3.1000E-05
   69   3.3000E-05
   70   1.7100E-04
   71   6.2600E-04
   72   1.0490E-03
   73   1.8300E-03
   74   6.9570E-03
   75   1.2348E-02
   76   1.2308E-02
   77   3.0728E-02
   78   6.1702E-02
   79   5.1540E-02
   80   6.1799E-02
   81   1.2421E-01
   82   1.0905E-01
   83   6.8176E-02
   84   1.0564E-01
   85   1.0832E-01
   86   5.6812E-02
   87   4.6871E-02
   88   5.9327E-02
   89   5.0117E-02
   90   3.0329E-02
   91   3.0329E-02
   92   5.0117E-02
   93   5.9327E-02
   94   4.6871E-02
   95   5.6812E-02
   96   1.0832E-01
   97   1.0564E-01
   98   6.8176E-02
   99   1.0905E-01
  100   1.2421E-01
  101   6.1799E-02
  102   5.1540E-02
  103   6.1702E-02
  104   3.0728E-02
  105   1.2308E-02
  106   1.2348E-02
  107   6.9570E-03
  108   1.8300E-03
  109   1.0490E-03
  110   6.2600E-04
  111   1.7100E-04
  112   3.3000E-05
  113   3.1000E-05
  114   1.0000E-05
  115   2.0000E-06
