   57   2.0000E-06
   59   4.0000E-06
   60   1.0000E-05
   61   2.8000E-05
   62   4.3000E-05
   63   6.4000E-05
   64   1.1900E-04
   65   1.7900E-04
   66   2.9300E-04
   67   5.0700E-04
   68   1.0120E-03
   69   1.4310E-03
   70   2.3260E-03
   71   3.8730E-03
   72   6.1650E-03
   73   9.1350E-03
   74   1.3929E-02
   75   1.9086E-02
   76   2.5528E-02
   77   3.3457E-02
   78   4.3677E-02
   79   5.1210E-02
   80   5.9664E-02
   81   6.7604E-02
   82   7.4151E-02
   83   7.5985E-02
   84   7.8272E-02
   85   8.0003E-02
   86   7.6248E-02
   87   7.2997E-02
   88   7.0989E-02
   89   6.8429E-02
   90   6.3638E-02
   91   6.3638E-02
   92   6.8527E-02
   93   7.0944E-02
   94   7.3058E-02
   95   7.6267E-02
   96   8.0066E-02
   97   7.8256E-02
   98   7.5959E-02
   99   7.4076E-02
  100   6.7606E-02
  101   5.9572E-02
  102   5.1203E-02
  103   4.3636E-02
  104   3.3394E-02
  105   2.5513E-02
  106   1.9098E-02
  107   1.3903E-02
  108   9.1280E-03
  109   6.1590E-03
  110   3.8750E-03
  111   2.3240E-03
  112   1.4310E-03
  113   1.0120E-03
  114   5.0700E-04
  115   2.9300E-04
  116   1.7900E-04
  117   1.1900E-04
  118   6.4000E-05
  119   4.3000E-05
  120   2.8000E-05
  121   1.0000E-05
  122   4.0000E-06
  124   2.0000E-06
