   72   3.0000E-06
   73   4.0000E-06
   74   1.7000E-05
   75   9.0000E-05
   76   1.4300E-04
   77   3.1200E-04
   78   1.2470E-03
   79   2.3760E-03
   80   2.8480E-03
   81   8.9780E-03
   82   1.8191E-02
   83   1.6424E-02
   84   3.3226E-02
   85   6.9839E-02
   86   5.8286E-02
   87   6.4868E-02
   88   1.3113E-01
   89   1.1441E-01
   90   7.3685E-02
   91   1.2312E-01
   92   1.1499E-01
   93   5.3147E-02
   94   5.8393E-02
   95   5.4273E-02
   96   5.4273E-02
   97   5.8393E-02
   98   5.3147E-02
   99   1.1499E-01
  100   1.2312E-01
  101   7.3685E-02
  102   1.1441E-01
  103   1.3113E-01
  104   6.4868E-02
  105   5.8286E-02
  106   6.9839E-02
  107   3.3226E-02
  108   1.6424E-02
  109   1.8191E-02
  110   8.9780E-03
  111   2.8480E-03
  112   2.3760E-03
  113   1.2470E-03
  114   3.1200E-04
  115   1.4300E-04
  116   9.0000E-05
  117   1.7000E-05
  118   4.0000E-06
  119   3.0000E-06
