   78   6.0000E-06
   79   3.5000E-05
   80   7.7000E-05
   81   2.0900E-04
   82   4.9600E-04
   83   1.0790E-03
   84   2.3630E-03
   85   4.5740E-03
   86   8.4590E-03
   87   1.4820E-02
   88   2.4425E-02
   89   3.7109E-02
   90   5.3187E-02
   91   7.1626E-02
   92   8.9675E-02
   93   1.0593E-01
   94   1.1628E-01
   95   1.1962E-01
   96   1.1700E-01
   97   1.0476E-01
   98   8.9976E-02
   99   7.6572E-02
  100   8.9976E-02
  101   1.0476E-01
  102   1.1700E-01
  103   1.1962E-01
  104   1.1628E-01
  105   1.0593E-01
  106   8.9675E-02
  107   7.1626E-02
  108   5.3187E-02
  109   3.7109E-02
  110   2.4425E-02
  111   1.4820E-02
  112   8.4590E-03
  113   4.5740E-03
  114   2.3630E-03
  115   1.0790E-03
  116   4.9600E-04
  117   2.0900E-04
  118   7.7000E-05
  119   3.5000E-05
  120   6.0000E-06
