   73   2.0000E-06
   74   1.3000E-05
   75   2.7000E-05
   76   6.4000E-05
   77   2.1800E-04
   78   4.6500E-04
   79   1.2080E-03
   80   2.5510E-03
   81   5.1900E-03
   82   9.3490E-03
   83   1.6431E-02
   84   2.6767E-02
   85   3.9929E-02
   86   5.7093E-02
   87   7.4751E-02
   88   9.1893E-02
   89   1.0430E-01
   90   1.1207E-01
   91   1.1238E-01
   92   1.0345E-01
   93   9.1004E-02
   94   7.2604E-02
   95   5.5941E-02
   96   4.4574E-02
   97   5.5941E-02
   98   7.2604E-02
   99   9.1004E-02
  100   1.0345E-01
  101   1.1238E-01
  102   1.1207E-01
  103   1.0430E-01
  104   9.1893E-02
  105   7.4751E-02
  106   5.7093E-02
  107   3.9929E-02
  108   2.6767E-02
  109   1.6431E-02
  110   9.3490E-03
  111   5.1900E-03
  112   2.5510E-03
  113   1.2080E-03
  114   4.6500E-04
  115   2.1800E-04
  116   6.4000E-05
  117   2.7000E-05
  118   1.3000E-05
  119   2.0000E-06
