   71   2.0000E-06
   74   5.0000E-06
   75   1.0000E-05
   76   2.2000E-05
   77   4.6000E-05
   78   1.2500E-04
   79   2.4700E-04
   80   6.2900E-04
   81   1.2840E-03
   82   2.4720E-03
   83   4.6170E-03
   84   8.5250E-03
   85   1.3952E-02
   86   2.2197E-02
   87   3.3425E-02
   88   4.6923E-02
   89   6.2364E-02
   90   7.9270E-02
   91   9.2755E-02
   92   1.0444E-01
   93   1.0998E-01
   94   1.0928E-01
   95   1.0367E-01
   96   9.1720E-02
   97   7.8138E-02
   98   6.7784E-02
   99   7.8138E-02
  100   9.1720E-02
  101   1.0367E-01
  102   1.0928E-01
  103   1.0998E-01
  104   1.0444E-01
  105   9.2755E-02
  106   7.9270E-02
  107   6.2364E-02
  108   4.6923E-02
  109   3.3425E-02
  110   2.2197E-02
  111   1.3952E-02
  112   8.5250E-03
  113   4.6170E-03
  114   2.4720E-03
  115   1.2840E-03
  116   6.2900E-04
  117   2.4700E-04
  118   1.2500E-04
  119   4.6000E-05
  120   2.2000E-05
  121   1.0000E-05
  122   5.0000E-06
  125   2.0000E-06
