   77   2.0000E-06
   78   2.0000E-06
   79   8.0000E-06
   80   1.6000E-05
   81   4.8000E-05
   82   1.4600E-04
   83   3.5300E-04
   84   8.2200E-04
   85   1.7690E-03
   86   3.4790E-03
   87   6.8650E-03
   88   1.2217E-02
   89   2.0420E-02
   90   3.1987E-02
   91   4.6658E-02
   92   6.4653E-02
   93   8.3493E-02
   94   1.0154E-01
   95   1.1588E-01
   96   1.2377E-01
   97   1.2311E-01
   98   1.1572E-01
   99   1.0179E-01
  100   9.0486E-02
  101   1.0179E-01
  102   1.1572E-01
  103   1.2311E-01
  104   1.2377E-01
  105   1.1588E-01
  106   1.0154E-01
  107   8.3493E-02
  108   6.4653E-02
  109   4.6658E-02
  110   3.1987E-02
  111   2.0420E-02
  112   1.2217E-02
  113   6.8650E-03
  114   3.4790E-03
  115   1.7690E-03
  116   8.2200E-04
  117   3.5300E-04
  118   1.4600E-04
  119   4.8000E-05
  120   1.6000E-05
  121   8.0000E-06
  122   2.0000E-06
  123   2.0000E-06
