   79   5.0000E-06
   80   2.0000E-05
   81   7.0000E-05
   82   1.4300E-04
   83   3.4200E-04
   84   8.6400E-04
   85   1.7990E-03
   86   3.5360E-03
   87   6.8750E-03
   88   1.2234E-02
   89   2.0319E-02
   90   3.1965E-02
   91   4.6784E-02
   92   6.5408E-02
   93   8.3287E-02
   94   1.0157E-01
   95   1.1607E-01
   96   1.2288E-01
   97   1.2386E-01
   98   1.1540E-01
   99   1.0147E-01
  100   9.0146E-02
  101   1.0147E-01
  102   1.1540E-01
  103   1.2386E-01
  104   1.2288E-01
  105   1.1607E-01
  106   1.0157E-01
  107   8.3287E-02
  108   6.5408E-02
  109   4.6784E-02
  110   3.1965E-02
  111   2.0319E-02
  112   1.2234E-02
  113   6.8750E-03
  114   3.5360E-03
  115   1.7990E-03
  116   8.6400E-04
  117   3.4200E-04
  118   1.4300E-04
  119   7.0000E-05
  120   2.0000E-05
  121   5.0000E-06
