   74   1.1000E-05
   75   3.3000E-05
   76   5.8000E-05
   77   2.0000E-04
   78   4.7200E-04
   79   8.5000E-04
   80   1.8200E-03
   81   4.2660E-03
   82   7.1020E-03
   83   1.0982E-02
   84   2.3515E-02
   85   3.2998E-02
   86   3.9206E-02
   87   6.3849E-02
   88   8.8646E-02
   89   8.2314E-02
   90   9.9109E-02
   91   1.2611E-01
   92   1.0315E-01
   93   8.9027E-02
   94   9.8277E-02
   95   7.5525E-02
   96   5.2467E-02
   97   5.2467E-02
   98   7.5525E-02
   99   9.8277E-02
  100   8.9027E-02
  101   1.0315E-01
  102   1.2611E-01
  103   9.9109E-02
  104   8.2314E-02
  105   8.8646E-02
  106   6.3849E-02
  107   3.9206E-02
  108   3.2998E-02
  109   2.3515E-02
  110   1.0982E-02
  111   7.1020E-03
  112   4.2660E-03
  113   1.8200E-03
  114   8.5000E-04
  115   4.7200E-04
  116   2.0000E-04
  117   5.8000E-05
  118   3.3000E-05
  119   1.1000E-05
