   79   1.0000E-05
   80   2.3000E-05
   81   5.0000E-05
   82   1.4200E-04
   83   4.0100E-04
   84   8.0600E-04
   85   1.7600E-03
   86   3.5720E-03
   87   6.8610E-03
   88   1.2124E-02
   89   2.0770E-02
   90   3.1566E-02
   91   4.6906E-02
   92   6.5013E-02
   93   8.3550E-02
   94   1.0229E-01
   95   1.1534E-01
   96   1.2301E-01
   97   1.2338E-01
   98   1.1573E-01
   99   1.0150E-01
  100   9.0392E-02
  101   1.0150E-01
  102   1.1573E-01
  103   1.2338E-01
  104   1.2301E-01
  105   1.1534E-01
  106   1.0229E-01
  107   8.3550E-02
  108   6.5013E-02
  109   4.6906E-02
  110   3.1566E-02
  111   2.0770E-02
  112   1.2124E-02
  113   6.8610E-03
  114   3.5720E-03
  115   1.7600E-03
  116   8.0600E-04
  117   4.0100E-04
  118   1.4200E-04
  119   5.0000E-05
  120   2.3000E-05
  121   1.0000E-05
