   77   1.2000E-05
   78   1.8000E-05
   79   4.0000E-05
   80   2.1000E-04
   81   3.2400E-04
   82   6.2000E-04
   83   2.5320E-03
   84   4.2100E-03
   85   4.8960E-03
   86   1.5495E-02
   87   2.6287E-02
   88   2.2456E-02
   89   4.9430E-02
   90   8.6869E-02
   91   6.3338E-02
   92   8.6459E-02
   93   1.5082E-01
   94   1.0451E-01
   95   8.4461E-02
   96   1.3721E-01
   97   9.6223E-02
   98   6.3578E-02
   99   6.3578E-02
  100   9.6223E-02
  101   1.3721E-01
  102   8.4461E-02
  103   1.0451E-01
  104   1.5082E-01
  105   8.6459E-02
  106   6.3338E-02
  107   8.6869E-02
  108   4.9430E-02
  109   2.2456E-02
  110   2.6287E-02
  111   1.5495E-02
  112   4.8960E-03
  113   4.2100E-03
  114   2.5320E-03
  115   6.2000E-04
  116   3.2400E-04
  117   2.1000E-04
  118   4.0000E-05
  119   1.8000E-05
  120   1.2000E-05
