   79   2.0000E-06
   80   2.0000E-06
   82   6.0000E-06
   83   9.0000E-06
   84   5.2000E-05
   85   1.3800E-04
   86   2.0200E-04
   87   6.8900E-04
   88   1.7110E-03
   89   1.9200E-03
   90   5.4650E-03
   91   1.2992E-02
   92   1.2651E-02
   93   2.3473E-02
   94   5.5048E-02
   95   4.9714E-02
   96   6.0398E-02
   97   1.3175E-01
   98   1.1430E-01
   99   9.2325E-02
  100   1.7645E-01
  101   1.5049E-01
  102   1.1020E-01
  103   1.1020E-01
  104   1.5049E-01
  105   1.7645E-01
  106   9.2325E-02
  107   1.1430E-01
  108   1.3175E-01
  109   6.0398E-02
  110   4.9714E-02
  111   5.5048E-02
  112   2.3473E-02
  113   1.2651E-02
  114   1.2992E-02
  115   5.4650E-03
  116   1.9200E-03
  117   1.7110E-03
  118   6.8900E-04
  119   2.0200E-04
  120   1.3800E-04
  121   5.2000E-05
  122   9.0000E-06
  123   6.0000E-06
  125   2.0000E-06
  126   2.0000E-06
