   79   2.0000E-06
   80   2.0000E-06
   81   8.0000E-06
   82   2.8000E-05
   83   3.4000E-05
   84   1.3200E-04
   85   4.9200E-04
   86   6.6200E-04
   87   1.3710E-03
   88   4.7980E-03
   89   6.4740E-03
   90   8.3160E-03
   91   2.5682E-02
   92   3.4191E-02
   93   3.0620E-02
   94   7.5323E-02
   95   1.0195E-01
   96   6.8926E-02
   97   1.2400E-01
   98   1.6753E-01
   99   9.6256E-02
  100   1.1630E-01
  101   1.3690E-01
  102   1.3690E-01
  103   1.1630E-01
  104   9.6256E-02
  105   1.6753E-01
  106   1.2400E-01
  107   6.8926E-02
  108   1.0195E-01
  109   7.5323E-02
  110   3.0620E-02
  111   3.4191E-02
  112   2.5682E-02
  113   8.3160E-03
  114   6.4740E-03
  115   4.7980E-03
  116   1.3710E-03
  117   6.6200E-04
  118   4.9200E-04
  119   1.3200E-04
  120   3.4000E-05
  121   2.8000E-05
  122   8.0000E-06
  123   2.0000E-06
  124   2.0000E-06
