   83   2.0000E-06
   84   1.3000E-05
   85   4.7000E-05
   86   1.2100E-04
   87   3.1600E-04
   88   7.6400E-04
   89   1.6110E-03
   90   3.3120E-03
   91   6.2980E-03
   92   1.1486E-02
   93   1.9088E-02
   94   3.0803E-02
   95   4.5759E-02
   96   6.4249E-02
   97   8.5819E-02
   98   1.0704E-01
   99   1.2556E-01
  100   1.4030E-01
  101   1.4552E-01
  102   1.4388E-01
  103   1.3600E-01
  104   1.4388E-01
  105   1.4552E-01
  106   1.4030E-01
  107   1.2556E-01
  108   1.0704E-01
  109   8.5819E-02
  110   6.4249E-02
  111   4.5759E-02
  112   3.0803E-02
  113   1.9088E-02
  114   1.1486E-02
  115   6.2980E-03
  116   3.3120E-03
  117   1.6110E-03
  118   7.6400E-04
  119   3.1600E-04
  120   1.2100E-04
  121   4.7000E-05
  122   1.3000E-05
  123   2.0000E-06
