   81   4.0000E-06
   82   4.0000E-06
   83   1.4000E-05
   84   4.3000E-05
   85   1.1300E-04
   86   1.7800E-04
   87   6.8900E-04
   88   1.7300E-03
   89   1.9260E-03
   90   5.2920E-03
   91   1.2845E-02
   92   1.2521E-02
   93   2.3319E-02
   94   5.5107E-02
   95   4.9831E-02
   96   6.0137E-02
   97   1.3108E-01
   98   1.1482E-01
   99   9.2206E-02
  100   1.7633E-01
  101   1.5125E-01
  102   1.1054E-01
  103   1.1054E-01
  104   1.5125E-01
  105   1.7633E-01
  106   9.2206E-02
  107   1.1482E-01
  108   1.3108E-01
  109   6.0137E-02
  110   4.9831E-02
  111   5.5107E-02
  112   2.3319E-02
  113   1.2521E-02
  114   1.2845E-02
  115   5.2920E-03
  116   1.9260E-03
  117   1.7300E-03
  118   6.8900E-04
  119   1.7800E-04
  120   1.1300E-04
  121   4.3000E-05
  122   1.4000E-05
  123   4.0000E-06
  124   4.0000E-06
