   81   2.0000E-06
   83   2.0000E-06
   84   4.0000E-06
   85   2.0000E-06
   86   3.0000E-05
   87   6.9000E-05
   88   9.9000E-05
   89   3.4100E-04
   90   9.9600E-04
   91   1.1780E-03
   92   3.0230E-03
   93   8.6250E-03
   94   9.4050E-03
   95   1.5723E-02
   96   4.1464E-02
   97   4.2578E-02
   98   4.8790E-02
   99   1.1632E-01
  100   1.1344E-01
  101   9.2044E-02
  102   1.8985E-01
  103   1.7848E-01
  104   1.3750E-01
  105   1.3750E-01
  106   1.7848E-01
  107   1.8985E-01
  108   9.2044E-02
  109   1.1344E-01
  110   1.1632E-01
  111   4.8790E-02
  112   4.2578E-02
  113   4.1464E-02
  114   1.5723E-02
  115   9.4050E-03
  116   8.6250E-03
  117   3.0230E-03
  118   1.1780E-03
  119   9.9600E-04
  120   3.4100E-04
  121   9.9000E-05
  122   6.9000E-05
  123   3.0000E-05
  124   2.0000E-06
  125   4.0000E-06
  126   2.0000E-06
  128   2.0000E-06
