   81   4.0000E-06
   83   2.0000E-06
   84   1.4000E-05
   85   2.8000E-05
   86   6.2000E-05
   87   2.9800E-04
   88   4.1200E-04
   89   7.3500E-04
   90   2.8200E-03
   91   4.5430E-03
   92   5.2740E-03
   93   1.6837E-02
   94   2.6936E-02
   95   2.3206E-02
   96   5.8334E-02
   97   9.0681E-02
   98   6.4131E-02
   99   1.1580E-01
  100   1.7515E-01
  101   1.0798E-01
  102   1.3536E-01
  103   1.7137E-01
  104   1.7137E-01
  105   1.3536E-01
  106   1.0798E-01
  107   1.7515E-01
  108   1.1580E-01
  109   6.4131E-02
  110   9.0681E-02
  111   5.8334E-02
  112   2.3206E-02
  113   2.6936E-02
  114   1.6837E-02
  115   5.2740E-03
  116   4.5430E-03
  117   2.8200E-03
  118   7.3500E-04
  119   4.1200E-04
  120   2.9800E-04
  121   6.2000E-05
  122   2.8000E-05
  123   1.4000E-05
  124   2.0000E-06
  126   4.0000E-06
