   81   3.0000E-06
   83   4.0000E-06
   84   1.6000E-05
   85   2.7000E-05
   86   5.0000E-05
   87   2.4800E-04
   88   4.2900E-04
   89   7.2400E-04
   90   2.8150E-03
   91   4.5220E-03
   92   5.2100E-03
   93   1.6850E-02
   94   2.6688E-02
   95   2.3215E-02
   96   5.8399E-02
   97   9.0183E-02
   98   6.4619E-02
   99   1.1652E-01
  100   1.7498E-01
  101   1.0802E-01
  102   1.3513E-01
  103   1.7134E-01
  104   1.7134E-01
  105   1.3513E-01
  106   1.0802E-01
  107   1.7498E-01
  108   1.1652E-01
  109   6.4619E-02
  110   9.0183E-02
  111   5.8399E-02
  112   2.3215E-02
  113   2.6688E-02
  114   1.6850E-02
  115   5.2100E-03
  116   4.5220E-03
  117   2.8150E-03
  118   7.2400E-04
  119   4.2900E-04
  120   2.4800E-04
  121   5.0000E-05
  122   2.7000E-05
  123   1.6000E-05
  124   4.0000E-06
  126   3.0000E-06
