   85   4.0000E-06
   86   7.0000E-06
   87   2.4000E-05
   88   4.0000E-05
   89   1.5200E-04
   90   2.7100E-04
   91   4.0500E-04
   92   1.6270E-03
   93   3.0520E-03
   94   3.3720E-03
   95   1.0780E-02
   96   2.0381E-02
   97   1.7852E-02
   98   4.4005E-02
   99   7.7874E-02
  100   5.8768E-02
  101   1.0591E-01
  102   1.7714E-01
  103   1.1860E-01
  104   1.5225E-01
  105   2.0748E-01
  106   2.0748E-01
  107   1.5225E-01
  108   1.1860E-01
  109   1.7714E-01
  110   1.0591E-01
  111   5.8768E-02
  112   7.7874E-02
  113   4.4005E-02
  114   1.7852E-02
  115   2.0381E-02
  116   1.0780E-02
  117   3.3720E-03
  118   3.0520E-03
  119   1.6270E-03
  120   4.0500E-04
  121   2.7100E-04
  122   1.5200E-04
  123   4.0000E-05
  124   2.4000E-05
  125   7.0000E-06
  126   4.0000E-06
