   44   2.0000E-06
   48   2.0000E-06
   50   2.0000E-06
   51   3.0000E-06
   52   6.0000E-06
   54   6.0000E-06
   55   4.0000E-06
   56   3.0000E-06
   57   2.0000E-06
   58   1.2000E-05
   59   1.1000E-05
   60   1.4000E-05
   61   7.0000E-06
   62   1.5000E-05
   63   1.5000E-05
   64   1.6000E-05
   65   2.0000E-05
   66   2.5000E-05
   67   2.5000E-05
   68   3.1000E-05
   69   2.8000E-05
   70   4.4000E-05
   71   3.0000E-05
   72   5.2000E-05
   73   4.7000E-05
   74   5.9000E-05
   75   6.2000E-05
   76   6.3000E-05
   77   6.0000E-05
   78   8.3000E-05
   79   8.0000E-05
   80   9.8000E-05
   81   9.8000E-05
   82   1.2600E-04
   83   1.1000E-04
   84   1.1800E-04
   85   1.6300E-04
   86   1.8500E-04
   87   1.8300E-04
   88   2.0700E-04
   89   2.4800E-04
   90   2.7900E-04
   91   3.4900E-04
   92   4.0400E-04
   93   4.7800E-04
   94   5.9400E-04
   95   7.2600E-04
   96   9.2800E-04
   97   1.1060E-03
   98   1.4790E-03
   99   1.7550E-03
  100   2.4460E-03
  101   2.9450E-03
  102   3.8560E-03
  103   4.5850E-03
  104   5.6150E-03
  105   7.0350E-03
  106   8.7050E-03
  107   1.0292E-02
  108   1.2418E-02
  109   1.4690E-02
  110   1.7122E-02
  111   2.0173E-02
  112   2.3261E-02
  113   2.6562E-02
  114   3.0031E-02
  115   3.3406E-02
  116   3.7335E-02
  117   4.0315E-02
  118   4.3185E-02
  119   4.6011E-02
  120   4.8151E-02
  121   4.9924E-02
  122   5.0724E-02
  123   5.1452E-02
  124   5.1202E-02
  125   5.0707E-02
  126   4.8928E-02
  127   4.7144E-02
  128   4.5187E-02
  129   4.2833E-02
  130   4.0884E-02
  131   3.7788E-02
  132   3.4570E-02
  133   3.4570E-02
  134   3.7790E-02
  135   4.0882E-02
  136   4.2833E-02
  137   4.5187E-02
  138   4.7144E-02
  139   4.8928E-02
  140   5.0707E-02
  141   5.1204E-02
  142   5.1450E-02
  143   5.0724E-02
  144   4.9924E-02
  145   4.8151E-02
  146   4.6011E-02
  147   4.3185E-02
  148   4.0315E-02
  149   3.7335E-02
  150   3.3406E-02
  151   3.0031E-02
  152   2.6562E-02
  153   2.3261E-02
  154   2.0173E-02
  155   1.7122E-02
  156   1.4690E-02
  157   1.2418E-02
  158   1.0292E-02
  159   8.7050E-03
  160   7.0350E-03
  161   5.6150E-03
  162   4.5850E-03
  163   3.8560E-03
  164   2.9450E-03
  165   2.4460E-03
  166   1.7550E-03
  167   1.4790E-03
  168   1.1060E-03
  169   9.2800E-04
  170   7.2600E-04
  171   5.9400E-04
  172   4.7800E-04
  173   4.0400E-04
  174   3.4900E-04
  175   2.7900E-04
  176   2.4800E-04
  177   2.0700E-04
  178   1.8300E-04
  179   1.8500E-04
  180   1.6300E-04
  181   1.1800E-04
  182   1.1000E-04
  183   1.2600E-04
  184   9.8000E-05
  185   9.8000E-05
  186   8.0000E-05
  187   8.3000E-05
  188   6.0000E-05
  189   6.3000E-05
  190   6.2000E-05
