   58   3.0000E-06
   63   2.0000E-06
   67   2.0000E-06
   68   4.0000E-06
   70   2.0000E-06
   71   2.0000E-06
   73   3.0000E-06
   75   7.0000E-06
   76   7.0000E-06
   77   8.0000E-06
   78   3.0000E-06
   79   2.0000E-06
   80   9.0000E-06
   81   1.0000E-05
   82   1.5000E-05
   83   1.8000E-05
   84   3.0000E-05
   85   3.3000E-05
   86   3.4000E-05
   87   6.3000E-05
   88   7.3000E-05
   89   7.9000E-05
   90   1.2100E-04
   91   1.4500E-04
   92   1.9600E-04
   93   2.6500E-04
   94   3.4100E-04
   95   4.3200E-04
   96   5.4200E-04
   97   6.6100E-04
   98   9.0000E-04
   99   1.0990E-03
  100   1.4200E-03
  101   1.8710E-03
  102   2.3670E-03
  103   3.0220E-03
  104   3.7870E-03
  105   4.7550E-03
  106   5.8270E-03
  107   7.3240E-03
  108   9.1010E-03
  109   1.0821E-02
  110   1.2965E-02
  111   1.5659E-02
  112   1.8327E-02
  113   2.1439E-02
  114   2.5346E-02
  115   2.8656E-02
  116   3.2271E-02
  117   3.6227E-02
  118   3.9625E-02
  119   4.3012E-02
  120   4.6516E-02
  121   4.9310E-02
  122   5.1546E-02
  123   5.3176E-02
  124   5.3830E-02
  125   5.3715E-02
  126   5.3235E-02
  127   5.1100E-02
  128   5.0061E-02
  129   4.7579E-02
  130   4.4780E-02
  131   4.2601E-02
  132   3.8651E-02
  133   3.4940E-02
  134   3.4940E-02
  135   3.8651E-02
  136   4.2601E-02
  137   4.4780E-02
  138   4.7579E-02
  139   5.0061E-02
  140   5.1100E-02
  141   5.3235E-02
  142   5.3715E-02
  143   5.3830E-02
  144   5.3176E-02
  145   5.1546E-02
  146   4.9310E-02
  147   4.6516E-02
  148   4.3012E-02
  149   3.9625E-02
  150   3.6227E-02
  151   3.2271E-02
  152   2.8656E-02
  153   2.5346E-02
  154   2.1439E-02
  155   1.8327E-02
  156   1.5659E-02
  157   1.2965E-02
  158   1.0821E-02
  159   9.1010E-03
  160   7.3240E-03
  161   5.8270E-03
  162   4.7550E-03
  163   3.7870E-03
  164   3.0220E-03
  165   2.3670E-03
  166   1.8710E-03
  167   1.4200E-03
  168   1.0990E-03
  169   9.0000E-04
  170   6.6100E-04
  171   5.4200E-04
  172   4.3200E-04
  173   3.4100E-04
  174   2.6500E-04
  175   1.9600E-04
  176   1.4500E-04
  177   1.2100E-04
  178   7.9000E-05
  179   7.3000E-05
  180   6.3000E-05
  181   3.4000E-05
  182   3.3000E-05
  183   3.0000E-05
  184   1.8000E-05
  185   1.5000E-05
  186   1.0000E-05
  187   9.0000E-06
  188   2.0000E-06
  189   3.0000E-06
  190   8.0000E-06
