   70   2.0000E-06
   76   2.0000E-06
   77   2.0000E-06
   79   3.0000E-06
   80   6.0000E-06
   81   7.0000E-06
   82   1.4000E-05
   83   1.2000E-05
   84   1.8000E-05
   85   2.4000E-05
   86   4.3000E-05
   87   5.2000E-05
   88   7.8000E-05
   89   9.8000E-05
   90   1.2200E-04
   91   1.3600E-04
   92   1.9900E-04
   93   2.3700E-04
   94   3.5600E-04
   95   4.4700E-04
   96   5.7500E-04
   97   6.9200E-04
   98   9.8100E-04
   99   1.1760E-03
  100   1.3850E-03
  101   1.8290E-03
  102   2.2400E-03
  103   2.7710E-03
  104   3.4800E-03
  105   4.2310E-03
  106   5.1740E-03
  107   6.2670E-03
  108   7.9580E-03
  109   9.4180E-03
  110   1.1470E-02
  111   1.3785E-02
  112   1.6030E-02
  113   1.8892E-02
  114   2.2232E-02
  115   2.5797E-02
  116   2.9200E-02
  117   3.2640E-02
  118   3.6521E-02
  119   4.0055E-02
  120   4.3383E-02
  121   4.6635E-02
  122   4.9138E-02
  123   5.1262E-02
  124   5.2471E-02
  125   5.2582E-02
  126   5.2686E-02
  127   5.2052E-02
  128   5.1092E-02
  129   4.9558E-02
  130   4.8500E-02
  131   4.6405E-02
  132   4.4999E-02
  133   4.2271E-02
  134   4.0570E-02
  135   4.2271E-02
  136   4.4999E-02
  137   4.6405E-02
  138   4.8500E-02
  139   4.9558E-02
  140   5.1092E-02
  141   5.2052E-02
  142   5.2686E-02
  143   5.2582E-02
  144   5.2471E-02
  145   5.1262E-02
  146   4.9138E-02
  147   4.6635E-02
  148   4.3383E-02
  149   4.0055E-02
  150   3.6521E-02
  151   3.2640E-02
  152   2.9200E-02
  153   2.5797E-02
  154   2.2232E-02
  155   1.8892E-02
  156   1.6030E-02
  157   1.3785E-02
  158   1.1470E-02
  159   9.4180E-03
  160   7.9580E-03
  161   6.2670E-03
  162   5.1740E-03
  163   4.2310E-03
  164   3.4800E-03
  165   2.7710E-03
  166   2.2400E-03
  167   1.8290E-03
  168   1.3850E-03
  169   1.1760E-03
  170   9.8100E-04
  171   6.9200E-04
  172   5.7500E-04
  173   4.4700E-04
  174   3.5600E-04
  175   2.3700E-04
  176   1.9900E-04
  177   1.3600E-04
  178   1.2200E-04
  179   9.8000E-05
  180   7.8000E-05
  181   5.2000E-05
  182   4.3000E-05
  183   2.4000E-05
  184   1.8000E-05
  185   1.2000E-05
  186   1.4000E-05
  187   7.0000E-06
  188   6.0000E-06
  189   3.0000E-06
