   59   2.0000E-06
   68   5.0000E-06
   69   3.0000E-06
   72   2.0000E-06
   73   3.0000E-06
   76   4.0000E-06
   77   5.0000E-06
   78   7.0000E-06
   79   5.0000E-06
   80   8.0000E-06
   81   1.4000E-05
   82   8.0000E-06
   83   1.9000E-05
   84   1.6000E-05
   85   2.7000E-05
   86   2.5000E-05
   87   5.4000E-05
   88   7.8000E-05
   89   9.8000E-05
   90   1.1000E-04
   91   1.4000E-04
   92   1.9600E-04
   93   2.5000E-04
   94   3.4900E-04
   95   3.9800E-04
   96   5.0800E-04
   97   7.2100E-04
   98   9.4800E-04
   99   1.1140E-03
  100   1.4360E-03
  101   1.8160E-03
  102   2.3170E-03
  103   3.0560E-03
  104   3.7910E-03
  105   4.8270E-03
  106   5.9270E-03
  107   7.2010E-03
  108   9.2050E-03
  109   1.0804E-02
  110   1.3090E-02
  111   1.5563E-02
  112   1.8554E-02
  113   2.1568E-02
  114   2.5236E-02
  115   2.8634E-02
  116   3.2303E-02
  117   3.6068E-02
  118   3.9732E-02
  119   4.3677E-02
  120   4.6606E-02
  121   4.9596E-02
  122   5.1392E-02
  123   5.2906E-02
  124   5.3811E-02
  125   5.3339E-02
  126   5.3026E-02
  127   5.1197E-02
  128   4.9395E-02
  129   4.7395E-02
  130   4.4523E-02
  131   4.2224E-02
  132   3.9392E-02
  133   3.5239E-02
  134   3.5239E-02
  135   3.9392E-02
  136   4.2224E-02
  137   4.4523E-02
  138   4.7395E-02
  139   4.9395E-02
  140   5.1197E-02
  141   5.3026E-02
  142   5.3339E-02
  143   5.3811E-02
  144   5.2906E-02
  145   5.1392E-02
  146   4.9596E-02
  147   4.6606E-02
  148   4.3677E-02
  149   3.9732E-02
  150   3.6068E-02
  151   3.2303E-02
  152   2.8634E-02
  153   2.5236E-02
  154   2.1568E-02
  155   1.8554E-02
  156   1.5563E-02
  157   1.3090E-02
  158   1.0804E-02
  159   9.2050E-03
  160   7.2010E-03
  161   5.9270E-03
  162   4.8270E-03
  163   3.7910E-03
  164   3.0560E-03
  165   2.3170E-03
  166   1.8160E-03
  167   1.4360E-03
  168   1.1140E-03
  169   9.4800E-04
  170   7.2100E-04
  171   5.0800E-04
  172   3.9800E-04
  173   3.4900E-04
  174   2.5000E-04
  175   1.9600E-04
  176   1.4000E-04
  177   1.1000E-04
  178   9.8000E-05
  179   7.8000E-05
  180   5.4000E-05
  181   2.5000E-05
  182   2.7000E-05
  183   1.6000E-05
  184   1.9000E-05
  185   8.0000E-06
  186   1.4000E-05
  187   8.0000E-06
  188   5.0000E-06
  189   7.0000E-06
  190   5.0000E-06
