   31   2.0000E-06
   36   4.0000E-06
   38   4.0000E-06
   39   5.0000E-06
   40   4.0000E-06
   41   3.0000E-06
   42   7.0000E-06
   43   3.0000E-06
   44   8.0000E-06
   45   6.0000E-06
   46   7.0000E-06
   47   1.1000E-05
   48   1.4000E-05
   49   1.9000E-05
   50   1.3000E-05
   51   2.3000E-05
   52   1.6000E-05
   53   3.1000E-05
   54   2.2000E-05
   55   3.8000E-05
   56   4.0000E-05
   57   4.3000E-05
   58   5.1000E-05
   59   5.1000E-05
   60   5.4000E-05
   61   6.3000E-05
   62   6.9000E-05
   63   5.5000E-05
   64   8.9000E-05
   65   1.0900E-04
   66   1.2300E-04
   67   1.1200E-04
   68   1.4600E-04
   69   1.5900E-04
   70   1.5400E-04
   71   1.9300E-04
   72   1.9000E-04
   73   2.3400E-04
   74   2.5200E-04
   75   2.9400E-04
   76   3.1400E-04
   77   3.6500E-04
   78   4.3600E-04
   79   3.8500E-04
   80   4.3200E-04
   81   4.9300E-04
   82   6.0100E-04
   83   6.1100E-04
   84   6.5700E-04
   85   6.9300E-04
   86   8.5700E-04
   87   8.5200E-04
   88   9.7500E-04
   89   1.0410E-03
   90   1.1670E-03
   91   1.2140E-03
   92   1.3340E-03
   93   1.4750E-03
   94   1.8750E-03
   95   1.9540E-03
   96   2.1550E-03
   97   2.5330E-03
   98   2.9150E-03
   99   3.1920E-03
  100   3.8110E-03
  101   4.5590E-03
  102   5.3560E-03
  103   6.1830E-03
  104   7.1750E-03
  105   8.3500E-03
  106   9.7940E-03
  107   1.1519E-02
  108   1.3077E-02
  109   1.5457E-02
  110   1.7413E-02
  111   1.9930E-02
  112   2.2509E-02
  113   2.5422E-02
  114   2.8237E-02
  115   3.1240E-02
  116   3.3924E-02
  117   3.7227E-02
  118   3.9707E-02
  119   4.1951E-02
  120   4.3844E-02
  121   4.5689E-02
  122   4.7275E-02
  123   4.7443E-02
  124   4.7755E-02
  125   4.7466E-02
  126   4.6833E-02
  127   4.5502E-02
  128   4.4281E-02
  129   4.2824E-02
  130   4.1291E-02
  131   3.8751E-02
  132   3.6535E-02
  133   3.6105E-02
  134   3.7377E-02
  135   4.0894E-02
  136   4.2480E-02
  137   4.3828E-02
  138   4.5334E-02
  139   4.6088E-02
  140   4.6496E-02
  141   4.7623E-02
  142   4.7783E-02
  143   4.7454E-02
  144   4.6379E-02
  145   4.5020E-02
  146   4.2726E-02
  147   4.0854E-02
  148   3.8404E-02
  149   3.5488E-02
  150   3.2550E-02
  151   2.9371E-02
  152   2.7018E-02
  153   2.3798E-02
  154   2.1023E-02
  155   1.8566E-02
  156   1.6215E-02
  157   1.4133E-02
  158   1.2386E-02
  159   1.0502E-02
  160   9.1510E-03
  161   7.7290E-03
  162   6.6630E-03
  163   5.7930E-03
  164   4.9630E-03
  165   4.1780E-03
  166   3.6120E-03
  167   3.2360E-03
  168   2.7160E-03
  169   2.4150E-03
  170   2.2030E-03
  171   1.9650E-03
  172   1.7610E-03
  173   1.6680E-03
  174   1.3680E-03
  175   1.2680E-03
  176   1.1110E-03
  177   1.1290E-03
  178   1.0120E-03
  179   9.3100E-04
  180   8.3800E-04
  181   8.4800E-04
  182   6.9000E-04
  183   6.3200E-04
  184   6.1600E-04
  185   5.9400E-04
  186   4.8500E-04
  187   4.3800E-04
  188   3.8200E-04
  189   4.3300E-04
  190   3.6300E-04
