   75   2.0000E-06
   79   2.0000E-06
   80   3.0000E-06
   81   4.0000E-06
   82   1.1000E-05
   83   1.1000E-05
   84   1.8000E-05
   85   1.4000E-05
   86   2.5000E-05
   87   4.5000E-05
   88   7.1000E-05
   89   8.4000E-05
   90   1.0300E-04
   91   1.3600E-04
   92   1.7200E-04
   93   2.2300E-04
   94   3.4500E-04
   95   4.1900E-04
   96   4.8200E-04
   97   6.2100E-04
   98   8.2100E-04
   99   9.5200E-04
  100   1.1760E-03
  101   1.5260E-03
  102   1.8150E-03
  103   2.2710E-03
  104   2.9780E-03
  105   3.3940E-03
  106   4.0880E-03
  107   5.2670E-03
  108   6.3120E-03
  109   7.5240E-03
  110   9.2230E-03
  111   1.1000E-02
  112   1.2939E-02
  113   1.5381E-02
  114   1.8169E-02
  115   2.0915E-02
  116   2.3746E-02
  117   2.6768E-02
  118   3.0522E-02
  119   3.4402E-02
  120   3.7613E-02
  121   4.0707E-02
  122   4.3969E-02
  123   4.6319E-02
  124   4.8472E-02
  125   4.9859E-02
  126   5.1258E-02
  127   5.1917E-02
  128   5.2000E-02
  129   5.1929E-02
  130   5.1629E-02
  131   5.2124E-02
  132   5.1981E-02
  133   5.1449E-02
  134   5.0230E-02
  135   4.9072E-02
  136   5.0230E-02
  137   5.1449E-02
  138   5.1981E-02
  139   5.2124E-02
  140   5.1629E-02
  141   5.1929E-02
  142   5.2000E-02
  143   5.1917E-02
  144   5.1258E-02
  145   4.9859E-02
  146   4.8472E-02
  147   4.6319E-02
  148   4.3969E-02
  149   4.0707E-02
  150   3.7613E-02
  151   3.4402E-02
  152   3.0522E-02
  153   2.6768E-02
  154   2.3746E-02
  155   2.0915E-02
  156   1.8169E-02
  157   1.5381E-02
  158   1.2939E-02
  159   1.1000E-02
  160   9.2230E-03
  161   7.5240E-03
  162   6.3120E-03
  163   5.2670E-03
  164   4.0880E-03
  165   3.3940E-03
  166   2.9780E-03
  167   2.2710E-03
  168   1.8150E-03
  169   1.5260E-03
  170   1.1760E-03
  171   9.5200E-04
  172   8.2100E-04
  173   6.2100E-04
  174   4.8200E-04
  175   4.1900E-04
  176   3.4500E-04
  177   2.2300E-04
  178   1.7200E-04
  179   1.3600E-04
  180   1.0300E-04
  181   8.4000E-05
  182   7.1000E-05
  183   4.5000E-05
  184   2.5000E-05
  185   1.4000E-05
  186   1.8000E-05
  187   1.1000E-05
  188   1.1000E-05
  189   4.0000E-06
  190   3.0000E-06
