   74   2.0000E-06
   76   2.0000E-06
   78   2.0000E-06
   83   4.0000E-06
   84   1.3000E-05
   85   4.0000E-06
   86   8.0000E-06
   87   1.2000E-05
   88   1.6000E-05
   89   2.8000E-05
   90   6.0000E-05
   91   6.4000E-05
   92   8.9000E-05
   93   1.1900E-04
   94   1.5400E-04
   95   2.0400E-04
   96   2.9600E-04
   97   3.7600E-04
   98   4.5100E-04
   99   5.8400E-04
  100   6.9000E-04
  101   8.3200E-04
  102   1.1150E-03
  103   1.3000E-03
  104   1.5570E-03
  105   1.8600E-03
  106   2.4070E-03
  107   2.7990E-03
  108   3.1430E-03
  109   3.8840E-03
  110   4.5760E-03
  111   5.4690E-03
  112   6.5880E-03
  113   7.6010E-03
  114   8.7630E-03
  115   1.0311E-02
  116   1.1899E-02
  117   1.3720E-02
  118   1.5601E-02
  119   1.7955E-02
  120   2.0016E-02
  121   2.2456E-02
  122   2.5116E-02
  123   2.7240E-02
  124   2.9562E-02
  125   3.1929E-02
  126   3.3981E-02
  127   3.6211E-02
  128   3.8057E-02
  129   4.0665E-02
  130   4.4553E-02
  131   4.8829E-02
  132   5.4847E-02
  133   6.3613E-02
  134   7.4442E-02
  135   8.4694E-02
  136   9.3623E-02
  137   1.0558E-01
  138   1.0558E-01
  139   9.3623E-02
  140   8.4694E-02
  141   7.4442E-02
  142   6.3613E-02
  143   5.4847E-02
  144   4.8829E-02
  145   4.4553E-02
  146   4.0665E-02
  147   3.8057E-02
  148   3.6211E-02
  149   3.3981E-02
  150   3.1929E-02
  151   2.9562E-02
  152   2.7240E-02
  153   2.5116E-02
  154   2.2456E-02
  155   2.0016E-02
  156   1.7955E-02
  157   1.5601E-02
  158   1.3720E-02
  159   1.1899E-02
  160   1.0311E-02
  161   8.7630E-03
  162   7.6010E-03
  163   6.5880E-03
  164   5.4690E-03
  165   4.5760E-03
  166   3.8840E-03
  167   3.1430E-03
  168   2.7990E-03
  169   2.4070E-03
  170   1.8600E-03
  171   1.5570E-03
  172   1.3000E-03
  173   1.1150E-03
  174   8.3200E-04
  175   6.9000E-04
  176   5.8400E-04
  177   4.5100E-04
  178   3.7600E-04
  179   2.9600E-04
  180   2.0400E-04
  181   1.5400E-04
  182   1.1900E-04
  183   8.9000E-05
  184   6.4000E-05
  185   6.0000E-05
  186   2.8000E-05
  187   1.6000E-05
  188   1.2000E-05
  189   8.0000E-06
  190   4.0000E-06
