   70   3.0000E-06
   74   3.0000E-06
   75   2.0000E-06
   78   3.0000E-06
   79   2.0000E-06
   80   3.0000E-06
   81   7.0000E-06
   82   1.2000E-05
   83   9.0000E-06
   84   1.5000E-05
   85   7.0000E-06
   86   2.3000E-05
   87   2.9000E-05
   88   4.0000E-05
   89   6.6000E-05
   90   7.7000E-05
   91   8.6000E-05
   92   1.0700E-04
   93   1.6000E-04
   94   2.2300E-04
   95   2.4500E-04
   96   3.5600E-04
   97   4.4900E-04
   98   5.1200E-04
   99   6.5300E-04
  100   8.4400E-04
  101   1.0080E-03
  102   1.2320E-03
  103   1.6160E-03
  104   1.9520E-03
  105   2.3790E-03
  106   2.9270E-03
  107   3.6000E-03
  108   4.2000E-03
  109   5.2470E-03
  110   6.4860E-03
  111   7.6080E-03
  112   9.0090E-03
  113   1.0943E-02
  114   1.2859E-02
  115   1.5119E-02
  116   1.7755E-02
  117   2.0452E-02
  118   2.3465E-02
  119   2.6449E-02
  120   2.9755E-02
  121   3.2831E-02
  122   3.5684E-02
  123   3.8976E-02
  124   4.2077E-02
  125   4.4016E-02
  126   4.6154E-02
  127   4.7819E-02
  128   4.9501E-02
  129   5.0743E-02
  130   5.1790E-02
  131   5.3828E-02
  132   5.5351E-02
  133   5.7887E-02
  134   5.9988E-02
  135   6.2244E-02
  136   6.3077E-02
  137   6.3077E-02
  138   6.2244E-02
  139   5.9988E-02
  140   5.7887E-02
  141   5.5351E-02
  142   5.3828E-02
  143   5.1790E-02
  144   5.0743E-02
  145   4.9501E-02
  146   4.7819E-02
  147   4.6154E-02
  148   4.4016E-02
  149   4.2077E-02
  150   3.8976E-02
  151   3.5684E-02
  152   3.2831E-02
  153   2.9755E-02
  154   2.6449E-02
  155   2.3465E-02
  156   2.0452E-02
  157   1.7755E-02
  158   1.5119E-02
  159   1.2859E-02
  160   1.0943E-02
  161   9.0090E-03
  162   7.6080E-03
  163   6.4860E-03
  164   5.2470E-03
  165   4.2000E-03
  166   3.6000E-03
  167   2.9270E-03
  168   2.3790E-03
  169   1.9520E-03
  170   1.6160E-03
  171   1.2320E-03
  172   1.0080E-03
  173   8.4400E-04
  174   6.5300E-04
  175   5.1200E-04
  176   4.4900E-04
  177   3.5600E-04
  178   2.4500E-04
  179   2.2300E-04
  180   1.6000E-04
  181   1.0700E-04
  182   8.6000E-05
  183   7.7000E-05
  184   6.6000E-05
  185   4.0000E-05
  186   2.9000E-05
  187   2.3000E-05
  188   7.0000E-06
  189   1.5000E-05
  190   9.0000E-06
