   80   2.0000E-06
   82   5.0000E-06
   83   9.0000E-06
   84   1.2000E-05
   85   2.0000E-05
   86   2.7000E-05
   87   3.7000E-05
   88   5.4000E-05
   89   7.8000E-05
   90   7.8000E-05
   91   1.0400E-04
   92   1.5000E-04
   93   1.7300E-04
   94   3.1300E-04
   95   3.0400E-04
   96   4.5200E-04
   97   5.1100E-04
   98   6.5500E-04
   99   8.5300E-04
  100   1.1070E-03
  101   1.3080E-03
  102   1.5270E-03
  103   1.9400E-03
  104   2.3810E-03
  105   2.8980E-03
  106   3.4100E-03
  107   4.0820E-03
  108   4.7850E-03
  109   6.0800E-03
  110   7.1430E-03
  111   8.4850E-03
  112   9.9650E-03
  113   1.1982E-02
  114   1.3768E-02
  115   1.6412E-02
  116   1.8698E-02
  117   2.1138E-02
  118   2.4404E-02
  119   2.7437E-02
  120   3.0964E-02
  121   3.3550E-02
  122   3.6433E-02
  123   3.9491E-02
  124   4.2005E-02
  125   4.4015E-02
  126   4.5954E-02
  127   4.6990E-02
  128   4.8680E-02
  129   5.0638E-02
  130   5.2198E-02
  131   5.5072E-02
  132   5.7262E-02
  133   6.0858E-02
  134   6.3587E-02
  135   6.5899E-02
  136   6.7184E-02
  137   6.5899E-02
  138   6.3587E-02
  139   6.0858E-02
  140   5.7262E-02
  141   5.5072E-02
  142   5.2198E-02
  143   5.0638E-02
  144   4.8680E-02
  145   4.6990E-02
  146   4.5954E-02
  147   4.4015E-02
  148   4.2005E-02
  149   3.9491E-02
  150   3.6433E-02
  151   3.3550E-02
  152   3.0964E-02
  153   2.7437E-02
  154   2.4404E-02
  155   2.1138E-02
  156   1.8698E-02
  157   1.6412E-02
  158   1.3768E-02
  159   1.1982E-02
  160   9.9650E-03
  161   8.4850E-03
  162   7.1430E-03
  163   6.0800E-03
  164   4.7850E-03
  165   4.0820E-03
  166   3.4100E-03
  167   2.8980E-03
  168   2.3810E-03
  169   1.9400E-03
  170   1.5270E-03
  171   1.3080E-03
  172   1.1070E-03
  173   8.5300E-04
  174   6.5500E-04
  175   5.1100E-04
  176   4.5200E-04
  177   3.0400E-04
  178   3.1300E-04
  179   1.7300E-04
  180   1.5000E-04
  181   1.0400E-04
  182   7.8000E-05
  183   7.8000E-05
  184   5.4000E-05
  185   3.7000E-05
  186   2.7000E-05
  187   2.0000E-05
  188   1.2000E-05
  189   9.0000E-06
  190   5.0000E-06
