   79   4.0000E-06
   81   2.0000E-06
   83   7.0000E-06
   84   5.0000E-06
   85   7.0000E-06
   86   7.0000E-06
   87   1.6000E-05
   88   3.9000E-05
   89   5.2000E-05
   90   6.9000E-05
   91   8.9000E-05
   92   1.0600E-04
   93   1.4500E-04
   94   2.2700E-04
   95   2.3600E-04
   96   3.3200E-04
   97   4.0000E-04
   98   5.9700E-04
   99   7.0200E-04
  100   9.2900E-04
  101   1.0640E-03
  102   1.2540E-03
  103   1.5080E-03
  104   1.8570E-03
  105   2.2390E-03
  106   2.6900E-03
  107   3.1360E-03
  108   3.6570E-03
  109   4.4360E-03
  110   5.2560E-03
  111   6.0040E-03
  112   6.9620E-03
  113   8.0080E-03
  114   9.3310E-03
  115   1.0868E-02
  116   1.2611E-02
  117   1.4478E-02
  118   1.6472E-02
  119   1.8619E-02
  120   2.0800E-02
  121   2.3308E-02
  122   2.5223E-02
  123   2.8030E-02
  124   3.0226E-02
  125   3.2159E-02
  126   3.4082E-02
  127   3.6044E-02
  128   3.8244E-02
  129   4.1056E-02
  130   4.5174E-02
  131   5.1158E-02
  132   5.9064E-02
  133   6.8861E-02
  134   8.1391E-02
  135   9.3168E-02
  136   1.0219E-01
  137   1.1074E-01
  138   1.0219E-01
  139   9.3168E-02
  140   8.1391E-02
  141   6.8861E-02
  142   5.9064E-02
  143   5.1158E-02
  144   4.5174E-02
  145   4.1056E-02
  146   3.8244E-02
  147   3.6044E-02
  148   3.4082E-02
  149   3.2159E-02
  150   3.0226E-02
  151   2.8030E-02
  152   2.5223E-02
  153   2.3308E-02
  154   2.0800E-02
  155   1.8619E-02
  156   1.6472E-02
  157   1.4478E-02
  158   1.2611E-02
  159   1.0868E-02
  160   9.3310E-03
  161   8.0080E-03
  162   6.9620E-03
  163   6.0040E-03
  164   5.2560E-03
  165   4.4360E-03
  166   3.6570E-03
  167   3.1360E-03
  168   2.6900E-03
  169   2.2390E-03
  170   1.8570E-03
  171   1.5080E-03
  172   1.2540E-03
  173   1.0640E-03
  174   9.2900E-04
  175   7.0200E-04
  176   5.9700E-04
  177   4.0000E-04
  178   3.3200E-04
  179   2.3600E-04
  180   2.2700E-04
  181   1.4500E-04
  182   1.0600E-04
  183   8.9000E-05
  184   6.9000E-05
  185   5.2000E-05
  186   3.9000E-05
  187   1.6000E-05
  188   7.0000E-06
  189   7.0000E-06
  190   5.0000E-06
