   80   2.0000E-06
   81   2.0000E-06
   82   3.0000E-06
   83   6.0000E-06
   84   1.4000E-05
   85   1.1000E-05
   86   2.0000E-05
   87   3.6000E-05
   88   2.6000E-05
   89   5.1000E-05
   90   9.5000E-05
   91   1.0900E-04
   92   1.1500E-04
   93   1.6300E-04
   94   2.5200E-04
   95   3.0500E-04
   96   4.1200E-04
   97   5.0200E-04
   98   6.2000E-04
   99   8.0400E-04
  100   1.0550E-03
  101   1.2140E-03
  102   1.4710E-03
  103   1.7790E-03
  104   2.1750E-03
  105   2.5210E-03
  106   3.1810E-03
  107   3.7540E-03
  108   4.1870E-03
  109   5.2200E-03
  110   6.2740E-03
  111   7.2290E-03
  112   8.4670E-03
  113   1.0101E-02
  114   1.1625E-02
  115   1.3380E-02
  116   1.5946E-02
  117   1.7918E-02
  118   2.0260E-02
  119   2.3118E-02
  120   2.6075E-02
  121   2.8603E-02
  122   3.1735E-02
  123   3.4191E-02
  124   3.6447E-02
  125   3.8551E-02
  126   4.0701E-02
  127   4.2610E-02
  128   4.4717E-02
  129   4.7319E-02
  130   5.0053E-02
  131   5.4062E-02
  132   5.9933E-02
  133   6.5636E-02
  134   7.2606E-02
  135   7.9056E-02
  136   8.3254E-02
  137   8.3254E-02
  138   7.9056E-02
  139   7.2606E-02
  140   6.5636E-02
  141   5.9933E-02
  142   5.4062E-02
  143   5.0053E-02
  144   4.7319E-02
  145   4.4717E-02
  146   4.2610E-02
  147   4.0701E-02
  148   3.8551E-02
  149   3.6447E-02
  150   3.4191E-02
  151   3.1735E-02
  152   2.8603E-02
  153   2.6075E-02
  154   2.3118E-02
  155   2.0260E-02
  156   1.7918E-02
  157   1.5946E-02
  158   1.3380E-02
  159   1.1625E-02
  160   1.0101E-02
  161   8.4670E-03
  162   7.2290E-03
  163   6.2740E-03
  164   5.2200E-03
  165   4.1870E-03
  166   3.7540E-03
  167   3.1810E-03
  168   2.5210E-03
  169   2.1750E-03
  170   1.7790E-03
  171   1.4710E-03
  172   1.2140E-03
  173   1.0550E-03
  174   8.0400E-04
  175   6.2000E-04
  176   5.0200E-04
  177   4.1200E-04
  178   3.0500E-04
  179   2.5200E-04
  180   1.6300E-04
  181   1.1500E-04
  182   1.0900E-04
  183   9.5000E-05
  184   5.1000E-05
  185   2.6000E-05
  186   3.6000E-05
  187   2.0000E-05
  188   1.1000E-05
  189   1.4000E-05
  190   6.0000E-06
