   44   2.0000E-06
   51   2.0000E-06
   52   4.0000E-06
   55   2.0000E-06
   56   8.0000E-06
   57   2.0000E-06
   58   3.0000E-06
   59   9.0000E-06
   60   1.1000E-05
   61   8.0000E-06
   62   1.1000E-05
   63   1.0000E-05
   64   2.2000E-05
   65   1.6000E-05
   66   2.2000E-05
   67   1.8000E-05
   68   2.9000E-05
   69   2.7000E-05
   70   4.1000E-05
   71   2.4000E-05
   72   3.3000E-05
   73   4.7000E-05
   74   5.5000E-05
   75   4.9000E-05
   76   7.2000E-05
   77   6.3000E-05
   78   8.9000E-05
   79   9.7000E-05
   80   1.1400E-04
   81   1.0300E-04
   82   1.2300E-04
   83   1.4300E-04
   84   1.5900E-04
   85   1.6300E-04
   86   2.0700E-04
   87   2.2300E-04
   88   2.4000E-04
   89   2.6100E-04
   90   2.6300E-04
   91   3.5000E-04
   92   3.9600E-04
   93   4.2600E-04
   94   5.1000E-04
   95   5.4500E-04
   96   6.3500E-04
   97   6.8500E-04
   98   8.1400E-04
   99   9.5100E-04
  100   1.1310E-03
  101   1.2890E-03
  102   1.5150E-03
  103   1.8440E-03
  104   2.0890E-03
  105   2.4820E-03
  106   2.9760E-03
  107   3.4770E-03
  108   4.1580E-03
  109   4.9980E-03
  110   5.7230E-03
  111   6.8660E-03
  112   8.3440E-03
  113   9.3450E-03
  114   1.1067E-02
  115   1.2856E-02
  116   1.4770E-02
  117   1.6983E-02
  118   1.9494E-02
  119   2.2031E-02
  120   2.4204E-02
  121   2.6839E-02
  122   2.9323E-02
  123   3.2325E-02
  124   3.4920E-02
  125   3.6730E-02
  126   3.9047E-02
  127   4.1549E-02
  128   4.3638E-02
  129   4.5504E-02
  130   4.8035E-02
  131   5.0427E-02
  132   5.4953E-02
  133   5.8369E-02
  134   6.3696E-02
  135   6.8250E-02
  136   7.1195E-02
  137   7.4025E-02
  138   7.1147E-02
  139   6.8208E-02
  140   6.4448E-02
  141   5.9603E-02
  142   5.5625E-02
  143   5.1880E-02
  144   4.9056E-02
  145   4.6545E-02
  146   4.4929E-02
  147   4.3307E-02
  148   4.1781E-02
  149   3.9567E-02
  150   3.7440E-02
  151   3.5339E-02
  152   3.2897E-02
  153   3.0602E-02
  154   2.7471E-02
  155   2.5087E-02
  156   2.2638E-02
  157   2.0268E-02
  158   1.7817E-02
  159   1.5471E-02
  160   1.3604E-02
  161   1.1503E-02
  162   1.0110E-02
  163   8.6370E-03
  164   7.4420E-03
  165   6.1040E-03
  166   5.2980E-03
  167   4.5160E-03
  168   3.7070E-03
  169   3.1530E-03
  170   2.6210E-03
  171   2.2560E-03
  172   1.9310E-03
  173   1.7430E-03
  174   1.3020E-03
  175   1.1580E-03
  176   1.1020E-03
  177   8.5600E-04
  178   7.4500E-04
  179   6.4300E-04
  180   5.8800E-04
  181   5.4000E-04
  182   4.7200E-04
  183   4.2900E-04
  184   3.6700E-04
  185   3.3400E-04
  186   2.5500E-04
  187   2.6300E-04
  188   2.2800E-04
  189   2.2500E-04
  190   1.9800E-04
