   83   2.0000E-06
   84   3.0000E-06
   85   1.1000E-05
   86   1.2000E-05
   87   1.9000E-05
   88   1.7000E-05
   89   2.6000E-05
   90   5.2000E-05
   91   6.1000E-05
   92   8.6000E-05
   93   9.7000E-05
   94   1.6700E-04
   95   2.0100E-04
   96   2.7700E-04
   97   3.3000E-04
   98   4.0900E-04
   99   5.5900E-04
  100   7.8000E-04
  101   8.3500E-04
  102   1.0960E-03
  103   1.3130E-03
  104   1.5570E-03
  105   1.8210E-03
  106   2.2780E-03
  107   2.5520E-03
  108   3.0250E-03
  109   3.6420E-03
  110   4.1580E-03
  111   4.9120E-03
  112   5.8240E-03
  113   6.6320E-03
  114   7.6270E-03
  115   8.7820E-03
  116   1.0318E-02
  117   1.1707E-02
  118   1.3290E-02
  119   1.5005E-02
  120   1.6897E-02
  121   1.8972E-02
  122   2.0977E-02
  123   2.3048E-02
  124   2.5120E-02
  125   2.6609E-02
  126   2.8373E-02
  127   3.0499E-02
  128   3.2544E-02
  129   3.5920E-02
  130   4.0243E-02
  131   4.6517E-02
  132   5.4994E-02
  133   6.7199E-02
  134   8.3098E-02
  135   9.8252E-02
  136   1.1242E-01
  137   1.2881E-01
  138   1.2881E-01
  139   1.1242E-01
  140   9.8252E-02
  141   8.3098E-02
  142   6.7199E-02
  143   5.4994E-02
  144   4.6517E-02
  145   4.0243E-02
  146   3.5920E-02
  147   3.2544E-02
  148   3.0499E-02
  149   2.8373E-02
  150   2.6609E-02
  151   2.5120E-02
  152   2.3048E-02
  153   2.0977E-02
  154   1.8972E-02
  155   1.6897E-02
  156   1.5005E-02
  157   1.3290E-02
  158   1.1707E-02
  159   1.0318E-02
  160   8.7820E-03
  161   7.6270E-03
  162   6.6320E-03
  163   5.8240E-03
  164   4.9120E-03
  165   4.1580E-03
  166   3.6420E-03
  167   3.0250E-03
  168   2.5520E-03
  169   2.2780E-03
  170   1.8210E-03
  171   1.5570E-03
  172   1.3130E-03
  173   1.0960E-03
  174   8.3500E-04
  175   7.8000E-04
  176   5.5900E-04
  177   4.0900E-04
  178   3.3000E-04
  179   2.7700E-04
  180   2.0100E-04
  181   1.6700E-04
  182   9.7000E-05
  183   8.6000E-05
  184   6.1000E-05
  185   5.2000E-05
  186   2.6000E-05
  187   1.7000E-05
  188   1.9000E-05
  189   1.2000E-05
  190   1.1000E-05
