   71   2.0000E-06
   72   7.0000E-06
   73   2.0000E-06
   76   2.0000E-06
   77   4.0000E-06
   78   7.0000E-06
   79   3.0000E-06
   80   1.2000E-05
   81   2.0000E-06
   82   1.5000E-05
   83   5.0000E-06
   84   1.7000E-05
   85   1.9000E-05
   86   3.4000E-05
   87   3.9000E-05
   88   4.2000E-05
   89   4.4000E-05
   90   6.9000E-05
   91   9.4000E-05
   92   1.4500E-04
   93   1.5900E-04
   94   1.8700E-04
   95   2.3400E-04
   96   3.0500E-04
   97   4.0400E-04
   98   4.4400E-04
   99   5.7700E-04
  100   7.5700E-04
  101   9.7100E-04
  102   1.1730E-03
  103   1.4560E-03
  104   1.8740E-03
  105   2.2840E-03
  106   3.0030E-03
  107   3.5390E-03
  108   4.2740E-03
  109   5.2330E-03
  110   6.6180E-03
  111   7.6590E-03
  112   9.3730E-03
  113   1.1065E-02
  114   1.3139E-02
  115   1.5646E-02
  116   1.8344E-02
  117   2.0650E-02
  118   2.3810E-02
  119   2.6850E-02
  120   3.0222E-02
  121   3.3275E-02
  122   3.6744E-02
  123   3.9121E-02
  124   4.2378E-02
  125   4.4526E-02
  126   4.6937E-02
  127   4.8301E-02
  128   5.0069E-02
  129   5.1146E-02
  130   5.2126E-02
  131   5.3624E-02
  132   5.5932E-02
  133   5.7554E-02
  134   5.9710E-02
  135   6.1028E-02
  136   6.1240E-02
  137   6.0558E-02
  138   6.0036E-02
  139   5.8543E-02
  140   5.6684E-02
  141   5.4681E-02
  142   5.2940E-02
  143   5.1495E-02
  144   5.0747E-02
  145   4.9768E-02
  146   4.8217E-02
  147   4.6706E-02
  148   4.4408E-02
  149   4.2248E-02
  150   3.9022E-02
  151   3.6595E-02
  152   3.3115E-02
  153   3.0114E-02
  154   2.6688E-02
  155   2.3638E-02
  156   2.0593E-02
  157   1.8219E-02
  158   1.5647E-02
  159   1.2982E-02
  160   1.1046E-02
  161   9.2430E-03
  162   7.6720E-03
  163   6.5420E-03
  164   5.1940E-03
  165   4.2450E-03
  166   3.5240E-03
  167   2.9770E-03
  168   2.2610E-03
  169   1.8310E-03
  170   1.4590E-03
  171   1.1640E-03
  172   9.5800E-04
  173   7.4700E-04
  174   5.6000E-04
  175   4.4700E-04
  176   4.0200E-04
  177   2.9400E-04
  178   2.3500E-04
  179   1.8400E-04
  180   1.6300E-04
  181   1.3400E-04
  182   9.6000E-05
  183   6.9000E-05
  184   4.2000E-05
  185   4.2000E-05
  186   4.1000E-05
  187   3.2000E-05
  188   1.9000E-05
  189   1.7000E-05
  190   5.0000E-06
