   82   2.0000E-06
   83   3.0000E-06
   84   2.0000E-06
   85   4.0000E-06
   86   1.4000E-05
   87   2.4000E-05
   88   2.2000E-05
   89   3.2000E-05
   90   6.3000E-05
   91   6.5000E-05
   92   9.6000E-05
   93   1.6100E-04
   94   1.7600E-04
   95   2.3300E-04
   96   3.4200E-04
   97   4.2800E-04
   98   5.2000E-04
   99   6.4600E-04
  100   9.2400E-04
  101   1.0380E-03
  102   1.2420E-03
  103   1.6140E-03
  104   1.8500E-03
  105   2.1720E-03
  106   2.7490E-03
  107   3.0710E-03
  108   3.6710E-03
  109   4.3500E-03
  110   5.1420E-03
  111   5.7360E-03
  112   6.7690E-03
  113   7.9220E-03
  114   9.0340E-03
  115   1.0258E-02
  116   1.2270E-02
  117   1.3614E-02
  118   1.5503E-02
  119   1.7760E-02
  120   1.9971E-02
  121   2.2083E-02
  122   2.4459E-02
  123   2.6564E-02
  124   2.8959E-02
  125   3.0785E-02
  126   3.2815E-02
  127   3.4932E-02
  128   3.7094E-02
  129   4.0182E-02
  130   4.4526E-02
  131   5.0663E-02
  132   5.9617E-02
  133   7.0514E-02
  134   8.3889E-02
  135   9.7537E-02
  136   1.0704E-01
  137   1.1765E-01
  138   1.0704E-01
  139   9.7537E-02
  140   8.3889E-02
  141   7.0514E-02
  142   5.9617E-02
  143   5.0663E-02
  144   4.4526E-02
  145   4.0182E-02
  146   3.7094E-02
  147   3.4932E-02
  148   3.2815E-02
  149   3.0785E-02
  150   2.8959E-02
  151   2.6564E-02
  152   2.4459E-02
  153   2.2083E-02
  154   1.9971E-02
  155   1.7760E-02
  156   1.5503E-02
  157   1.3614E-02
  158   1.2270E-02
  159   1.0258E-02
  160   9.0340E-03
  161   7.9220E-03
  162   6.7690E-03
  163   5.7360E-03
  164   5.1420E-03
  165   4.3500E-03
  166   3.6710E-03
  167   3.0710E-03
  168   2.7490E-03
  169   2.1720E-03
  170   1.8500E-03
  171   1.6140E-03
  172   1.2420E-03
  173   1.0380E-03
  174   9.2400E-04
  175   6.4600E-04
  176   5.2000E-04
  177   4.2800E-04
  178   3.4200E-04
  179   2.3300E-04
  180   1.7600E-04
  181   1.6100E-04
  182   9.6000E-05
  183   6.5000E-05
  184   6.3000E-05
  185   3.2000E-05
  186   2.2000E-05
  187   2.4000E-05
  188   1.4000E-05
  189   4.0000E-06
  190   2.0000E-06
