   81   6.0000E-06
   82   2.0000E-06
   83   2.0000E-06
   84   7.0000E-06
   85   7.0000E-06
   86   1.3000E-05
   87   1.3000E-05
   88   2.5000E-05
   89   3.9000E-05
   90   5.3000E-05
   91   7.1000E-05
   92   8.3000E-05
   93   1.1300E-04
   94   1.3900E-04
   95   1.9700E-04
   96   2.8800E-04
   97   3.3800E-04
   98   4.8300E-04
   99   5.7300E-04
  100   7.5200E-04
  101   9.0400E-04
  102   1.0780E-03
  103   1.3480E-03
  104   1.5420E-03
  105   1.8880E-03
  106   2.3760E-03
  107   2.6000E-03
  108   3.1030E-03
  109   3.8150E-03
  110   4.5120E-03
  111   5.0740E-03
  112   5.9840E-03
  113   6.8040E-03
  114   7.9540E-03
  115   9.3540E-03
  116   1.0833E-02
  117   1.2410E-02
  118   1.3731E-02
  119   1.6006E-02
  120   1.7639E-02
  121   2.0030E-02
  122   2.2027E-02
  123   2.3712E-02
  124   2.6007E-02
  125   2.7905E-02
  126   2.9854E-02
  127   3.1891E-02
  128   3.4317E-02
  129   3.7151E-02
  130   4.1441E-02
  131   4.7404E-02
  132   5.5299E-02
  133   6.5826E-02
  134   8.1258E-02
  135   9.4056E-02
  136   1.0759E-01
  137   1.2205E-01
  138   1.2205E-01
  139   1.0759E-01
  140   9.4056E-02
  141   8.1258E-02
  142   6.5826E-02
  143   5.5299E-02
  144   4.7404E-02
  145   4.1441E-02
  146   3.7151E-02
  147   3.4317E-02
  148   3.1891E-02
  149   2.9854E-02
  150   2.7905E-02
  151   2.6007E-02
  152   2.3712E-02
  153   2.2027E-02
  154   2.0030E-02
  155   1.7639E-02
  156   1.6006E-02
  157   1.3731E-02
  158   1.2410E-02
  159   1.0833E-02
  160   9.3540E-03
  161   7.9540E-03
  162   6.8040E-03
  163   5.9840E-03
  164   5.0740E-03
  165   4.5120E-03
  166   3.8150E-03
  167   3.1030E-03
  168   2.6000E-03
  169   2.3760E-03
  170   1.8880E-03
  171   1.5420E-03
  172   1.3480E-03
  173   1.0780E-03
  174   9.0400E-04
  175   7.5200E-04
  176   5.7300E-04
  177   4.8300E-04
  178   3.3800E-04
  179   2.8800E-04
  180   1.9700E-04
  181   1.3900E-04
  182   1.1300E-04
  183   8.3000E-05
  184   7.1000E-05
  185   5.3000E-05
  186   3.9000E-05
  187   2.5000E-05
  188   1.3000E-05
  189   1.3000E-05
  190   7.0000E-06
