   62   2.0000E-06
   65   2.0000E-06
   66   2.0000E-06
   72   3.0000E-06
   73   3.4000E-05
   74   8.4000E-05
   75   2.2100E-04
   76   5.4900E-04
   77   1.2840E-03
   78   2.5620E-03
   79   5.1810E-03
   80   9.6630E-03
   81   1.6279E-02
   82   2.5461E-02
   83   3.8222E-02
   84   5.1709E-02
   85   6.6241E-02
   86   7.7529E-02
   87   8.4733E-02
   88   8.7632E-02
   89   8.3388E-02
   90   7.5885E-02
   91   6.6011E-02
   92   5.6390E-02
   93   4.9000E-02
   94   4.5031E-02
   95   4.3871E-02
   96   4.4533E-02
   97   4.5859E-02
   98   4.5238E-02
   99   4.5859E-02
  100   4.4533E-02
  101   4.3871E-02
  102   4.5031E-02
  103   4.9000E-02
  104   5.6390E-02
  105   6.6011E-02
  106   7.5885E-02
  107   8.3388E-02
  108   8.7632E-02
  109   8.4733E-02
  110   7.7529E-02
  111   6.6241E-02
  112   5.1709E-02
  113   3.8222E-02
  114   2.5461E-02
  115   1.6279E-02
  116   9.6630E-03
  117   5.1810E-03
  118   2.5620E-03
  119   1.2840E-03
  120   5.4900E-04
  121   2.2100E-04
  122   8.4000E-05
  123   3.4000E-05
  124   3.0000E-06
  130   2.0000E-06
  131   2.0000E-06
  134   2.0000E-06
