   62   2.0000E-06
   64   2.0000E-06
   65   3.0000E-06
   68   2.0000E-06
   70   4.0000E-06
   71   2.0000E-06
   72   2.0000E-06
   73   1.1000E-05
   74   2.7000E-05
   75   5.8000E-05
   76   1.9300E-04
   77   4.3700E-04
   78   9.9800E-04
   79   2.2000E-03
   80   4.2900E-03
   81   7.8490E-03
   82   1.4171E-02
   83   2.2861E-02
   84   3.4477E-02
   85   4.7897E-02
   86   6.2845E-02
   87   7.5889E-02
   88   8.6214E-02
   89   9.1125E-02
   90   8.9131E-02
   91   8.2944E-02
   92   7.2666E-02
   93   6.2331E-02
   94   5.2925E-02
   95   4.6321E-02
   96   4.2296E-02
   97   4.0391E-02
   98   3.9891E-02
   99   3.9044E-02
  100   3.9891E-02
  101   4.0391E-02
  102   4.2296E-02
  103   4.6321E-02
  104   5.2925E-02
  105   6.2331E-02
  106   7.2666E-02
  107   8.2944E-02
  108   8.9131E-02
  109   9.1125E-02
  110   8.6214E-02
  111   7.5889E-02
  112   6.2845E-02
  113   4.7897E-02
  114   3.4477E-02
  115   2.2861E-02
  116   1.4171E-02
  117   7.8490E-03
  118   4.2900E-03
  119   2.2000E-03
  120   9.9800E-04
  121   4.3700E-04
  122   1.9300E-04
  123   5.8000E-05
  124   2.7000E-05
  125   1.1000E-05
  126   2.0000E-06
  127   2.0000E-06
  128   4.0000E-06
  130   2.0000E-06
  133   3.0000E-06
  134   2.0000E-06
  136   2.0000E-06
