   61   2.0000E-06
   71   6.0000E-06
   72   2.6000E-05
   73   9.1000E-05
   74   2.7200E-04
   75   6.6600E-04
   76   1.4820E-03
   77   3.1070E-03
   78   5.9940E-03
   79   1.0671E-02
   80   1.7833E-02
   81   2.7818E-02
   82   4.0123E-02
   83   5.3044E-02
   84   6.5165E-02
   85   7.5079E-02
   86   7.9515E-02
   87   7.9659E-02
   88   7.4438E-02
   89   6.6604E-02
   90   5.7385E-02
   91   5.1174E-02
   92   4.8015E-02
   93   4.8153E-02
   94   5.0518E-02
   95   5.4794E-02
   96   5.8554E-02
   97   5.9588E-02
   98   5.8554E-02
   99   5.4794E-02
  100   5.0518E-02
  101   4.8153E-02
  102   4.8015E-02
  103   5.1174E-02
  104   5.7385E-02
  105   6.6604E-02
  106   7.4438E-02
  107   7.9659E-02
  108   7.9515E-02
  109   7.5079E-02
  110   6.5165E-02
  111   5.3044E-02
  112   4.0123E-02
  113   2.7818E-02
  114   1.7833E-02
  115   1.0671E-02
  116   5.9940E-03
  117   3.1070E-03
  118   1.4820E-03
  119   6.6600E-04
  120   2.7200E-04
  121   9.1000E-05
  122   2.6000E-05
  123   6.0000E-06
  133   2.0000E-06
