   54   3.0000E-06
   55   5.0000E-06
   56   4.0000E-06
   57   7.0000E-06
   58   1.1000E-05
   59   1.9000E-05
   60   2.1000E-05
   61   1.8000E-05
   62   3.6000E-05
   63   4.3000E-05
   64   7.0000E-05
   65   1.1600E-04
   66   1.4200E-04
   67   2.2700E-04
   68   4.1200E-04
   69   5.8300E-04
   70   9.0600E-04
   71   1.3370E-03
   72   2.2580E-03
   73   3.1270E-03
   74   5.1100E-03
   75   7.2070E-03
   76   9.9040E-03
   77   1.3847E-02
   78   1.9925E-02
   79   2.4113E-02
   80   3.0019E-02
   81   3.6781E-02
   82   4.4177E-02
   83   4.7770E-02
   84   5.3478E-02
   85   5.7868E-02
   86   5.9408E-02
   87   6.0582E-02
   88   6.3818E-02
   89   6.4323E-02
   90   6.3354E-02
   91   6.4520E-02
   92   6.7122E-02
   93   6.5401E-02
   94   6.5060E-02
   95   6.6922E-02
   96   6.7043E-02
   97   6.4936E-02
   98   6.5573E-02
   99   6.6959E-02
  100   6.4587E-02
  101   6.3318E-02
  102   6.4529E-02
  103   6.3597E-02
  104   6.0715E-02
  105   5.9285E-02
  106   5.8080E-02
  107   5.3234E-02
  108   4.7884E-02
  109   4.4027E-02
  110   3.6796E-02
  111   2.9937E-02
  112   2.4131E-02
  113   1.9877E-02
  114   1.3849E-02
  115   9.8800E-03
  116   7.2090E-03
  117   5.1030E-03
  118   3.1270E-03
  119   2.2580E-03
  120   1.3370E-03
  121   9.0600E-04
  122   5.8300E-04
  123   4.1200E-04
  124   2.2700E-04
  125   1.4200E-04
  126   1.1600E-04
  127   7.0000E-05
  128   4.3000E-05
  129   3.6000E-05
  130   1.8000E-05
  131   2.1000E-05
  132   1.9000E-05
  133   1.1000E-05
  134   7.0000E-06
  135   4.0000E-06
  136   5.0000E-06
  137   3.0000E-06
