   61   2.0000E-06
   64   2.0000E-06
   66   2.0000E-06
   67   2.0000E-06
   70   2.0000E-06
   71   3.0000E-06
   72   7.0000E-06
   73   1.9000E-05
   74   3.6000E-05
   75   1.2100E-04
   76   5.0300E-04
   77   7.3800E-04
   78   1.2090E-03
   79   4.4810E-03
   80   8.0140E-03
   81   8.0110E-03
   82   2.0745E-02
   83   3.9942E-02
   84   3.3491E-02
   85   4.7991E-02
   86   9.4819E-02
   87   7.8700E-02
   88   6.0555E-02
   89   1.0698E-01
   90   9.7669E-02
   91   5.1938E-02
   92   6.2785E-02
   93   7.0290E-02
   94   4.5406E-02
   95   3.2005E-02
   96   4.5739E-02
   97   5.3980E-02
   98   3.3801E-02
   99   3.3801E-02
  100   5.3980E-02
  101   4.5739E-02
  102   3.2005E-02
  103   4.5406E-02
  104   7.0290E-02
  105   6.2785E-02
  106   5.1938E-02
  107   9.7669E-02
  108   1.0698E-01
  109   6.0555E-02
  110   7.8700E-02
  111   9.4819E-02
  112   4.7991E-02
  113   3.3491E-02
  114   3.9942E-02
  115   2.0745E-02
  116   8.0110E-03
  117   8.0140E-03
  118   4.4810E-03
  119   1.2090E-03
  120   7.3800E-04
  121   5.0300E-04
  122   1.2100E-04
  123   3.6000E-05
  124   1.9000E-05
  125   7.0000E-06
  126   3.0000E-06
  127   2.0000E-06
  130   2.0000E-06
  131   2.0000E-06
  133   2.0000E-06
  136   2.0000E-06
