   54   2.0000E-06
   55   2.0000E-06
   56   1.1000E-05
   57   1.0000E-05
   58   7.0000E-06
   59   2.0000E-05
   60   2.5000E-05
   61   3.4000E-05
   62   3.4000E-05
   63   3.3000E-05
   64   5.2000E-05
   65   5.4000E-05
   66   5.9000E-05
   67   1.0600E-04
   68   1.6200E-04
   69   2.4300E-04
   70   3.8500E-04
   71   5.6700E-04
   72   7.9700E-04
   73   1.2680E-03
   74   2.0440E-03
   75   2.9620E-03
   76   4.6100E-03
   77   6.5800E-03
   78   9.3880E-03
   79   1.3034E-02
   80   1.8442E-02
   81   2.3315E-02
   82   2.8828E-02
   83   3.6179E-02
   84   4.3340E-02
   85   4.8457E-02
   86   5.4132E-02
   87   5.9994E-02
   88   6.1996E-02
   89   6.3634E-02
   90   6.6072E-02
   91   6.6309E-02
   92   6.5362E-02
   93   6.4921E-02
   94   6.5958E-02
   95   6.4044E-02
   96   6.3141E-02
   97   6.3352E-02
   98   6.3375E-02
   99   6.3125E-02
  100   6.4047E-02
  101   6.5952E-02
  102   6.4926E-02
  103   6.5362E-02
  104   6.6329E-02
  105   6.6064E-02
  106   6.3640E-02
  107   6.1992E-02
  108   6.0020E-02
  109   5.4135E-02
  110   4.8424E-02
  111   4.3337E-02
  112   3.6162E-02
  113   2.8819E-02
  114   2.3309E-02
  115   1.8439E-02
  116   1.3035E-02
  117   9.3800E-03
  118   6.5800E-03
  119   4.6100E-03
  120   2.9620E-03
  121   2.0440E-03
  122   1.2680E-03
  123   7.9700E-04
  124   5.6700E-04
  125   3.8500E-04
  126   2.4300E-04
  127   1.6200E-04
  128   1.0600E-04
  129   5.9000E-05
  130   5.4000E-05
  131   5.2000E-05
  132   3.3000E-05
  133   3.4000E-05
  134   3.4000E-05
  135   2.5000E-05
  136   2.0000E-05
  137   7.0000E-06
  138   1.0000E-05
  139   1.1000E-05
  140   2.0000E-06
  141   2.0000E-06
