   52   2.0000E-06
   54   1.1000E-05
   55   6.0000E-06
   56   1.7000E-05
   57   1.6000E-05
   58   2.4000E-05
   59   1.0000E-05
   60   1.5000E-05
   61   1.8000E-05
   62   3.4000E-05
   63   1.7000E-05
   64   3.7000E-05
   65   5.0000E-05
   66   5.6000E-05
   67   1.0900E-04
   68   2.1000E-04
   69   2.8400E-04
   70   4.7600E-04
   71   8.1000E-04
   72   1.3560E-03
   73   2.1000E-03
   74   3.8080E-03
   75   5.6400E-03
   76   8.2410E-03
   77   1.2675E-02
   78   1.9363E-02
   79   2.3792E-02
   80   3.0327E-02
   81   3.9703E-02
   82   4.7266E-02
   83   5.0588E-02
   84   5.6992E-02
   85   6.2033E-02
   86   6.1418E-02
   87   6.1515E-02
   88   6.4912E-02
   89   6.4621E-02
   90   6.1231E-02
   91   6.2095E-02
   92   6.5876E-02
   93   6.3686E-02
   94   6.2273E-02
   95   6.6275E-02
   96   6.6275E-02
   97   6.2273E-02
   98   6.3686E-02
   99   6.5876E-02
  100   6.2095E-02
  101   6.1231E-02
  102   6.4621E-02
  103   6.4912E-02
  104   6.1515E-02
  105   6.1418E-02
  106   6.2033E-02
  107   5.6992E-02
  108   5.0588E-02
  109   4.7266E-02
  110   3.9703E-02
  111   3.0327E-02
  112   2.3792E-02
  113   1.9363E-02
  114   1.2675E-02
  115   8.2410E-03
  116   5.6400E-03
  117   3.8080E-03
  118   2.1000E-03
  119   1.3560E-03
  120   8.1000E-04
  121   4.7600E-04
  122   2.8400E-04
  123   2.1000E-04
  124   1.0900E-04
  125   5.6000E-05
  126   5.0000E-05
  127   3.7000E-05
  128   1.7000E-05
  129   3.4000E-05
  130   1.8000E-05
  131   1.5000E-05
  132   1.0000E-05
  133   2.4000E-05
  134   1.6000E-05
  135   1.7000E-05
  136   6.0000E-06
  137   1.1000E-05
  139   2.0000E-06
