   59   3.0000E-06
   70   4.0000E-06
   71   1.3000E-05
   72   4.0000E-05
   73   1.2000E-04
   74   2.7700E-04
   75   6.6900E-04
   76   1.6050E-03
   77   3.2190E-03
   78   6.2700E-03
   79   1.1220E-02
   80   1.8299E-02
   81   2.8553E-02
   82   4.1171E-02
   83   5.4341E-02
   84   6.7698E-02
   85   7.7217E-02
   86   8.1820E-02
   87   8.1393E-02
   88   7.5826E-02
   89   6.8032E-02
   90   5.8146E-02
   91   5.0806E-02
   92   4.6829E-02
   93   4.5996E-02
   94   4.8117E-02
   95   5.1034E-02
   96   5.3869E-02
   97   5.4794E-02
   98   5.3869E-02
   99   5.1034E-02
  100   4.8117E-02
  101   4.5996E-02
  102   4.6829E-02
  103   5.0806E-02
  104   5.8146E-02
  105   6.8032E-02
  106   7.5826E-02
  107   8.1393E-02
  108   8.1820E-02
  109   7.7217E-02
  110   6.7698E-02
  111   5.4341E-02
  112   4.1171E-02
  113   2.8553E-02
  114   1.8299E-02
  115   1.1220E-02
  116   6.2700E-03
  117   3.2190E-03
  118   1.6050E-03
  119   6.6900E-04
  120   2.7700E-04
  121   1.2000E-04
  122   4.0000E-05
  123   1.3000E-05
  124   4.0000E-06
  135   3.0000E-06
