   61   3.0000E-06
   63   2.0000E-06
   66   4.0000E-06
   67   2.0000E-06
   69   2.0000E-06
   72   3.0000E-06
   73   5.0000E-06
   74   7.0000E-06
   75   3.9000E-05
   76   1.1500E-04
   77   1.8600E-04
   78   6.0000E-04
   79   1.9180E-03
   80   2.3880E-03
   81   4.3250E-03
   82   1.3394E-02
   83   1.7428E-02
   84   1.7793E-02
   85   4.6302E-02
   86   6.4695E-02
   87   4.6336E-02
   88   7.8858E-02
   89   1.1782E-01
   90   7.5094E-02
   91   7.0443E-02
   92   1.0623E-01
   93   7.3811E-02
   94   4.2508E-02
   95   5.5402E-02
   96   5.6275E-02
   97   3.5359E-02
   98   2.8880E-02
   99   4.3749E-02
  100   4.3749E-02
  101   2.8880E-02
  102   3.5359E-02
  103   5.6275E-02
  104   5.5402E-02
  105   4.2508E-02
  106   7.3811E-02
  107   1.0623E-01
  108   7.0443E-02
  109   7.5094E-02
  110   1.1782E-01
  111   7.8858E-02
  112   4.6336E-02
  113   6.4695E-02
  114   4.6302E-02
  115   1.7793E-02
  116   1.7428E-02
  117   1.3394E-02
  118   4.3250E-03
  119   2.3880E-03
  120   1.9180E-03
  121   6.0000E-04
  122   1.8600E-04
  123   1.1500E-04
  124   3.9000E-05
  125   7.0000E-06
  126   5.0000E-06
  127   3.0000E-06
  130   2.0000E-06
  132   2.0000E-06
  133   4.0000E-06
  136   2.0000E-06
  138   3.0000E-06
