   52   2.0000E-06
   54   3.0000E-06
   55   5.0000E-06
   56   6.0000E-06
   57   9.0000E-06
   58   1.8000E-05
   59   9.0000E-06
   60   1.2000E-05
   61   1.3000E-05
   62   2.3000E-05
   63   1.5000E-05
   64   1.5000E-05
   65   2.4000E-05
   66   1.8000E-05
   67   2.3000E-05
   68   6.5000E-05
   69   8.9000E-05
   70   1.4600E-04
   71   3.7100E-04
   72   6.7000E-04
   73   1.1210E-03
   74   2.6680E-03
   75   4.0610E-03
   76   6.3270E-03
   77   1.0930E-02
   78   1.8828E-02
   79   2.2428E-02
   80   3.0033E-02
   81   4.3147E-02
   82   5.0816E-02
   83   5.3315E-02
   84   6.2723E-02
   85   6.8972E-02
   86   6.3661E-02
   87   6.1844E-02
   88   6.6565E-02
   89   6.3705E-02
   90   5.6513E-02
   91   5.9234E-02
   92   6.5844E-02
   93   6.0644E-02
   94   5.8604E-02
   95   6.6466E-02
   96   6.6466E-02
   97   5.8604E-02
   98   6.0644E-02
   99   6.5844E-02
  100   5.9234E-02
  101   5.6513E-02
  102   6.3705E-02
  103   6.6565E-02
  104   6.1844E-02
  105   6.3661E-02
  106   6.8972E-02
  107   6.2723E-02
  108   5.3315E-02
  109   5.0816E-02
  110   4.3147E-02
  111   3.0033E-02
  112   2.2428E-02
  113   1.8828E-02
  114   1.0930E-02
  115   6.3270E-03
  116   4.0610E-03
  117   2.6680E-03
  118   1.1210E-03
  119   6.7000E-04
  120   3.7100E-04
  121   1.4600E-04
  122   8.9000E-05
  123   6.5000E-05
  124   2.3000E-05
  125   1.8000E-05
  126   2.4000E-05
  127   1.5000E-05
  128   1.5000E-05
  129   2.3000E-05
  130   1.3000E-05
  131   1.2000E-05
  132   9.0000E-06
  133   1.8000E-05
  134   9.0000E-06
  135   6.0000E-06
  136   5.0000E-06
  137   3.0000E-06
  139   2.0000E-06
