   58   2.0000E-06
   63   2.0000E-06
   64   3.0000E-06
   65   2.0000E-06
   68   2.0000E-06
   72   5.0000E-06
   73   4.0000E-06
   74   7.0000E-06
   75   4.6000E-05
   76   1.4600E-04
   77   1.7800E-04
   78   5.7800E-04
   79   1.8840E-03
   80   2.3950E-03
   81   4.4520E-03
   82   1.3593E-02
   83   1.7833E-02
   84   1.7839E-02
   85   4.6415E-02
   86   6.4581E-02
   87   4.6212E-02
   88   7.9022E-02
   89   1.1763E-01
   90   7.4738E-02
   91   7.0138E-02
   92   1.0633E-01
   93   7.4534E-02
   94   4.2466E-02
   95   5.5218E-02
   96   5.6056E-02
   97   3.5535E-02
   98   2.8508E-02
   99   4.3642E-02
  100   4.3642E-02
  101   2.8508E-02
  102   3.5535E-02
  103   5.6056E-02
  104   5.5218E-02
  105   4.2466E-02
  106   7.4534E-02
  107   1.0633E-01
  108   7.0138E-02
  109   7.4738E-02
  110   1.1763E-01
  111   7.9022E-02
  112   4.6212E-02
  113   6.4581E-02
  114   4.6415E-02
  115   1.7839E-02
  116   1.7833E-02
  117   1.3593E-02
  118   4.4520E-03
  119   2.3950E-03
  120   1.8840E-03
  121   5.7800E-04
  122   1.7800E-04
  123   1.4600E-04
  124   4.6000E-05
  125   7.0000E-06
  126   4.0000E-06
  127   5.0000E-06
  131   2.0000E-06
  134   2.0000E-06
  135   3.0000E-06
  136   2.0000E-06
  141   2.0000E-06
