   62   3.0000E-06
   64   6.0000E-06
   67   3.0000E-06
   68   3.0000E-06
   69   2.0000E-06
   72   2.0000E-06
   73   8.0000E-06
   74   2.0000E-05
   75   6.9000E-05
   76   1.7800E-04
   77   4.0800E-04
   78   9.7000E-04
   79   2.0590E-03
   80   4.1470E-03
   81   7.6990E-03
   82   1.3678E-02
   83   2.2108E-02
   84   3.3258E-02
   85   4.6535E-02
   86   6.1457E-02
   87   7.3392E-02
   88   8.3061E-02
   89   8.8236E-02
   90   8.6783E-02
   91   8.1177E-02
   92   7.2320E-02
   93   6.2208E-02
   94   5.4160E-02
   95   4.8646E-02
   96   4.5844E-02
   97   4.4864E-02
   98   4.4704E-02
   99   4.3940E-02
  100   4.4704E-02
  101   4.4864E-02
  102   4.5844E-02
  103   4.8646E-02
  104   5.4160E-02
  105   6.2208E-02
  106   7.2320E-02
  107   8.1177E-02
  108   8.6783E-02
  109   8.8236E-02
  110   8.3061E-02
  111   7.3392E-02
  112   6.1457E-02
  113   4.6535E-02
  114   3.3258E-02
  115   2.2108E-02
  116   1.3678E-02
  117   7.6990E-03
  118   4.1470E-03
  119   2.0590E-03
  120   9.7000E-04
  121   4.0800E-04
  122   1.7800E-04
  123   6.9000E-05
  124   2.0000E-05
  125   8.0000E-06
  126   2.0000E-06
  129   2.0000E-06
  130   3.0000E-06
  131   3.0000E-06
  134   6.0000E-06
  136   3.0000E-06
