   57   3.0000E-06
   62   4.0000E-06
   63   4.0000E-06
   64   3.0000E-06
   65   2.0000E-06
   66   5.0000E-06
   67   5.0000E-06
   68   2.0000E-06
   71   5.0000E-06
   72   9.0000E-06
   73   1.6000E-05
   74   4.1000E-05
   75   7.5000E-05
   76   5.0000E-04
   77   6.1200E-04
   78   1.5350E-03
   79   2.9940E-03
   80   8.1660E-03
   81   7.0030E-03
   82   2.2098E-02
   83   2.8931E-02
   84   3.5843E-02
   85   4.1042E-02
   86   8.9572E-02
   87   6.7330E-02
   88   6.3751E-02
   89   9.1255E-02
   90   9.3131E-02
   91   5.0909E-02
   92   6.4193E-02
   93   6.4886E-02
   94   5.7414E-02
   95   3.7624E-02
   96   5.5859E-02
   97   6.9943E-02
   98   4.5223E-02
   99   4.5223E-02
  100   6.9943E-02
  101   5.5859E-02
  102   3.7624E-02
  103   5.7414E-02
  104   6.4886E-02
  105   6.4193E-02
  106   5.0909E-02
  107   9.3131E-02
  108   9.1255E-02
  109   6.3751E-02
  110   6.7330E-02
  111   8.9572E-02
  112   4.1042E-02
  113   3.5843E-02
  114   2.8931E-02
  115   2.2098E-02
  116   7.0030E-03
  117   8.1660E-03
  118   2.9940E-03
  119   1.5350E-03
  120   6.1200E-04
  121   5.0000E-04
  122   7.5000E-05
  123   4.1000E-05
  124   1.6000E-05
  125   9.0000E-06
  126   5.0000E-06
  129   2.0000E-06
  130   5.0000E-06
  131   5.0000E-06
  132   2.0000E-06
  133   3.0000E-06
  134   4.0000E-06
  135   4.0000E-06
  140   3.0000E-06
