   62   4.0000E-06
   63   4.0000E-06
   64   4.0000E-06
   65   9.0000E-06
   66   1.0000E-05
   67   1.0000E-05
   68   1.6000E-05
   69   1.1000E-05
   70   1.8000E-05
   71   2.0000E-05
   72   2.0000E-05
   73   1.9000E-05
   74   2.6000E-05
   75   2.5000E-05
   76   3.8000E-05
   77   4.1000E-05
   78   6.0000E-05
   79   5.6000E-05
   80   4.4000E-05
   81   6.4000E-05
   82   1.1100E-04
   83   2.7500E-04
   84   5.9500E-04
   85   1.3100E-03
   86   2.7530E-03
   87   5.3870E-03
   88   9.4660E-03
   89   1.6111E-02
   90   2.5510E-02
   91   3.7811E-02
   92   5.2132E-02
   93   6.7812E-02
   94   8.2903E-02
   95   9.4631E-02
   96   1.0200E-01
   97   1.0126E-01
   98   9.6695E-02
   99   8.5724E-02
  100   7.1533E-02
  101   5.7248E-02
  102   4.3475E-02
  103   3.1993E-02
  104   2.5502E-02
  105   3.1993E-02
  106   4.3475E-02
  107   5.7248E-02
  108   7.1533E-02
  109   8.5724E-02
  110   9.6695E-02
  111   1.0126E-01
  112   1.0200E-01
  113   9.4631E-02
  114   8.2903E-02
  115   6.7812E-02
  116   5.2132E-02
  117   3.7811E-02
  118   2.5510E-02
  119   1.6111E-02
  120   9.4660E-03
  121   5.3870E-03
  122   2.7530E-03
  123   1.3100E-03
  124   5.9500E-04
  125   2.7500E-04
  126   1.1100E-04
  127   6.4000E-05
  128   4.4000E-05
  129   5.6000E-05
  130   6.0000E-05
  131   4.1000E-05
  132   3.8000E-05
  133   2.5000E-05
  134   2.6000E-05
  135   1.9000E-05
  136   2.0000E-05
  137   2.0000E-05
  138   1.8000E-05
  139   1.1000E-05
  140   1.6000E-05
  141   1.0000E-05
  142   1.0000E-05
  143   9.0000E-06
  144   4.0000E-06
  145   4.0000E-06
  146   4.0000E-06
