   60   3.0000E-06
   63   1.2000E-05
   64   7.0000E-06
   65   6.0000E-06
   66   8.0000E-06
   67   1.3000E-05
   68   9.0000E-06
   69   1.3000E-05
   70   2.0000E-05
   71   1.4000E-05
   72   2.1000E-05
   73   1.3000E-05
   74   1.2000E-05
   75   3.4000E-05
   76   3.2000E-05
   77   4.2000E-05
   78   4.2000E-05
   79   3.3000E-05
   80   8.9000E-05
   81   1.4000E-04
   82   3.4800E-04
   83   7.8700E-04
   84   1.6750E-03
   85   3.4500E-03
   86   6.4320E-03
   87   1.1384E-02
   88   1.9060E-02
   89   2.8996E-02
   90   4.2407E-02
   91   5.7339E-02
   92   7.3213E-02
   93   8.6019E-02
   94   9.5863E-02
   95   1.0003E-01
   96   9.8020E-02
   97   9.0035E-02
   98   7.9149E-02
   99   6.5328E-02
  100   5.2828E-02
  101   4.1167E-02
  102   3.2418E-02
  103   2.6932E-02
  104   3.2418E-02
  105   4.1167E-02
  106   5.2828E-02
  107   6.5328E-02
  108   7.9149E-02
  109   9.0035E-02
  110   9.8020E-02
  111   1.0003E-01
  112   9.5863E-02
  113   8.6019E-02
  114   7.3213E-02
  115   5.7339E-02
  116   4.2407E-02
  117   2.8996E-02
  118   1.9060E-02
  119   1.1384E-02
  120   6.4320E-03
  121   3.4500E-03
  122   1.6750E-03
  123   7.8700E-04
  124   3.4800E-04
  125   1.4000E-04
  126   8.9000E-05
  127   3.3000E-05
  128   4.2000E-05
  129   4.2000E-05
  130   3.2000E-05
  131   3.4000E-05
  132   1.2000E-05
  133   1.3000E-05
  134   2.1000E-05
  135   1.4000E-05
  136   2.0000E-05
  137   1.3000E-05
  138   9.0000E-06
  139   1.3000E-05
  140   8.0000E-06
  141   6.0000E-06
  142   7.0000E-06
  143   1.2000E-05
  146   3.0000E-06
