   61   2.0000E-06
   62   4.0000E-06
   63   2.0000E-06
   64   6.0000E-06
   65   8.0000E-06
   66   7.0000E-06
   67   1.7000E-05
   68   2.4000E-05
   69   2.0000E-05
   70   1.5000E-05
   71   3.3000E-05
   72   2.2000E-05
   73   1.0000E-05
   74   2.2000E-05
   75   2.2000E-05
   76   2.4000E-05
   77   3.5000E-05
   78   6.2000E-05
   79   3.5000E-05
   80   7.0000E-05
   81   9.6000E-05
   82   1.4100E-04
   83   6.2700E-04
   84   1.1610E-03
   85   1.4000E-03
   86   4.9080E-03
   87   1.0251E-02
   88   9.8670E-03
   89   2.1150E-02
   90   4.4723E-02
   91   3.8330E-02
   92   5.0140E-02
   93   1.0292E-01
   94   8.6816E-02
   95   6.8763E-02
   96   1.2588E-01
   97   1.0900E-01
   98   5.9296E-02
   99   8.3016E-02
  100   7.7702E-02
  101   3.6569E-02
  102   3.2890E-02
  103   3.3900E-02
  104   3.3900E-02
  105   3.2890E-02
  106   3.6569E-02
  107   7.7702E-02
  108   8.3016E-02
  109   5.9296E-02
  110   1.0900E-01
  111   1.2588E-01
  112   6.8763E-02
  113   8.6816E-02
  114   1.0292E-01
  115   5.0140E-02
  116   3.8330E-02
  117   4.4723E-02
  118   2.1150E-02
  119   9.8670E-03
  120   1.0251E-02
  121   4.9080E-03
  122   1.4000E-03
  123   1.1610E-03
  124   6.2700E-04
  125   1.4100E-04
  126   9.6000E-05
  127   7.0000E-05
  128   3.5000E-05
  129   6.2000E-05
  130   3.5000E-05
  131   2.4000E-05
  132   2.2000E-05
  133   2.2000E-05
  134   1.0000E-05
  135   2.2000E-05
  136   3.3000E-05
  137   1.5000E-05
  138   2.0000E-05
  139   2.4000E-05
  140   1.7000E-05
  141   7.0000E-06
  142   8.0000E-06
  143   6.0000E-06
  144   2.0000E-06
  145   4.0000E-06
  146   2.0000E-06
