   61   4.0000E-06
   62   4.0000E-06
   63   8.0000E-06
   64   6.0000E-06
   65   6.0000E-06
   66   7.0000E-06
   67   6.0000E-06
   68   1.3000E-05
   69   8.0000E-06
   70   1.1000E-05
   71   1.1000E-05
   72   1.7000E-05
   73   1.5000E-05
   74   1.6000E-05
   75   1.6000E-05
   76   2.6000E-05
   77   1.8000E-05
   78   4.0000E-05
   79   6.2000E-05
   80   1.9000E-04
   81   3.8500E-04
   82   9.0700E-04
   83   1.9550E-03
   84   3.9530E-03
   85   7.4670E-03
   86   1.3383E-02
   87   2.1621E-02
   88   3.2893E-02
   89   4.7288E-02
   90   6.2220E-02
   91   7.7463E-02
   92   9.0145E-02
   93   9.7223E-02
   94   9.9345E-02
   95   9.3661E-02
   96   8.4288E-02
   97   7.2415E-02
   98   5.9107E-02
   99   4.8248E-02
  100   3.8802E-02
  101   3.2555E-02
  102   2.8348E-02
  103   3.2555E-02
  104   3.8802E-02
  105   4.8248E-02
  106   5.9107E-02
  107   7.2415E-02
  108   8.4288E-02
  109   9.3661E-02
  110   9.9345E-02
  111   9.7223E-02
  112   9.0145E-02
  113   7.7463E-02
  114   6.2220E-02
  115   4.7288E-02
  116   3.2893E-02
  117   2.1621E-02
  118   1.3383E-02
  119   7.4670E-03
  120   3.9530E-03
  121   1.9550E-03
  122   9.0700E-04
  123   3.8500E-04
  124   1.9000E-04
  125   6.2000E-05
  126   4.0000E-05
  127   1.8000E-05
  128   2.6000E-05
  129   1.6000E-05
  130   1.6000E-05
  131   1.5000E-05
  132   1.7000E-05
  133   1.1000E-05
  134   1.1000E-05
  135   8.0000E-06
  136   1.3000E-05
  137   6.0000E-06
  138   7.0000E-06
  139   6.0000E-06
  140   6.0000E-06
  141   8.0000E-06
  142   4.0000E-06
  143   4.0000E-06
