   65   8.0000E-06
   66   7.0000E-06
   67   1.2000E-05
   68   1.2000E-05
   69   1.3000E-05
   70   1.6000E-05
   71   1.7000E-05
   72   1.3000E-05
   73   1.7000E-05
   74   2.4000E-05
   75   2.3000E-05
   76   2.4000E-05
   77   3.7000E-05
   78   6.4000E-05
   79   7.5000E-05
   80   9.2000E-05
   81   8.3000E-05
   82   8.3000E-05
   83   1.0300E-04
   84   1.8500E-04
   85   4.4600E-04
   86   9.8500E-04
   87   2.1230E-03
   88   4.0260E-03
   89   7.7850E-03
   90   1.3028E-02
   91   2.1229E-02
   92   3.2558E-02
   93   4.5828E-02
   94   6.1523E-02
   95   7.7505E-02
   96   9.0367E-02
   97   1.0054E-01
   98   1.0357E-01
   99   1.0177E-01
  100   9.2720E-02
  101   7.9579E-02
  102   6.4837E-02
  103   4.8801E-02
  104   3.5876E-02
  105   2.7954E-02
  106   3.5876E-02
  107   4.8801E-02
  108   6.4837E-02
  109   7.9579E-02
  110   9.2720E-02
  111   1.0177E-01
  112   1.0357E-01
  113   1.0054E-01
  114   9.0367E-02
  115   7.7505E-02
  116   6.1523E-02
  117   4.5828E-02
  118   3.2558E-02
  119   2.1229E-02
  120   1.3028E-02
  121   7.7850E-03
  122   4.0260E-03
  123   2.1230E-03
  124   9.8500E-04
  125   4.4600E-04
  126   1.8500E-04
  127   1.0300E-04
  128   8.3000E-05
  129   8.3000E-05
  130   9.2000E-05
  131   7.5000E-05
  132   6.4000E-05
  133   3.7000E-05
  134   2.4000E-05
  135   2.3000E-05
  136   2.4000E-05
  137   1.7000E-05
  138   1.3000E-05
  139   1.7000E-05
  140   1.6000E-05
  141   1.3000E-05
  142   1.2000E-05
  143   1.2000E-05
  144   7.0000E-06
  145   8.0000E-06
