   68   3.0000E-06
   69   6.0000E-06
   70   2.0000E-06
   71   1.0000E-05
   72   2.0000E-05
   73   1.0000E-05
   74   2.4000E-05
   75   3.7000E-05
   76   2.1000E-05
   77   4.6000E-05
   78   4.3000E-05
   79   3.7000E-05
   80   3.1000E-05
   81   5.9000E-05
   82   1.0200E-04
   83   1.2500E-04
   84   3.6400E-04
   85   7.3500E-04
   86   5.1200E-04
   87   1.2030E-03
   88   5.7800E-04
   89   8.5000E-04
   90   5.1100E-04
   91   5.8900E-04
   92   6.9700E-04
   93   2.3260E-03
   94   3.3310E-03
   95   4.3610E-03
   96   1.3819E-02
   97   1.9331E-02
   98   1.8460E-02
   99   4.7354E-02
  100   6.3957E-02
  101   4.7366E-02
  102   9.4632E-02
  103   1.2349E-01
  104   7.4864E-02
  105   1.1051E-01
  106   1.3845E-01
  107   7.2270E-02
  108   7.6200E-02
  109   8.2666E-02
  110   8.2666E-02
  111   7.6200E-02
  112   7.2270E-02
  113   1.3845E-01
  114   1.1051E-01
  115   7.4864E-02
  116   1.2349E-01
  117   9.4632E-02
  118   4.7366E-02
  119   6.3957E-02
  120   4.7354E-02
  121   1.8460E-02
  122   1.9331E-02
  123   1.3819E-02
  124   4.3610E-03
  125   3.3310E-03
  126   2.3260E-03
  127   6.9700E-04
  128   5.8900E-04
  129   5.1100E-04
  130   8.5000E-04
  131   5.7800E-04
  132   1.2030E-03
  133   5.1200E-04
  134   7.3500E-04
  135   3.6400E-04
  136   1.2500E-04
  137   1.0200E-04
  138   5.9000E-05
  139   3.1000E-05
  140   3.7000E-05
  141   4.3000E-05
  142   4.6000E-05
  143   2.1000E-05
  144   3.7000E-05
  145   2.4000E-05
  146   1.0000E-05
  147   2.0000E-05
  148   1.0000E-05
  149   2.0000E-06
  150   6.0000E-06
  151   3.0000E-06
