   66   2.0000E-06
   67   8.0000E-06
   68   4.0000E-06
   69   7.0000E-06
   70   1.2000E-05
   71   1.4000E-05
   72   1.8000E-05
   73   1.6000E-05
   74   2.8000E-05
   75   2.6000E-05
   76   3.4000E-05
   77   2.5000E-05
   78   4.2000E-05
   79   6.2000E-05
   80   1.1500E-04
   81   1.8600E-04
   82   2.3200E-04
   83   2.4300E-04
   84   2.3100E-04
   85   1.5700E-04
   86   1.5900E-04
   87   2.8000E-04
   88   5.4700E-04
   89   1.1620E-03
   90   2.3890E-03
   91   4.6420E-03
   92   8.2240E-03
   93   1.4410E-02
   94   2.2686E-02
   95   3.3664E-02
   96   4.8228E-02
   97   6.3787E-02
   98   7.9837E-02
   99   9.3108E-02
  100   1.0245E-01
  101   1.0593E-01
  102   1.0396E-01
  103   9.4580E-02
  104   8.1657E-02
  105   6.5897E-02
  106   5.0638E-02
  107   4.0576E-02
  108   5.0638E-02
  109   6.5897E-02
  110   8.1657E-02
  111   9.4580E-02
  112   1.0396E-01
  113   1.0593E-01
  114   1.0245E-01
  115   9.3108E-02
  116   7.9837E-02
  117   6.3787E-02
  118   4.8228E-02
  119   3.3664E-02
  120   2.2686E-02
  121   1.4410E-02
  122   8.2240E-03
  123   4.6420E-03
  124   2.3890E-03
  125   1.1620E-03
  126   5.4700E-04
  127   2.8000E-04
  128   1.5900E-04
  129   1.5700E-04
  130   2.3100E-04
  131   2.4300E-04
  132   2.3200E-04
  133   1.8600E-04
  134   1.1500E-04
  135   6.2000E-05
  136   4.2000E-05
  137   2.5000E-05
  138   3.4000E-05
  139   2.6000E-05
  140   2.8000E-05
  141   1.6000E-05
  142   1.8000E-05
  143   1.4000E-05
  144   1.2000E-05
  145   7.0000E-06
  146   4.0000E-06
  147   8.0000E-06
  148   2.0000E-06
