   67   6.0000E-06
   68   5.0000E-06
   69   1.3000E-05
   70   1.8000E-05
   71   1.7000E-05
   72   1.9000E-05
   73   1.8000E-05
   74   1.8000E-05
   75   2.8000E-05
   76   2.6000E-05
   77   2.6000E-05
   78   4.6000E-05
   79   7.9000E-05
   80   1.1900E-04
   81   1.6800E-04
   82   2.2900E-04
   83   2.3400E-04
   84   2.1600E-04
   85   1.3000E-04
   86   1.3800E-04
   87   2.6200E-04
   88   5.0000E-04
   89   1.1840E-03
   90   2.3960E-03
   91   4.6770E-03
   92   8.4650E-03
   93   1.4168E-02
   94   2.2833E-02
   95   3.3606E-02
   96   4.7875E-02
   97   6.3146E-02
   98   7.9180E-02
   99   9.3602E-02
  100   1.0249E-01
  101   1.0673E-01
  102   1.0346E-01
  103   9.4347E-02
  104   8.1784E-02
  105   6.6357E-02
  106   5.0866E-02
  107   4.1008E-02
  108   5.0866E-02
  109   6.6357E-02
  110   8.1784E-02
  111   9.4347E-02
  112   1.0346E-01
  113   1.0673E-01
  114   1.0249E-01
  115   9.3602E-02
  116   7.9180E-02
  117   6.3146E-02
  118   4.7875E-02
  119   3.3606E-02
  120   2.2833E-02
  121   1.4168E-02
  122   8.4650E-03
  123   4.6770E-03
  124   2.3960E-03
  125   1.1840E-03
  126   5.0000E-04
  127   2.6200E-04
  128   1.3800E-04
  129   1.3000E-04
  130   2.1600E-04
  131   2.3400E-04
  132   2.2900E-04
  133   1.6800E-04
  134   1.1900E-04
  135   7.9000E-05
  136   4.6000E-05
  137   2.6000E-05
  138   2.6000E-05
  139   2.8000E-05
  140   1.8000E-05
  141   1.8000E-05
  142   1.9000E-05
  143   1.7000E-05
  144   1.8000E-05
  145   1.3000E-05
  146   5.0000E-06
  147   6.0000E-06
