   69   2.0000E-06
   70   8.0000E-06
   71   8.0000E-06
   72   1.4000E-05
   73   2.1000E-05
   74   2.2000E-05
   75   3.5000E-05
   76   2.9000E-05
   77   3.7000E-05
   78   2.7000E-05
   79   4.1000E-05
   80   3.7000E-05
   81   4.7000E-05
   82   6.5000E-05
   83   1.5300E-04
   84   2.9000E-04
   85   4.6100E-04
   86   6.5900E-04
   87   6.9700E-04
   88   6.1300E-04
   89   4.9700E-04
   90   4.8700E-04
   91   7.6100E-04
   92   1.3020E-03
   93   2.6980E-03
   94   5.1180E-03
   95   9.2100E-03
   96   1.5225E-02
   97   2.3971E-02
   98   3.5793E-02
   99   4.9761E-02
  100   6.5596E-02
  101   8.2086E-02
  102   9.5540E-02
  103   1.0598E-01
  104   1.0966E-01
  105   1.0712E-01
  106   9.9145E-02
  107   8.6329E-02
  108   7.0629E-02
  109   5.9618E-02
  110   7.0629E-02
  111   8.6329E-02
  112   9.9145E-02
  113   1.0712E-01
  114   1.0966E-01
  115   1.0598E-01
  116   9.5540E-02
  117   8.2086E-02
  118   6.5596E-02
  119   4.9761E-02
  120   3.5793E-02
  121   2.3971E-02
  122   1.5225E-02
  123   9.2100E-03
  124   5.1180E-03
  125   2.6980E-03
  126   1.3020E-03
  127   7.6100E-04
  128   4.8700E-04
  129   4.9700E-04
  130   6.1300E-04
  131   6.9700E-04
  132   6.5900E-04
  133   4.6100E-04
  134   2.9000E-04
  135   1.5300E-04
  136   6.5000E-05
  137   4.7000E-05
  138   3.7000E-05
  139   4.1000E-05
  140   2.7000E-05
  141   3.7000E-05
  142   2.9000E-05
  143   3.5000E-05
  144   2.2000E-05
  145   2.1000E-05
  146   1.4000E-05
  147   8.0000E-06
  148   8.0000E-06
  149   2.0000E-06
