   68   2.0000E-06
   69   4.0000E-06
   70   4.0000E-06
   71   1.0000E-05
   72   2.2000E-05
   73   2.4000E-05
   74   2.4000E-05
   75   2.5000E-05
   76   2.4000E-05
   77   3.2000E-05
   78   3.4000E-05
   79   3.0000E-05
   80   2.9000E-05
   81   4.9000E-05
   82   7.2000E-05
   83   1.5400E-04
   84   3.1500E-04
   85   4.8200E-04
   86   6.4100E-04
   87   6.5000E-04
   88   6.3400E-04
   89   5.3900E-04
   90   5.1300E-04
   91   7.3400E-04
   92   1.3720E-03
   93   2.7080E-03
   94   4.9500E-03
   95   9.2660E-03
   96   1.5185E-02
   97   2.4231E-02
   98   3.5671E-02
   99   4.9656E-02
  100   6.6098E-02
  101   8.2245E-02
  102   9.5705E-02
  103   1.0642E-01
  104   1.0999E-01
  105   1.0687E-01
  106   9.8832E-02
  107   8.5541E-02
  108   7.0600E-02
  109   5.9174E-02
  110   7.0600E-02
  111   8.5541E-02
  112   9.8832E-02
  113   1.0687E-01
  114   1.0999E-01
  115   1.0642E-01
  116   9.5705E-02
  117   8.2245E-02
  118   6.6098E-02
  119   4.9656E-02
  120   3.5671E-02
  121   2.4231E-02
  122   1.5185E-02
  123   9.2660E-03
  124   4.9500E-03
  125   2.7080E-03
  126   1.3720E-03
  127   7.3400E-04
  128   5.1300E-04
  129   5.3900E-04
  130   6.3400E-04
  131   6.5000E-04
  132   6.4100E-04
  133   4.8200E-04
  134   3.1500E-04
  135   1.5400E-04
  136   7.2000E-05
  137   4.9000E-05
  138   2.9000E-05
  139   3.0000E-05
  140   3.4000E-05
  141   3.2000E-05
  142   2.4000E-05
  143   2.5000E-05
  144   2.4000E-05
  145   2.4000E-05
  146   2.2000E-05
  147   1.0000E-05
  148   4.0000E-06
  149   4.0000E-06
  150   2.0000E-06
