   68   4.0000E-06
   69   7.0000E-06
   70   8.0000E-06
   71   1.7000E-05
   72   1.2000E-05
   73   1.9000E-05
   74   1.7000E-05
   75   2.1000E-05
   76   2.3000E-05
   77   2.8000E-05
   78   3.2000E-05
   79   5.7000E-05
   80   8.7000E-05
   81   1.6500E-04
   82   2.5600E-04
   83   3.3800E-04
   84   3.9200E-04
   85   3.9200E-04
   86   2.5900E-04
   87   1.9200E-04
   88   2.4300E-04
   89   4.0900E-04
   90   9.0000E-04
   91   1.8560E-03
   92   3.4670E-03
   93   6.4810E-03
   94   1.1255E-02
   95   1.8433E-02
   96   2.8715E-02
   97   4.1355E-02
   98   5.6111E-02
   99   7.2774E-02
  100   8.7546E-02
  101   9.9849E-02
  102   1.0740E-01
  103   1.0746E-01
  104   1.0088E-01
  105   9.1077E-02
  106   7.6215E-02
  107   6.0416E-02
  108   4.9632E-02
  109   6.0416E-02
  110   7.6215E-02
  111   9.1077E-02
  112   1.0088E-01
  113   1.0746E-01
  114   1.0740E-01
  115   9.9849E-02
  116   8.7546E-02
  117   7.2774E-02
  118   5.6111E-02
  119   4.1355E-02
  120   2.8715E-02
  121   1.8433E-02
  122   1.1255E-02
  123   6.4810E-03
  124   3.4670E-03
  125   1.8560E-03
  126   9.0000E-04
  127   4.0900E-04
  128   2.4300E-04
  129   1.9200E-04
  130   2.5900E-04
  131   3.9200E-04
  132   3.9200E-04
  133   3.3800E-04
  134   2.5600E-04
  135   1.6500E-04
  136   8.7000E-05
  137   5.7000E-05
  138   3.2000E-05
  139   2.8000E-05
  140   2.3000E-05
  141   2.1000E-05
  142   1.7000E-05
  143   1.9000E-05
  144   1.2000E-05
  145   1.7000E-05
  146   8.0000E-06
  147   7.0000E-06
  148   4.0000E-06
