   69   2.0000E-06
   70   2.0000E-06
   71   1.2000E-05
   72   7.0000E-06
   73   2.3000E-05
   74   2.2000E-05
   75   4.0000E-05
   76   2.1000E-05
   77   3.9000E-05
   78   2.9000E-05
   79   3.5000E-05
   80   3.9000E-05
   81   3.8000E-05
   82   7.6000E-05
   83   1.5400E-04
   84   2.7100E-04
   85   5.3100E-04
   86   6.3700E-04
   87   7.1400E-04
   88   6.4400E-04
   89   5.4400E-04
   90   5.0500E-04
   91   7.2400E-04
   92   1.4170E-03
   93   2.7530E-03
   94   4.9220E-03
   95   9.0970E-03
   96   1.4938E-02
   97   2.3832E-02
   98   3.5643E-02
   99   5.0206E-02
  100   6.6032E-02
  101   8.1551E-02
  102   9.5943E-02
  103   1.0642E-01
  104   1.0942E-01
  105   1.0726E-01
  106   9.9289E-02
  107   8.5922E-02
  108   7.0143E-02
  109   6.0168E-02
  110   7.0143E-02
  111   8.5922E-02
  112   9.9289E-02
  113   1.0726E-01
  114   1.0942E-01
  115   1.0642E-01
  116   9.5943E-02
  117   8.1551E-02
  118   6.6032E-02
  119   5.0206E-02
  120   3.5643E-02
  121   2.3832E-02
  122   1.4938E-02
  123   9.0970E-03
  124   4.9220E-03
  125   2.7530E-03
  126   1.4170E-03
  127   7.2400E-04
  128   5.0500E-04
  129   5.4400E-04
  130   6.4400E-04
  131   7.1400E-04
  132   6.3700E-04
  133   5.3100E-04
  134   2.7100E-04
  135   1.5400E-04
  136   7.6000E-05
  137   3.8000E-05
  138   3.9000E-05
  139   3.5000E-05
  140   2.9000E-05
  141   3.9000E-05
  142   2.1000E-05
  143   4.0000E-05
  144   2.2000E-05
  145   2.3000E-05
  146   7.0000E-06
  147   1.2000E-05
  148   2.0000E-06
  149   2.0000E-06
