   64   3.0000E-06
   65   4.0000E-06
   66   1.2000E-05
   67   1.3000E-05
   68   8.0000E-06
   69   1.6000E-05
   70   2.2000E-05
   71   2.3000E-05
   72   1.5000E-05
   73   2.0000E-05
   74   2.7000E-05
   75   1.7000E-05
   76   3.5000E-05
   77   5.0000E-05
   78   4.6000E-05
   79   8.4000E-05
   80   1.5700E-04
   81   8.9000E-05
   82   8.6000E-05
   83   1.2500E-04
   84   8.3000E-05
   85   3.0100E-04
   86   8.0100E-04
   87   9.3600E-04
   88   2.6420E-03
   89   6.7860E-03
   90   7.1120E-03
   91   1.3040E-02
   92   3.2934E-02
   93   3.2662E-02
   94   3.7149E-02
   95   8.5644E-02
   96   8.4237E-02
   97   6.3522E-02
   98   1.2132E-01
   99   1.2132E-01
  100   6.6768E-02
  101   9.7006E-02
  102   9.6649E-02
  103   4.4092E-02
  104   4.2941E-02
  105   4.1186E-02
  106   4.1186E-02
  107   4.2941E-02
  108   4.4092E-02
  109   9.6649E-02
  110   9.7006E-02
  111   6.6768E-02
  112   1.2132E-01
  113   1.2132E-01
  114   6.3522E-02
  115   8.4237E-02
  116   8.5644E-02
  117   3.7149E-02
  118   3.2662E-02
  119   3.2934E-02
  120   1.3040E-02
  121   7.1120E-03
  122   6.7860E-03
  123   2.6420E-03
  124   9.3600E-04
  125   8.0100E-04
  126   3.0100E-04
  127   8.3000E-05
  128   1.2500E-04
  129   8.6000E-05
  130   8.9000E-05
  131   1.5700E-04
  132   8.4000E-05
  133   4.6000E-05
  134   5.0000E-05
  135   3.5000E-05
  136   1.7000E-05
  137   2.7000E-05
  138   2.0000E-05
  139   1.5000E-05
  140   2.3000E-05
  141   2.2000E-05
  142   1.6000E-05
  143   8.0000E-06
  144   1.3000E-05
  145   1.2000E-05
  146   4.0000E-06
  147   3.0000E-06
