   68   3.0000E-06
   69   3.0000E-06
   70   6.0000E-06
   72   1.8000E-05
   73   2.0000E-05
   74   1.2000E-05
   75   2.7000E-05
   76   2.1000E-05
   77   3.6000E-05
   78   4.0000E-05
   79   4.0000E-05
   80   2.6000E-05
   81   7.5000E-05
   82   2.0200E-04
   83   1.8600E-04
   84   3.4900E-04
   85   6.6200E-04
   86   3.6500E-04
   87   6.1100E-04
   88   3.0700E-04
   89   3.3800E-04
   90   7.1800E-04
   91   1.4580E-03
   92   1.5550E-03
   93   4.7060E-03
   94   1.0249E-02
   95   9.7370E-03
   96   2.0836E-02
   97   4.3212E-02
   98   3.5766E-02
   99   5.2667E-02
  100   1.0346E-01
  101   7.9700E-02
  102   7.8870E-02
  103   1.4154E-01
  104   1.0355E-01
  105   6.9916E-02
  106   1.1095E-01
  107   7.8427E-02
  108   4.9325E-02
  109   4.9325E-02
  110   7.8427E-02
  111   1.1095E-01
  112   6.9916E-02
  113   1.0355E-01
  114   1.4154E-01
  115   7.8870E-02
  116   7.9700E-02
  117   1.0346E-01
  118   5.2667E-02
  119   3.5766E-02
  120   4.3212E-02
  121   2.0836E-02
  122   9.7370E-03
  123   1.0249E-02
  124   4.7060E-03
  125   1.5550E-03
  126   1.4580E-03
  127   7.1800E-04
  128   3.3800E-04
  129   3.0700E-04
  130   6.1100E-04
  131   3.6500E-04
  132   6.6200E-04
  133   3.4900E-04
  134   1.8600E-04
  135   2.0200E-04
  136   7.5000E-05
  137   2.6000E-05
  138   4.0000E-05
  139   4.0000E-05
  140   3.6000E-05
  141   2.1000E-05
  142   2.7000E-05
  143   1.2000E-05
  144   2.0000E-05
  145   1.8000E-05
  147   6.0000E-06
  148   3.0000E-06
  149   3.0000E-06
