   64   2.0000E-06
   66   8.0000E-06
   67   1.0000E-05
   68   9.0000E-06
   69   7.0000E-06
   70   2.7000E-05
   71   3.0000E-05
   72   1.0000E-05
   73   2.7000E-05
   74   3.7000E-05
   75   1.3000E-05
   76   2.9000E-05
   77   4.0000E-05
   78   3.6000E-05
   79   6.9000E-05
   80   1.4200E-04
   81   1.1700E-04
   82   8.6000E-05
   83   1.4800E-04
   84   1.0200E-04
   85   3.4800E-04
   86   7.5100E-04
   87   9.0000E-04
   88   2.7550E-03
   89   6.9090E-03
   90   7.1870E-03
   91   1.2878E-02
   92   3.2850E-02
   93   3.2620E-02
   94   3.7042E-02
   95   8.5330E-02
   96   8.4183E-02
   97   6.3221E-02
   98   1.2213E-01
   99   1.2099E-01
  100   6.6921E-02
  101   9.6973E-02
  102   9.6623E-02
  103   4.4331E-02
  104   4.2996E-02
  105   4.1097E-02
  106   4.1097E-02
  107   4.2996E-02
  108   4.4331E-02
  109   9.6623E-02
  110   9.6973E-02
  111   6.6921E-02
  112   1.2099E-01
  113   1.2213E-01
  114   6.3221E-02
  115   8.4183E-02
  116   8.5330E-02
  117   3.7042E-02
  118   3.2620E-02
  119   3.2850E-02
  120   1.2878E-02
  121   7.1870E-03
  122   6.9090E-03
  123   2.7550E-03
  124   9.0000E-04
  125   7.5100E-04
  126   3.4800E-04
  127   1.0200E-04
  128   1.4800E-04
  129   8.6000E-05
  130   1.1700E-04
  131   1.4200E-04
  132   6.9000E-05
  133   3.6000E-05
  134   4.0000E-05
  135   2.9000E-05
  136   1.3000E-05
  137   3.7000E-05
  138   2.7000E-05
  139   1.0000E-05
  140   3.0000E-05
  141   2.7000E-05
  142   7.0000E-06
  143   9.0000E-06
  144   1.0000E-05
  145   8.0000E-06
  147   2.0000E-06
