   64   5.0000E-06
   65   5.0000E-06
   66   3.0000E-06
   67   1.3000E-05
   68   8.0000E-06
   69   1.1000E-05
   70   2.2000E-05
   71   2.0000E-05
   72   1.5000E-05
   73   2.8000E-05
   74   2.5000E-05
   75   1.6000E-05
   76   2.3000E-05
   77   4.8000E-05
   78   4.1000E-05
   79   8.9000E-05
   80   1.3200E-04
   81   9.1000E-05
   82   9.8000E-05
   83   1.2500E-04
   84   9.1000E-05
   85   3.3000E-04
   86   7.8500E-04
   87   9.3700E-04
   88   2.5770E-03
   89   6.8800E-03
   90   7.0400E-03
   91   1.3058E-02
   92   3.2761E-02
   93   3.2498E-02
   94   3.6794E-02
   95   8.5597E-02
   96   8.4320E-02
   97   6.3893E-02
   98   1.2241E-01
   99   1.2151E-01
  100   6.6402E-02
  101   9.6438E-02
  102   9.6330E-02
  103   4.4492E-02
  104   4.2691E-02
  105   4.1319E-02
  106   4.1319E-02
  107   4.2691E-02
  108   4.4492E-02
  109   9.6330E-02
  110   9.6438E-02
  111   6.6402E-02
  112   1.2151E-01
  113   1.2241E-01
  114   6.3893E-02
  115   8.4320E-02
  116   8.5597E-02
  117   3.6794E-02
  118   3.2498E-02
  119   3.2761E-02
  120   1.3058E-02
  121   7.0400E-03
  122   6.8800E-03
  123   2.5770E-03
  124   9.3700E-04
  125   7.8500E-04
  126   3.3000E-04
  127   9.1000E-05
  128   1.2500E-04
  129   9.8000E-05
  130   9.1000E-05
  131   1.3200E-04
  132   8.9000E-05
  133   4.1000E-05
  134   4.8000E-05
  135   2.3000E-05
  136   1.6000E-05
  137   2.5000E-05
  138   2.8000E-05
  139   1.5000E-05
  140   2.0000E-05
  141   2.2000E-05
  142   1.1000E-05
  143   8.0000E-06
  144   1.3000E-05
  145   3.0000E-06
  146   5.0000E-06
  147   5.0000E-06
