   69   6.0000E-06
   70   7.0000E-06
   71   5.0000E-06
   72   1.5000E-05
   73   9.0000E-06
   74   1.1000E-05
   75   3.1000E-05
   76   2.7000E-05
   77   3.4000E-05
   78   3.7000E-05
   79   3.9000E-05
   80   3.5000E-05
   81   7.4000E-05
   82   2.0300E-04
   83   2.2700E-04
   84   3.2400E-04
   85   6.4400E-04
   86   3.6200E-04
   87   5.7300E-04
   88   3.1100E-04
   89   3.7100E-04
   90   6.8800E-04
   91   1.4450E-03
   92   1.5740E-03
   93   4.8290E-03
   94   1.0192E-02
   95   9.5990E-03
   96   2.0599E-02
   97   4.2792E-02
   98   3.6447E-02
   99   5.2830E-02
  100   1.0300E-01
  101   7.9473E-02
  102   7.8959E-02
  103   1.4119E-01
  104   1.0386E-01
  105   7.0155E-02
  106   1.1099E-01
  107   7.8707E-02
  108   4.9303E-02
  109   4.9303E-02
  110   7.8707E-02
  111   1.1099E-01
  112   7.0155E-02
  113   1.0386E-01
  114   1.4119E-01
  115   7.8959E-02
  116   7.9473E-02
  117   1.0300E-01
  118   5.2830E-02
  119   3.6447E-02
  120   4.2792E-02
  121   2.0599E-02
  122   9.5990E-03
  123   1.0192E-02
  124   4.8290E-03
  125   1.5740E-03
  126   1.4450E-03
  127   6.8800E-04
  128   3.7100E-04
  129   3.1100E-04
  130   5.7300E-04
  131   3.6200E-04
  132   6.4400E-04
  133   3.2400E-04
  134   2.2700E-04
  135   2.0300E-04
  136   7.4000E-05
  137   3.5000E-05
  138   3.9000E-05
  139   3.7000E-05
  140   3.4000E-05
  141   2.7000E-05
  142   3.1000E-05
  143   1.1000E-05
  144   9.0000E-06
  145   1.5000E-05
  146   5.0000E-06
  147   7.0000E-06
  148   6.0000E-06
