   67   2.0000E-06
   68   2.0000E-06
   69   6.0000E-06
   70   4.0000E-06
   71   8.0000E-06
   72   2.4000E-05
   73   1.7000E-05
   74   2.5000E-05
   75   3.2000E-05
   76   1.7000E-05
   77   2.7000E-05
   78   3.6000E-05
   79   3.6000E-05
   80   2.7000E-05
   81   8.6000E-05
   82   2.0100E-04
   83   1.9500E-04
   84   3.2300E-04
   85   6.9300E-04
   86   3.4600E-04
   87   6.2900E-04
   88   3.0000E-04
   89   3.9500E-04
   90   6.9400E-04
   91   1.4480E-03
   92   1.5070E-03
   93   4.6980E-03
   94   1.0283E-02
   95   9.6350E-03
   96   2.0537E-02
   97   4.2933E-02
   98   3.5951E-02
   99   5.2320E-02
  100   1.0393E-01
  101   7.9538E-02
  102   7.8599E-02
  103   1.4192E-01
  104   1.0395E-01
  105   6.9955E-02
  106   1.1112E-01
  107   7.8431E-02
  108   4.9093E-02
  109   4.9093E-02
  110   7.8431E-02
  111   1.1112E-01
  112   6.9955E-02
  113   1.0395E-01
  114   1.4192E-01
  115   7.8599E-02
  116   7.9538E-02
  117   1.0393E-01
  118   5.2320E-02
  119   3.5951E-02
  120   4.2933E-02
  121   2.0537E-02
  122   9.6350E-03
  123   1.0283E-02
  124   4.6980E-03
  125   1.5070E-03
  126   1.4480E-03
  127   6.9400E-04
  128   3.9500E-04
  129   3.0000E-04
  130   6.2900E-04
  131   3.4600E-04
  132   6.9300E-04
  133   3.2300E-04
  134   1.9500E-04
  135   2.0100E-04
  136   8.6000E-05
  137   2.7000E-05
  138   3.6000E-05
  139   3.6000E-05
  140   2.7000E-05
  141   1.7000E-05
  142   3.2000E-05
  143   2.5000E-05
  144   1.7000E-05
  145   2.4000E-05
  146   8.0000E-06
  147   4.0000E-06
  148   6.0000E-06
  149   2.0000E-06
  150   2.0000E-06
