   65   2.0000E-06
   66   2.0000E-06
   68   8.0000E-06
   69   1.0000E-05
   70   1.5000E-05
   71   2.3000E-05
   72   2.2000E-05
   73   2.7000E-05
   74   2.4000E-05
   75   2.5000E-05
   76   1.9000E-05
   77   2.8000E-05
   78   3.7000E-05
   79   7.3000E-05
   80   1.1600E-04
   81   1.8500E-04
   82   2.3100E-04
   83   2.2700E-04
   84   2.2400E-04
   85   1.7600E-04
   86   1.7500E-04
   87   2.6700E-04
   88   5.3300E-04
   89   1.1550E-03
   90   2.4400E-03
   91   4.7120E-03
   92   8.2910E-03
   93   1.4108E-02
   94   2.2853E-02
   95   3.3954E-02
   96   4.8436E-02
   97   6.3248E-02
   98   7.9890E-02
   99   9.3166E-02
  100   1.0206E-01
  101   1.0637E-01
  102   1.0332E-01
  103   9.4455E-02
  104   8.1707E-02
  105   6.5977E-02
  106   5.1018E-02
  107   4.0762E-02
  108   5.1018E-02
  109   6.5977E-02
  110   8.1707E-02
  111   9.4455E-02
  112   1.0332E-01
  113   1.0637E-01
  114   1.0206E-01
  115   9.3166E-02
  116   7.9890E-02
  117   6.3248E-02
  118   4.8436E-02
  119   3.3954E-02
  120   2.2853E-02
  121   1.4108E-02
  122   8.2910E-03
  123   4.7120E-03
  124   2.4400E-03
  125   1.1550E-03
  126   5.3300E-04
  127   2.6700E-04
  128   1.7500E-04
  129   1.7600E-04
  130   2.2400E-04
  131   2.2700E-04
  132   2.3100E-04
  133   1.8500E-04
  134   1.1600E-04
  135   7.3000E-05
  136   3.7000E-05
  137   2.8000E-05
  138   1.9000E-05
  139   2.5000E-05
  140   2.4000E-05
  141   2.7000E-05
  142   2.2000E-05
  143   2.3000E-05
  144   1.5000E-05
  145   1.0000E-05
  146   8.0000E-06
  148   2.0000E-06
  149   2.0000E-06
