   66   2.0000E-06
   67   6.0000E-06
   69   5.0000E-06
   70   1.0000E-05
   71   1.1000E-05
   72   1.3000E-05
   73   2.1000E-05
   74   1.4000E-05
   75   2.6000E-05
   76   3.9000E-05
   77   2.0000E-05
   78   4.1000E-05
   79   9.8000E-05
   80   1.0200E-04
   81   1.2800E-04
   82   3.3000E-04
   83   3.3900E-04
   84   2.3200E-04
   85   3.2700E-04
   86   1.3200E-04
   87   2.2100E-04
   88   4.8600E-04
   89   5.3100E-04
   90   1.3160E-03
   91   4.0910E-03
   92   5.0760E-03
   93   7.6120E-03
   94   2.1775E-02
   95   2.5725E-02
   96   2.6025E-02
   97   6.5289E-02
   98   7.5647E-02
   99   5.5732E-02
  100   1.1040E-01
  101   1.2569E-01
  102   7.2495E-02
  103   1.0633E-01
  104   1.1863E-01
  105   5.7527E-02
  106   5.8670E-02
  107   5.8814E-02
  108   5.8814E-02
  109   5.8670E-02
  110   5.7527E-02
  111   1.1863E-01
  112   1.0633E-01
  113   7.2495E-02
  114   1.2569E-01
  115   1.1040E-01
  116   5.5732E-02
  117   7.5647E-02
  118   6.5289E-02
  119   2.6025E-02
  120   2.5725E-02
  121   2.1775E-02
  122   7.6120E-03
  123   5.0760E-03
  124   4.0910E-03
  125   1.3160E-03
  126   5.3100E-04
  127   4.8600E-04
  128   2.2100E-04
  129   1.3200E-04
  130   3.2700E-04
  131   2.3200E-04
  132   3.3900E-04
  133   3.3000E-04
  134   1.2800E-04
  135   1.0200E-04
  136   9.8000E-05
  137   4.1000E-05
  138   2.0000E-05
  139   3.9000E-05
  140   2.6000E-05
  141   1.4000E-05
  142   2.1000E-05
  143   1.3000E-05
  144   1.1000E-05
  145   1.0000E-05
  146   5.0000E-06
  148   6.0000E-06
  149   2.0000E-06
