   66   1.1000E-05
   67   1.3000E-05
   68   2.2000E-05
   69   4.7000E-05
   70   6.8000E-05
   71   9.5000E-05
   72   1.7200E-04
   73   1.5900E-04
   74   2.0200E-04
   75   2.4100E-04
   76   2.9800E-04
   77   2.8900E-04
   78   4.2800E-04
   79   3.2000E-04
   80   3.2400E-04
   81   4.5200E-04
   82   6.8700E-04
   83   8.3300E-04
   84   1.2850E-03
   85   1.6150E-03
   86   1.8680E-03
   87   2.1460E-03
   88   2.4280E-03
   89   2.7880E-03
   90   3.9490E-03
   91   5.8570E-03
   92   8.2540E-03
   93   1.2300E-02
   94   1.8500E-02
   95   2.4373E-02
   96   3.2623E-02
   97   4.3494E-02
   98   5.2478E-02
   99   6.2481E-02
  100   7.5159E-02
  101   8.0592E-02
  102   8.5494E-02
  103   9.2098E-02
  104   8.9841E-02
  105   8.4249E-02
  106   7.9934E-02
  107   7.1051E-02
  108   6.0457E-02
  109   6.0457E-02
  110   7.1051E-02
  111   7.9934E-02
  112   8.4249E-02
  113   8.9841E-02
  114   9.2098E-02
  115   8.5494E-02
  116   8.0592E-02
  117   7.5159E-02
  118   6.2481E-02
  119   5.2478E-02
  120   4.3494E-02
  121   3.2623E-02
  122   2.4373E-02
  123   1.8500E-02
  124   1.2300E-02
  125   8.2540E-03
  126   5.8570E-03
  127   3.9490E-03
  128   2.7880E-03
  129   2.4280E-03
  130   2.1460E-03
  131   1.8680E-03
  132   1.6150E-03
  133   1.2850E-03
  134   8.3300E-04
  135   6.8700E-04
  136   4.5200E-04
  137   3.2400E-04
  138   3.2000E-04
  139   4.2800E-04
  140   2.8900E-04
  141   2.9800E-04
  142   2.4100E-04
  143   2.0200E-04
  144   1.5900E-04
  145   1.7200E-04
  146   9.5000E-05
  147   6.8000E-05
  148   4.7000E-05
  149   2.2000E-05
  150   1.3000E-05
  151   1.1000E-05
