   64   7.0000E-06
   65   2.7000E-05
   66   4.3000E-05
   67   9.4000E-05
   68   3.2600E-04
   69   6.3000E-04
   70   7.2700E-04
   71   2.0070E-03
   72   3.0070E-03
   73   2.4190E-03
   74   6.1000E-03
   75   5.1520E-03
   76   5.8640E-03
   77   9.5780E-03
   78   7.9280E-03
   79   6.1550E-03
   80   7.7620E-03
   81   1.0521E-02
   82   6.3120E-03
   83   5.5880E-03
   84   9.1870E-03
   85   8.4830E-03
   86   1.1652E-02
   87   4.1300E-02
   88   3.9887E-02
   89   1.1179E-01
   90   7.4923E-02
   91   1.4081E-01
   92   6.3136E-02
   93   7.9110E-02
   94   2.3568E-02
   95   1.9711E-02
   96   4.5990E-03
   97   3.2660E-03
   98   1.4230E-03
   99   3.6050E-03
  100   5.7340E-03
  101   4.9000E-03
  102   1.1156E-02
  103   1.8405E-02
  104   1.3681E-02
  105   2.5021E-02
  106   4.0455E-02
  107   2.7683E-02
  108   3.7552E-02
  109   5.9922E-02
  110   3.8778E-02
  111   3.8778E-02
  112   5.9922E-02
  113   3.7552E-02
  114   2.7683E-02
  115   4.0455E-02
  116   2.5021E-02
  117   1.3681E-02
  118   1.8405E-02
  119   1.1156E-02
  120   4.9000E-03
  121   5.7340E-03
  122   3.6050E-03
  123   1.4230E-03
  124   3.2660E-03
  125   4.5990E-03
  126   1.9711E-02
  127   2.3568E-02
  128   7.9110E-02
  129   6.3136E-02
  130   1.4081E-01
  131   7.4923E-02
  132   1.1179E-01
  133   3.9887E-02
  134   4.1300E-02
  135   1.1652E-02
  136   8.4830E-03
  137   9.1870E-03
  138   5.5880E-03
  139   6.3120E-03
  140   1.0521E-02
  141   7.7620E-03
  142   6.1550E-03
  143   7.9280E-03
  144   9.5780E-03
  145   5.8640E-03
  146   5.1520E-03
  147   6.1000E-03
  148   2.4190E-03
  149   3.0070E-03
  150   2.0070E-03
  151   7.2700E-04
  152   6.3000E-04
  153   3.2600E-04
  154   9.4000E-05
  155   4.3000E-05
  156   2.7000E-05
  157   7.0000E-06
