   64   5.0000E-06
   65   1.3000E-05
   66   3.5000E-05
   67   8.6000E-05
   68   2.1100E-04
   69   5.0000E-04
   70   9.5700E-04
   71   1.6240E-03
   72   2.7010E-03
   73   4.0820E-03
   74   5.4750E-03
   75   7.0000E-03
   76   8.2040E-03
   77   9.6010E-03
   78   1.0245E-02
   79   1.0703E-02
   80   1.0881E-02
   81   1.0805E-02
   82   1.0566E-02
   83   9.5170E-03
   84   8.4800E-03
   85   7.2620E-03
   86   7.6970E-03
   87   1.2213E-02
   88   2.3834E-02
   89   4.5693E-02
   90   7.3966E-02
   91   9.7785E-02
   92   1.0433E-01
   93   9.0829E-02
   94   6.3643E-02
   95   3.5638E-02
   96   1.6656E-02
   97   6.7540E-03
   98   3.2710E-03
   99   2.9330E-03
  100   4.1650E-03
  101   6.2740E-03
  102   9.3660E-03
  103   1.3114E-02
  104   1.7692E-02
  105   2.3202E-02
  106   2.8980E-02
  107   3.5302E-02
  108   4.0828E-02
  109   4.4838E-02
  110   4.7769E-02
  111   4.8512E-02
  112   4.7769E-02
  113   4.4838E-02
  114   4.0828E-02
  115   3.5302E-02
  116   2.8980E-02
  117   2.3202E-02
  118   1.7692E-02
  119   1.3114E-02
  120   9.3660E-03
  121   6.2740E-03
  122   4.1650E-03
  123   2.9330E-03
  124   3.2710E-03
  125   6.7540E-03
  126   1.6656E-02
  127   3.5638E-02
  128   6.3643E-02
  129   9.0829E-02
  130   1.0433E-01
  131   9.7785E-02
  132   7.3966E-02
  133   4.5693E-02
  134   2.3834E-02
  135   1.2213E-02
  136   7.6970E-03
  137   7.2620E-03
  138   8.4800E-03
  139   9.5170E-03
  140   1.0566E-02
  141   1.0805E-02
  142   1.0881E-02
  143   1.0703E-02
  144   1.0245E-02
  145   9.6010E-03
  146   8.2040E-03
  147   7.0000E-03
  148   5.4750E-03
  149   4.0820E-03
  150   2.7010E-03
  151   1.6240E-03
  152   9.5700E-04
  153   5.0000E-04
  154   2.1100E-04
  155   8.6000E-05
  156   3.5000E-05
  157   1.3000E-05
  158   5.0000E-06
