   64   4.0000E-06
   65   4.0000E-06
   66   2.8000E-05
   67   5.7000E-05
   68   1.6600E-04
   69   3.3300E-04
   70   7.2500E-04
   71   1.2530E-03
   72   2.0010E-03
   73   3.3790E-03
   74   5.5810E-03
   75   6.6400E-03
   76   9.8730E-03
   77   1.0795E-02
   78   1.1843E-02
   79   1.3580E-02
   80   1.6545E-02
   81   1.4980E-02
   82   1.4525E-02
   83   1.5237E-02
   84   1.4821E-02
   85   1.2365E-02
   86   1.1268E-02
   87   8.9760E-03
   88   7.6730E-03
   89   7.9460E-03
   90   1.1057E-02
   91   1.7828E-02
   92   2.8911E-02
   93   3.9580E-02
   94   4.6004E-02
   95   4.5516E-02
   96   3.9578E-02
   97   3.0721E-02
   98   2.4414E-02
   99   2.1707E-02
  100   2.2443E-02
  101   2.4694E-02
  102   2.7845E-02
  103   3.1486E-02
  104   3.5430E-02
  105   3.8988E-02
  106   4.2662E-02
  107   4.5750E-02
  108   4.9468E-02
  109   5.0922E-02
  110   5.3288E-02
  111   5.3913E-02
  112   5.4360E-02
  113   5.3913E-02
  114   5.3288E-02
  115   5.0922E-02
  116   4.9468E-02
  117   4.5750E-02
  118   4.2662E-02
  119   3.8988E-02
  120   3.5430E-02
  121   3.1486E-02
  122   2.7845E-02
  123   2.4694E-02
  124   2.2443E-02
  125   2.1707E-02
  126   2.4414E-02
  127   3.0721E-02
  128   3.9578E-02
  129   4.5516E-02
  130   4.6004E-02
  131   3.9580E-02
  132   2.8911E-02
  133   1.7828E-02
  134   1.1057E-02
  135   7.9460E-03
  136   7.6730E-03
  137   8.9760E-03
  138   1.1268E-02
  139   1.2365E-02
  140   1.4821E-02
  141   1.5237E-02
  142   1.4525E-02
  143   1.4980E-02
  144   1.6545E-02
  145   1.3580E-02
  146   1.1843E-02
  147   1.0795E-02
  148   9.8730E-03
  149   6.6400E-03
  150   5.5810E-03
  151   3.3790E-03
  152   2.0010E-03
  153   1.2530E-03
  154   7.2500E-04
  155   3.3300E-04
  156   1.6600E-04
  157   5.7000E-05
  158   2.8000E-05
  159   4.0000E-06
  160   4.0000E-06
