   64   2.0000E-06
   65   2.9000E-05
   66   5.9000E-05
   67   8.6000E-05
   68   3.5100E-04
   69   5.9500E-04
   70   7.1300E-04
   71   2.0490E-03
   72   3.0590E-03
   73   2.4740E-03
   74   6.2350E-03
   75   5.2250E-03
   76   5.9140E-03
   77   9.6280E-03
   78   7.8070E-03
   79   6.1110E-03
   80   7.7130E-03
   81   1.0785E-02
   82   6.3380E-03
   83   5.7260E-03
   84   9.0060E-03
   85   8.4070E-03
   86   1.1807E-02
   87   4.1076E-02
   88   4.0232E-02
   89   1.1111E-01
   90   7.5424E-02
   91   1.4061E-01
   92   6.3703E-02
   93   7.8765E-02
   94   2.3948E-02
   95   1.9668E-02
   96   4.5860E-03
   97   3.3430E-03
   98   1.3990E-03
   99   3.5490E-03
  100   5.4810E-03
  101   4.7880E-03
  102   1.1472E-02
  103   1.8373E-02
  104   1.3756E-02
  105   2.4774E-02
  106   4.0601E-02
  107   2.7316E-02
  108   3.7329E-02
  109   5.9930E-02
  110   3.8632E-02
  111   3.8632E-02
  112   5.9930E-02
  113   3.7329E-02
  114   2.7316E-02
  115   4.0601E-02
  116   2.4774E-02
  117   1.3756E-02
  118   1.8373E-02
  119   1.1472E-02
  120   4.7880E-03
  121   5.4810E-03
  122   3.5490E-03
  123   1.3990E-03
  124   3.3430E-03
  125   4.5860E-03
  126   1.9668E-02
  127   2.3948E-02
  128   7.8765E-02
  129   6.3703E-02
  130   1.4061E-01
  131   7.5424E-02
  132   1.1111E-01
  133   4.0232E-02
  134   4.1076E-02
  135   1.1807E-02
  136   8.4070E-03
  137   9.0060E-03
  138   5.7260E-03
  139   6.3380E-03
  140   1.0785E-02
  141   7.7130E-03
  142   6.1110E-03
  143   7.8070E-03
  144   9.6280E-03
  145   5.9140E-03
  146   5.2250E-03
  147   6.2350E-03
  148   2.4740E-03
  149   3.0590E-03
  150   2.0490E-03
  151   7.1300E-04
  152   5.9500E-04
  153   3.5100E-04
  154   8.6000E-05
  155   5.9000E-05
  156   2.9000E-05
  157   2.0000E-06
