   70   5.0000E-06
   71   5.0000E-06
   72   1.2000E-05
   73   1.6000E-05
   74   3.4000E-05
   75   6.1000E-05
   76   1.0200E-04
   77   1.4800E-04
   78   2.7700E-04
   79   3.7300E-04
   80   6.5600E-04
   81   9.6200E-04
   82   1.4170E-03
   83   1.9650E-03
   84   2.7520E-03
   85   3.7050E-03
   86   5.4140E-03
   87   6.8040E-03
   88   9.5520E-03
   89   1.1635E-02
   90   1.4161E-02
   91   1.8173E-02
   92   2.3850E-02
   93   2.6961E-02
   94   3.1254E-02
   95   3.6886E-02
   96   4.1572E-02
   97   4.5977E-02
   98   5.0818E-02
   99   5.2510E-02
  100   5.4088E-02
  101   5.5478E-02
  102   5.6676E-02
  103   5.4568E-02
  104   5.2981E-02
  105   5.1466E-02
  106   4.8778E-02
  107   4.5924E-02
  108   4.2132E-02
  109   3.6844E-02
  110   3.0007E-02
  111   2.3260E-02
  112   1.7087E-02
  113   1.2028E-02
  114   8.4330E-03
  115   6.0750E-03
  116   4.5340E-03
  117   3.7820E-03
  118   3.2520E-03
  119   3.0860E-03
  120   2.8940E-03
  121   3.0860E-03
  122   3.2520E-03
  123   3.7820E-03
  124   4.5340E-03
  125   6.0750E-03
  126   8.4330E-03
  127   1.2028E-02
  128   1.7087E-02
  129   2.3260E-02
  130   3.0007E-02
  131   3.6844E-02
  132   4.2132E-02
  133   4.5924E-02
  134   4.8778E-02
  135   5.1466E-02
  136   5.2981E-02
  137   5.4568E-02
  138   5.6676E-02
  139   5.5478E-02
  140   5.4088E-02
  141   5.2510E-02
  142   5.0818E-02
  143   4.5977E-02
  144   4.1572E-02
  145   3.6886E-02
  146   3.1254E-02
  147   2.6961E-02
  148   2.3850E-02
  149   1.8173E-02
  150   1.4161E-02
  151   1.1635E-02
  152   9.5520E-03
  153   6.8040E-03
  154   5.4140E-03
  155   3.7050E-03
  156   2.7520E-03
  157   1.9650E-03
  158   1.4170E-03
  159   9.6200E-04
  160   6.5600E-04
  161   3.7300E-04
  162   2.7700E-04
  163   1.4800E-04
  164   1.0200E-04
  165   6.1000E-05
  166   3.4000E-05
  167   1.6000E-05
  168   1.2000E-05
  169   5.0000E-06
  170   5.0000E-06
