   51   2.0000E-06
   52   4.0000E-06
   53   8.0000E-06
   54   9.0000E-06
   55   1.2000E-05
   56   5.0000E-06
   57   1.1000E-05
   58   2.1000E-05
   59   2.0000E-05
   60   2.8000E-05
   61   3.4000E-05
   62   5.3000E-05
   63   4.1000E-05
   64   6.8000E-05
   65   6.9000E-05
   66   1.3800E-04
   67   1.5000E-04
   68   2.0100E-04
   69   2.1300E-04
   70   2.8200E-04
   71   3.5400E-04
   72   4.8300E-04
   73   5.0900E-04
   74   6.9000E-04
   75   8.2200E-04
   76   1.0140E-03
   77   1.1090E-03
   78   1.3810E-03
   79   1.6250E-03
   80   2.0700E-03
   81   2.4690E-03
   82   3.0450E-03
   83   3.4810E-03
   84   4.1600E-03
   85   4.7850E-03
   86   5.6230E-03
   87   6.5100E-03
   88   7.5400E-03
   89   8.6450E-03
   90   9.8290E-03
   91   1.1217E-02
   92   1.2952E-02
   93   1.4220E-02
   94   1.5495E-02
   95   1.7550E-02
   96   1.9567E-02
   97   2.0916E-02
   98   2.2963E-02
   99   2.4803E-02
  100   2.6878E-02
  101   2.8538E-02
  102   3.0642E-02
  103   3.2215E-02
  104   3.4474E-02
  105   3.6314E-02
  106   3.7670E-02
  107   3.9637E-02
  108   4.0510E-02
  109   4.2403E-02
  110   4.3787E-02
  111   4.5239E-02
  112   4.6274E-02
  113   4.7277E-02
  114   4.7688E-02
  115   4.8611E-02
  116   4.9315E-02
  117   5.0127E-02
  118   5.0482E-02
  119   5.0452E-02
  120   5.0021E-02
  121   4.9172E-02
  122   4.8522E-02
  123   4.7611E-02
  124   4.7218E-02
  125   4.6218E-02
  126   4.4845E-02
  127   4.3826E-02
  128   4.2205E-02
  129   4.0532E-02
  130   3.9314E-02
  131   3.7707E-02
  132   3.6030E-02
  133   3.3916E-02
  134   3.2057E-02
  135   3.0123E-02
  136   2.8256E-02
  137   2.6452E-02
  138   2.4306E-02
  139   2.2457E-02
  140   2.0602E-02
  141   1.8908E-02
  142   1.6937E-02
  143   1.5148E-02
  144   1.3776E-02
  145   1.2314E-02
  146   1.0878E-02
  147   9.3600E-03
  148   8.2390E-03
  149   7.2510E-03
  150   6.2440E-03
  151   5.2990E-03
  152   4.5980E-03
  153   3.9740E-03
  154   3.2910E-03
  155   2.9290E-03
  156   2.3650E-03
  157   1.9780E-03
  158   1.5460E-03
  159   1.3310E-03
  160   1.1040E-03
  161   9.9500E-04
  162   7.7700E-04
  163   6.6000E-04
  164   5.0500E-04
  165   4.6900E-04
  166   3.5000E-04
  167   2.7100E-04
  168   2.1100E-04
  169   1.9800E-04
  170   1.4900E-04
  171   1.2900E-04
  172   6.5000E-05
  173   7.4000E-05
  174   3.9000E-05
  175   4.9000E-05
  176   3.4000E-05
  177   2.8000E-05
  178   2.0000E-05
  179   2.1000E-05
  180   1.1000E-05
  181   5.0000E-06
  182   1.2000E-05
  183   9.0000E-06
  184   8.0000E-06
  185   4.0000E-06
  186   2.0000E-06
