   51   2.0000E-06
   55   2.0000E-06
   57   5.0000E-06
   61   2.0000E-06
   62   1.0000E-05
   63   1.0000E-05
   64   1.9000E-05
   65   3.0000E-05
   66   2.9000E-05
   67   4.1000E-05
   68   4.6000E-05
   69   7.5000E-05
   70   8.1000E-05
   71   1.2400E-04
   72   1.8700E-04
   73   2.1500E-04
   74   3.0900E-04
   75   3.3900E-04
   76   4.7900E-04
   77   5.5100E-04
   78   7.7300E-04
   79   9.3700E-04
   80   1.1620E-03
   81   1.4400E-03
   82   2.0430E-03
   83   2.2690E-03
   84   2.8020E-03
   85   3.3480E-03
   86   4.3480E-03
   87   5.1850E-03
   88   6.0970E-03
   89   7.2740E-03
   90   8.3090E-03
   91   9.9670E-03
   92   1.1895E-02
   93   1.3198E-02
   94   1.4787E-02
   95   1.6837E-02
   96   1.8940E-02
   97   2.0494E-02
   98   2.2514E-02
   99   2.4557E-02
  100   2.6287E-02
  101   2.8261E-02
  102   3.0506E-02
  103   3.2027E-02
  104   3.4122E-02
  105   3.6240E-02
  106   3.7809E-02
  107   3.9583E-02
  108   4.0897E-02
  109   4.2382E-02
  110   4.3679E-02
  111   4.4792E-02
  112   4.5873E-02
  113   4.7056E-02
  114   4.8044E-02
  115   4.8528E-02
  116   4.8949E-02
  117   4.9476E-02
  118   4.9851E-02
  119   4.9603E-02
  120   4.9868E-02
  121   4.9430E-02
  122   4.9022E-02
  123   4.8555E-02
  124   4.8151E-02
  125   4.7064E-02
  126   4.5973E-02
  127   4.5056E-02
  128   4.3926E-02
  129   4.2668E-02
  130   4.0998E-02
  131   3.9820E-02
  132   3.7971E-02
  133   3.6167E-02
  134   3.4159E-02
  135   3.2153E-02
  136   3.0464E-02
  137   2.8061E-02
  138   2.6359E-02
  139   2.4331E-02
  140   2.2339E-02
  141   2.0390E-02
  142   1.8788E-02
  143   1.6385E-02
  144   1.4637E-02
  145   1.2991E-02
  146   1.1528E-02
  147   9.7750E-03
  148   8.0110E-03
  149   7.0510E-03
  150   5.9350E-03
  151   5.0650E-03
  152   4.1550E-03
  153   3.2710E-03
  154   2.7120E-03
  155   2.2390E-03
  156   1.9350E-03
  157   1.4100E-03
  158   1.1240E-03
  159   9.2400E-04
  160   7.5400E-04
  161   5.4700E-04
  162   4.6600E-04
  163   3.2900E-04
  164   3.1400E-04
  165   2.0900E-04
  166   1.8500E-04
  167   1.2100E-04
  168   8.1000E-05
  169   7.2000E-05
  170   4.6000E-05
  171   4.1000E-05
  172   2.9000E-05
  173   3.0000E-05
  174   1.9000E-05
  175   1.0000E-05
  176   1.0000E-05
  177   2.0000E-06
  181   5.0000E-06
  183   2.0000E-06
  187   2.0000E-06
