   57   2.0000E-06
   59   2.0000E-06
   61   3.0000E-06
   62   1.1000E-05
   64   1.4000E-05
   65   1.4000E-05
   66   3.0000E-05
   67   3.0000E-05
   68   4.8000E-05
   69   4.5000E-05
   70   8.0000E-05
   71   1.1700E-04
   72   1.6800E-04
   73   1.7700E-04
   74   1.9900E-04
   75   3.2000E-04
   76   4.2400E-04
   77   5.1800E-04
   78   7.0000E-04
   79   8.5900E-04
   80   1.1620E-03
   81   1.4860E-03
   82   2.0370E-03
   83   2.4120E-03
   84   3.1410E-03
   85   3.9790E-03
   86   5.1350E-03
   87   5.8930E-03
   88   7.4450E-03
   89   9.2190E-03
   90   1.0527E-02
   91   1.2510E-02
   92   1.4762E-02
   93   1.6453E-02
   94   1.8675E-02
   95   2.1037E-02
   96   2.3579E-02
   97   2.5471E-02
   98   2.7791E-02
   99   2.9610E-02
  100   3.1364E-02
  101   3.2639E-02
  102   3.4525E-02
  103   3.5311E-02
  104   3.7043E-02
  105   3.8044E-02
  106   3.9038E-02
  107   4.0045E-02
  108   4.0713E-02
  109   4.0791E-02
  110   4.0913E-02
  111   4.0369E-02
  112   3.9944E-02
  113   4.0203E-02
  114   4.0235E-02
  115   4.0431E-02
  116   4.0307E-02
  117   4.0831E-02
  118   4.0766E-02
  119   4.0913E-02
  120   4.0779E-02
  121   4.0829E-02
  122   4.0290E-02
  123   4.0441E-02
  124   4.0323E-02
  125   4.0195E-02
  126   4.0006E-02
  127   4.0454E-02
  128   4.1065E-02
  129   4.0881E-02
  130   4.0879E-02
  131   4.0091E-02
  132   3.9160E-02
  133   3.8073E-02
  134   3.7071E-02
  135   3.5340E-02
  136   3.4530E-02
  137   3.2657E-02
  138   3.1420E-02
  139   2.9589E-02
  140   2.7683E-02
  141   2.5441E-02
  142   2.3461E-02
  143   2.0880E-02
  144   1.8701E-02
  145   1.6273E-02
  146   1.4660E-02
  147   1.2441E-02
  148   1.0445E-02
  149   9.1080E-03
  150   7.4000E-03
  151   5.8280E-03
  152   5.1010E-03
  153   3.9340E-03
  154   3.1030E-03
  155   2.3970E-03
  156   2.0160E-03
  157   1.4820E-03
  158   1.1400E-03
  159   8.5900E-04
  160   6.9900E-04
  161   5.1100E-04
  162   4.2600E-04
  163   3.1600E-04
  164   2.0100E-04
  165   1.7500E-04
  166   1.6800E-04
  167   1.1700E-04
  168   8.0000E-05
  169   4.5000E-05
  170   4.8000E-05
  171   3.0000E-05
  172   3.0000E-05
  173   1.4000E-05
  174   1.4000E-05
  176   1.1000E-05
  177   3.0000E-06
  179   2.0000E-06
  181   2.0000E-06
