   56   2.0000E-06
   58   3.0000E-06
   60   5.0000E-06
   61   4.0000E-06
   62   4.0000E-06
   63   6.0000E-06
   64   7.0000E-06
   65   1.9000E-05
   66   2.1000E-05
   67   2.7000E-05
   68   2.7000E-05
   69   4.1000E-05
   70   5.7000E-05
   71   7.6000E-05
   72   1.0000E-04
   73   1.3800E-04
   74   1.9300E-04
   75   2.5600E-04
   76   4.2000E-04
   77   5.8700E-04
   78   7.3200E-04
   79   1.1370E-03
   80   1.5480E-03
   81   2.1130E-03
   82   3.1100E-03
   83   4.0120E-03
   84   4.9430E-03
   85   6.6950E-03
   86   9.4250E-03
   87   1.1074E-02
   88   1.3036E-02
   89   1.6815E-02
   90   2.0927E-02
   91   2.3672E-02
   92   2.7550E-02
   93   3.1519E-02
   94   3.4675E-02
   95   3.7980E-02
   96   4.2572E-02
   97   4.3188E-02
   98   4.4595E-02
   99   4.6119E-02
  100   4.6553E-02
  101   4.6211E-02
  102   4.5389E-02
  103   4.4654E-02
  104   4.3596E-02
  105   4.1671E-02
  106   3.9870E-02
  107   3.5736E-02
  108   3.2273E-02
  109   2.8286E-02
  110   2.4970E-02
  111   2.1843E-02
  112   1.9973E-02
  113   1.8858E-02
  114   1.8171E-02
  115   1.7950E-02
  116   1.7754E-02
  117   1.8017E-02
  118   1.7534E-02
  119   1.8017E-02
  120   1.7754E-02
  121   1.7950E-02
  122   1.8171E-02
  123   1.8858E-02
  124   1.9973E-02
  125   2.1843E-02
  126   2.4970E-02
  127   2.8286E-02
  128   3.2273E-02
  129   3.5736E-02
  130   3.9870E-02
  131   4.1671E-02
  132   4.3596E-02
  133   4.4654E-02
  134   4.5389E-02
  135   4.6211E-02
  136   4.6553E-02
  137   4.6119E-02
  138   4.4595E-02
  139   4.3188E-02
  140   4.2572E-02
  141   3.7980E-02
  142   3.4675E-02
  143   3.1519E-02
  144   2.7550E-02
  145   2.3672E-02
  146   2.0927E-02
  147   1.6815E-02
  148   1.3036E-02
  149   1.1074E-02
  150   9.4250E-03
  151   6.6950E-03
  152   4.9430E-03
  153   4.0120E-03
  154   3.1100E-03
  155   2.1130E-03
  156   1.5480E-03
  157   1.1370E-03
  158   7.3200E-04
  159   5.8700E-04
  160   4.2000E-04
  161   2.5600E-04
  162   1.9300E-04
  163   1.3800E-04
  164   1.0000E-04
  165   7.6000E-05
  166   5.7000E-05
  167   4.1000E-05
  168   2.7000E-05
  169   2.7000E-05
  170   2.1000E-05
  171   1.9000E-05
  172   7.0000E-06
  173   6.0000E-06
  174   4.0000E-06
  175   4.0000E-06
  176   5.0000E-06
  178   3.0000E-06
  180   2.0000E-06
