   74   4.0000E-06
   75   6.0000E-06
   76   1.8000E-05
   77   3.4000E-05
   78   5.8000E-05
   79   9.7000E-05
   80   1.9200E-04
   81   3.0700E-04
   82   4.7400E-04
   83   7.8100E-04
   84   1.2450E-03
   85   1.7390E-03
   86   2.5640E-03
   87   3.2690E-03
   88   4.1460E-03
   89   5.4500E-03
   90   7.4430E-03
   91   8.0770E-03
   92   9.8470E-03
   93   1.1955E-02
   94   1.4073E-02
   95   1.6633E-02
   96   2.0539E-02
   97   2.2747E-02
   98   2.5635E-02
   99   3.0435E-02
  100   3.5527E-02
  101   3.8911E-02
  102   4.3069E-02
  103   4.6826E-02
  104   4.9141E-02
  105   5.1739E-02
  106   5.3448E-02
  107   5.2468E-02
  108   5.1884E-02
  109   5.0373E-02
  110   4.9417E-02
  111   4.7929E-02
  112   4.6030E-02
  113   4.3314E-02
  114   3.8953E-02
  115   3.2817E-02
  116   2.6281E-02
  117   1.9257E-02
  118   1.3223E-02
  119   8.7440E-03
  120   5.4260E-03
  121   3.3560E-03
  122   2.1240E-03
  123   1.3690E-03
  124   1.1780E-03
  125   1.3690E-03
  126   2.1240E-03
  127   3.3560E-03
  128   5.4260E-03
  129   8.7440E-03
  130   1.3223E-02
  131   1.9257E-02
  132   2.6281E-02
  133   3.2817E-02
  134   3.8953E-02
  135   4.3314E-02
  136   4.6030E-02
  137   4.7929E-02
  138   4.9417E-02
  139   5.0373E-02
  140   5.1884E-02
  141   5.2468E-02
  142   5.3448E-02
  143   5.1739E-02
  144   4.9141E-02
  145   4.6826E-02
  146   4.3069E-02
  147   3.8911E-02
  148   3.5527E-02
  149   3.0435E-02
  150   2.5635E-02
  151   2.2747E-02
  152   2.0539E-02
  153   1.6633E-02
  154   1.4073E-02
  155   1.1955E-02
  156   9.8470E-03
  157   8.0770E-03
  158   7.4430E-03
  159   5.4500E-03
  160   4.1460E-03
  161   3.2690E-03
  162   2.5640E-03
  163   1.7390E-03
  164   1.2450E-03
  165   7.8100E-04
  166   4.7400E-04
  167   3.0700E-04
  168   1.9200E-04
  169   9.7000E-05
  170   5.8000E-05
  171   3.4000E-05
  172   1.8000E-05
  173   6.0000E-06
  174   4.0000E-06
