   59   2.0000E-06
   66   6.0000E-06
   67   3.0000E-06
   69   1.0000E-05
   70   1.2000E-05
   71   2.1000E-05
   72   2.7000E-05
   73   3.7000E-05
   74   5.9000E-05
   75   6.3000E-05
   76   8.1000E-05
   77   1.5300E-04
   78   2.4000E-04
   79   3.0100E-04
   80   4.6900E-04
   81   6.5800E-04
   82   9.0200E-04
   83   1.3410E-03
   84   1.9250E-03
   85   2.2900E-03
   86   2.9970E-03
   87   3.9920E-03
   88   5.6060E-03
   89   6.8720E-03
   90   8.4820E-03
   91   1.0712E-02
   92   1.3052E-02
   93   1.5476E-02
   94   1.9194E-02
   95   2.1938E-02
   96   2.4882E-02
   97   2.8962E-02
   98   3.2542E-02
   99   3.5142E-02
  100   3.7993E-02
  101   4.0423E-02
  102   4.2144E-02
  103   4.3104E-02
  104   4.4052E-02
  105   4.4087E-02
  106   4.3921E-02
  107   4.3472E-02
  108   4.3073E-02
  109   4.2446E-02
  110   4.0807E-02
  111   3.8569E-02
  112   3.5766E-02
  113   3.2798E-02
  114   2.9925E-02
  115   2.6853E-02
  116   2.5068E-02
  117   2.3157E-02
  118   2.1907E-02
  119   2.1161E-02
  120   2.0689E-02
  121   2.0298E-02
  122   2.0287E-02
  123   2.0805E-02
  124   2.1259E-02
  125   2.2157E-02
  126   2.3310E-02
  127   2.5625E-02
  128   2.7577E-02
  129   3.0837E-02
  130   3.3937E-02
  131   3.6970E-02
  132   3.9583E-02
  133   4.1518E-02
  134   4.3109E-02
  135   4.3345E-02
  136   4.3866E-02
  137   4.4330E-02
  138   4.4197E-02
  139   4.4252E-02
  140   4.3096E-02
  141   4.1967E-02
  142   3.9887E-02
  143   3.7477E-02
  144   3.4594E-02
  145   3.1717E-02
  146   2.8064E-02
  147   2.4287E-02
  148   2.1070E-02
  149   1.8288E-02
  150   1.5077E-02
  151   1.2394E-02
  152   1.0145E-02
  153   8.1910E-03
  154   6.5660E-03
  155   5.2510E-03
  156   3.7570E-03
  157   2.8580E-03
  158   2.1970E-03
  159   1.7940E-03
  160   1.2640E-03
  161   8.1700E-04
  162   6.3100E-04
  163   4.2700E-04
  164   2.9300E-04
  165   2.2000E-04
  166   1.4900E-04
  167   7.4000E-05
  168   6.4000E-05
  169   5.6000E-05
  170   3.5000E-05
  171   2.7000E-05
  172   2.1000E-05
  173   1.2000E-05
  174   1.0000E-05
  176   3.0000E-06
  177   6.0000E-06
  184   2.0000E-06
