   74   2.0000E-06
   75   7.0000E-06
   76   9.0000E-06
   77   2.2000E-05
   78   3.0000E-05
   79   6.1000E-05
   80   1.4700E-04
   81   2.3200E-04
   82   4.1100E-04
   83   6.0400E-04
   84   9.8700E-04
   85   1.4700E-03
   86   2.3590E-03
   87   3.0350E-03
   88   3.8870E-03
   89   5.2810E-03
   90   6.9410E-03
   91   8.0970E-03
   92   9.8620E-03
   93   1.1228E-02
   94   1.2864E-02
   95   1.4670E-02
   96   1.7776E-02
   97   1.9383E-02
   98   2.2061E-02
   99   2.5562E-02
  100   2.9097E-02
  101   3.3132E-02
  102   3.7665E-02
  103   4.0535E-02
  104   4.3533E-02
  105   4.7400E-02
  106   4.9788E-02
  107   5.0498E-02
  108   5.1280E-02
  109   5.0971E-02
  110   4.9527E-02
  111   4.8694E-02
  112   4.7428E-02
  113   4.6246E-02
  114   4.4173E-02
  115   4.0142E-02
  116   3.4722E-02
  117   2.8635E-02
  118   2.1307E-02
  119   1.5087E-02
  120   9.6770E-03
  121   6.0100E-03
  122   3.6440E-03
  123   2.0510E-03
  124   1.2800E-03
  125   9.4600E-04
  126   1.2800E-03
  127   2.0510E-03
  128   3.6440E-03
  129   6.0100E-03
  130   9.6770E-03
  131   1.5087E-02
  132   2.1307E-02
  133   2.8635E-02
  134   3.4722E-02
  135   4.0142E-02
  136   4.4173E-02
  137   4.6246E-02
  138   4.7428E-02
  139   4.8694E-02
  140   4.9527E-02
  141   5.0971E-02
  142   5.1280E-02
  143   5.0498E-02
  144   4.9788E-02
  145   4.7400E-02
  146   4.3533E-02
  147   4.0535E-02
  148   3.7665E-02
  149   3.3132E-02
  150   2.9097E-02
  151   2.5562E-02
  152   2.2061E-02
  153   1.9383E-02
  154   1.7776E-02
  155   1.4670E-02
  156   1.2864E-02
  157   1.1228E-02
  158   9.8620E-03
  159   8.0970E-03
  160   6.9410E-03
  161   5.2810E-03
  162   3.8870E-03
  163   3.0350E-03
  164   2.3590E-03
  165   1.4700E-03
  166   9.8700E-04
  167   6.0400E-04
  168   4.1100E-04
  169   2.3200E-04
  170   1.4700E-04
  171   6.1000E-05
  172   3.0000E-05
  173   2.2000E-05
  174   9.0000E-06
  175   7.0000E-06
  176   2.0000E-06
