   74   2.0000E-06
   75   5.0000E-06
   76   9.0000E-06
   77   2.3000E-05
   78   4.2000E-05
   79   6.6000E-05
   80   1.6600E-04
   81   2.8000E-04
   82   4.7800E-04
   83   8.0100E-04
   84   1.3940E-03
   85   1.8110E-03
   86   2.5840E-03
   87   3.5530E-03
   88   4.6450E-03
   89   5.6930E-03
   90   7.7090E-03
   91   9.0850E-03
   92   1.0609E-02
   93   1.3311E-02
   94   1.6879E-02
   95   1.9472E-02
   96   2.3696E-02
   97   2.8451E-02
   98   3.3456E-02
   99   3.8725E-02
  100   4.5384E-02
  101   4.9103E-02
  102   5.2763E-02
  103   5.6629E-02
  104   5.8789E-02
  105   5.9400E-02
  106   5.8439E-02
  107   5.6582E-02
  108   5.4163E-02
  109   5.0917E-02
  110   4.7829E-02
  111   4.4828E-02
  112   3.9213E-02
  113   3.3122E-02
  114   2.5242E-02
  115   1.7866E-02
  116   1.1869E-02
  117   7.0470E-03
  118   3.9160E-03
  119   2.0380E-03
  120   9.9800E-04
  121   4.9400E-04
  122   3.1500E-04
  123   1.9000E-04
  124   3.1500E-04
  125   4.9400E-04
  126   9.9800E-04
  127   2.0380E-03
  128   3.9160E-03
  129   7.0470E-03
  130   1.1869E-02
  131   1.7866E-02
  132   2.5242E-02
  133   3.3122E-02
  134   3.9213E-02
  135   4.4828E-02
  136   4.7829E-02
  137   5.0917E-02
  138   5.4163E-02
  139   5.6582E-02
  140   5.8439E-02
  141   5.9400E-02
  142   5.8789E-02
  143   5.6629E-02
  144   5.2763E-02
  145   4.9103E-02
  146   4.5384E-02
  147   3.8725E-02
  148   3.3456E-02
  149   2.8451E-02
  150   2.3696E-02
  151   1.9472E-02
  152   1.6879E-02
  153   1.3311E-02
  154   1.0609E-02
  155   9.0850E-03
  156   7.7090E-03
  157   5.6930E-03
  158   4.6450E-03
  159   3.5530E-03
  160   2.5840E-03
  161   1.8110E-03
  162   1.3940E-03
  163   8.0100E-04
  164   4.7800E-04
  165   2.8000E-04
  166   1.6600E-04
  167   6.6000E-05
  168   4.2000E-05
  169   2.3000E-05
  170   9.0000E-06
  171   5.0000E-06
  172   2.0000E-06
