   59   2.0000E-06
   64   2.0000E-06
   66   2.0000E-06
   67   3.0000E-06
   68   2.0000E-06
   69   1.4000E-05
   70   7.0000E-06
   71   1.5000E-05
   72   2.5000E-05
   73   4.1000E-05
   74   5.4000E-05
   75   5.9000E-05
   76   8.4000E-05
   77   1.1000E-04
   78   1.6900E-04
   79   2.3300E-04
   80   3.0600E-04
   81   4.3300E-04
   82   5.7700E-04
   83   8.2900E-04
   84   1.2270E-03
   85   1.5350E-03
   86   2.0020E-03
   87   2.6410E-03
   88   3.3860E-03
   89   4.3550E-03
   90   5.8800E-03
   91   6.9430E-03
   92   8.3630E-03
   93   1.0432E-02
   94   1.2751E-02
   95   1.4827E-02
   96   1.7752E-02
   97   2.0418E-02
   98   2.3243E-02
   99   2.6541E-02
  100   3.0217E-02
  101   3.2752E-02
  102   3.5233E-02
  103   3.7793E-02
  104   3.8993E-02
  105   4.0421E-02
  106   4.1562E-02
  107   4.1786E-02
  108   4.2447E-02
  109   4.2450E-02
  110   4.2690E-02
  111   4.2124E-02
  112   4.0991E-02
  113   3.9403E-02
  114   3.7176E-02
  115   3.4530E-02
  116   3.1944E-02
  117   2.9911E-02
  118   2.7977E-02
  119   2.7113E-02
  120   2.6154E-02
  121   2.5235E-02
  122   2.5164E-02
  123   2.4778E-02
  124   2.5158E-02
  125   2.5495E-02
  126   2.6322E-02
  127   2.7688E-02
  128   2.8750E-02
  129   3.0664E-02
  130   3.3153E-02
  131   3.5901E-02
  132   3.8433E-02
  133   4.0835E-02
  134   4.2226E-02
  135   4.2957E-02
  136   4.3472E-02
  137   4.3337E-02
  138   4.3343E-02
  139   4.2854E-02
  140   4.2466E-02
  141   4.1049E-02
  142   3.9562E-02
  143   3.7848E-02
  144   3.5615E-02
  145   3.3300E-02
  146   2.9844E-02
  147   2.6711E-02
  148   2.3116E-02
  149   2.0373E-02
  150   1.7509E-02
  151   1.5069E-02
  152   1.2552E-02
  153   1.0310E-02
  154   8.3760E-03
  155   7.0310E-03
  156   5.7010E-03
  157   4.5290E-03
  158   3.4300E-03
  159   2.5650E-03
  160   2.0700E-03
  161   1.6150E-03
  162   1.1770E-03
  163   8.8400E-04
  164   6.4500E-04
  165   4.5800E-04
  166   3.3300E-04
  167   2.2900E-04
  168   2.0100E-04
  169   1.3500E-04
  170   1.0000E-04
  171   5.9000E-05
  172   6.5000E-05
  173   4.5000E-05
  174   2.9000E-05
  175   2.8000E-05
  176   1.0000E-05
  177   7.0000E-06
  178   1.4000E-05
  179   2.0000E-06
  180   3.0000E-06
  181   2.0000E-06
  183   2.0000E-06
  188   2.0000E-06
