   73   4.0000E-06
   74   6.0000E-06
   75   1.3000E-05
   76   2.7000E-05
   77   4.1000E-05
   78   6.9000E-05
   79   1.1600E-04
   80   2.1900E-04
   81   2.8500E-04
   82   4.4700E-04
   83   7.1500E-04
   84   1.1490E-03
   85   1.4750E-03
   86   1.9410E-03
   87   2.7100E-03
   88   3.4520E-03
   89   4.5020E-03
   90   6.2010E-03
   91   7.4450E-03
   92   9.2790E-03
   93   1.1858E-02
   94   1.4693E-02
   95   1.7654E-02
   96   2.1191E-02
   97   2.4683E-02
   98   2.8358E-02
   99   3.3068E-02
  100   3.8575E-02
  101   4.1753E-02
  102   4.4764E-02
  103   4.8488E-02
  104   5.0646E-02
  105   5.2333E-02
  106   5.3092E-02
  107   5.2033E-02
  108   5.1204E-02
  109   5.0007E-02
  110   4.8209E-02
  111   4.5865E-02
  112   4.3548E-02
  113   3.9861E-02
  114   3.4864E-02
  115   2.9198E-02
  116   2.3436E-02
  117   1.7770E-02
  118   1.3050E-02
  119   9.4380E-03
  120   6.9890E-03
  121   5.3970E-03
  122   4.2470E-03
  123   3.5940E-03
  124   3.6070E-03
  125   4.2750E-03
  126   5.4070E-03
  127   7.0780E-03
  128   9.5310E-03
  129   1.3282E-02
  130   1.8058E-02
  131   2.3856E-02
  132   2.9718E-02
  133   3.5357E-02
  134   4.0343E-02
  135   4.3925E-02
  136   4.6109E-02
  137   4.8505E-02
  138   5.0160E-02
  139   5.1468E-02
  140   5.2149E-02
  141   5.3121E-02
  142   5.2373E-02
  143   5.0511E-02
  144   4.8087E-02
  145   4.4630E-02
  146   4.1428E-02
  147   3.8098E-02
  148   3.2674E-02
  149   2.7960E-02
  150   2.4402E-02
  151   2.0963E-02
  152   1.7432E-02
  153   1.4395E-02
  154   1.1644E-02
  155   9.1610E-03
  156   7.3570E-03
  157   6.0890E-03
  158   4.4310E-03
  159   3.3910E-03
  160   2.6480E-03
  161   1.9060E-03
  162   1.4310E-03
  163   1.1090E-03
  164   6.9200E-04
  165   4.4300E-04
  166   2.8100E-04
  167   2.0100E-04
  168   1.1800E-04
  169   6.9000E-05
  170   3.9000E-05
  171   2.7000E-05
  172   1.3000E-05
  173   6.0000E-06
  174   4.0000E-06
