   68   2.0000E-06
   72   7.0000E-06
   73   8.0000E-06
   74   2.5000E-05
   75   4.0000E-05
   76   4.5000E-05
   77   8.8000E-05
   78   1.0800E-04
   79   1.9200E-04
   80   3.8500E-04
   81   4.7300E-04
   82   7.0000E-04
   83   1.0610E-03
   84   1.5960E-03
   85   2.0980E-03
   86   2.7560E-03
   87   3.8010E-03
   88   5.2510E-03
   89   6.3880E-03
   90   8.5350E-03
   91   1.0855E-02
   92   1.3343E-02
   93   1.6065E-02
   94   2.0852E-02
   95   2.3676E-02
   96   2.7553E-02
   97   3.2592E-02
   98   3.6726E-02
   99   4.0604E-02
  100   4.5066E-02
  101   4.8138E-02
  102   5.0199E-02
  103   5.1788E-02
  104   5.3592E-02
  105   5.2505E-02
  106   5.1190E-02
  107   5.0009E-02
  108   4.8761E-02
  109   4.6526E-02
  110   4.4443E-02
  111   4.0699E-02
  112   3.6009E-02
  113   3.0206E-02
  114   2.4384E-02
  115   1.8647E-02
  116   1.4083E-02
  117   1.0601E-02
  118   8.0340E-03
  119   6.4470E-03
  120   5.5820E-03
  121   4.9960E-03
  122   4.4720E-03
  123   5.0080E-03
  124   5.5900E-03
  125   6.4720E-03
  126   8.0500E-03
  127   1.0700E-02
  128   1.4160E-02
  129   1.8843E-02
  130   2.4564E-02
  131   3.0476E-02
  132   3.6312E-02
  133   4.0858E-02
  134   4.4636E-02
  135   4.6629E-02
  136   4.8822E-02
  137   5.0127E-02
  138   5.1314E-02
  139   5.2611E-02
  140   5.3514E-02
  141   5.1842E-02
  142   5.0143E-02
  143   4.7981E-02
  144   4.4910E-02
  145   4.0506E-02
  146   3.6438E-02
  147   3.2421E-02
  148   2.7433E-02
  149   2.3535E-02
  150   2.0655E-02
  151   1.5962E-02
  152   1.3264E-02
  153   1.0673E-02
  154   8.5120E-03
  155   6.3300E-03
  156   5.1810E-03
  157   3.7700E-03
  158   2.7260E-03
  159   2.0900E-03
  160   1.5640E-03
  161   1.0380E-03
  162   6.9900E-04
  163   4.7400E-04
  164   3.7300E-04
  165   1.8700E-04
  166   1.0800E-04
  167   8.8000E-05
  168   4.5000E-05
  169   4.0000E-05
  170   2.5000E-05
  171   8.0000E-06
  172   7.0000E-06
  176   2.0000E-06
