   75   2.0000E-06
   76   2.0000E-06
   77   5.0000E-06
   78   9.0000E-06
   79   2.3000E-05
   80   7.3000E-05
   81   1.2800E-04
   82   2.9000E-04
   83   5.0900E-04
   84   9.0100E-04
   85   1.4230E-03
   86   2.6150E-03
   87   3.5140E-03
   88   4.8680E-03
   89   6.7820E-03
   90   9.0210E-03
   91   1.0272E-02
   92   1.2265E-02
   93   1.3513E-02
   94   1.4550E-02
   95   1.6205E-02
   96   1.9065E-02
   97   1.9794E-02
   98   2.2123E-02
   99   2.5573E-02
  100   2.9368E-02
  101   3.3158E-02
  102   3.8920E-02
  103   4.2368E-02
  104   4.6011E-02
  105   5.0263E-02
  106   5.3131E-02
  107   5.4226E-02
  108   5.3883E-02
  109   5.3282E-02
  110   5.1415E-02
  111   4.9016E-02
  112   4.7496E-02
  113   4.4992E-02
  114   4.2217E-02
  115   3.7376E-02
  116   3.0285E-02
  117   2.2649E-02
  118   1.5612E-02
  119   9.8540E-03
  120   5.5830E-03
  121   2.9460E-03
  122   1.3720E-03
  123   6.6800E-04
  124   2.8800E-04
  125   1.6800E-04
  126   2.8800E-04
  127   6.6800E-04
  128   1.3720E-03
  129   2.9460E-03
  130   5.5830E-03
  131   9.8540E-03
  132   1.5612E-02
  133   2.2649E-02
  134   3.0285E-02
  135   3.7376E-02
  136   4.2217E-02
  137   4.4992E-02
  138   4.7496E-02
  139   4.9016E-02
  140   5.1415E-02
  141   5.3282E-02
  142   5.3883E-02
  143   5.4226E-02
  144   5.3131E-02
  145   5.0263E-02
  146   4.6011E-02
  147   4.2368E-02
  148   3.8920E-02
  149   3.3158E-02
  150   2.9368E-02
  151   2.5573E-02
  152   2.2123E-02
  153   1.9794E-02
  154   1.9065E-02
  155   1.6205E-02
  156   1.4550E-02
  157   1.3513E-02
  158   1.2265E-02
  159   1.0272E-02
  160   9.0210E-03
  161   6.7820E-03
  162   4.8680E-03
  163   3.5140E-03
  164   2.6150E-03
  165   1.4230E-03
  166   9.0100E-04
  167   5.0900E-04
  168   2.9000E-04
  169   1.2800E-04
  170   7.3000E-05
  171   2.3000E-05
  172   9.0000E-06
  173   5.0000E-06
  174   2.0000E-06
  175   2.0000E-06
