   68   2.0000E-06
   70   3.0000E-06
   71   2.0000E-06
   73   5.0000E-06
   74   6.0000E-06
   75   2.6000E-05
   76   3.3000E-05
   77   7.1000E-05
   78   1.1400E-04
   79   1.6700E-04
   80   3.3300E-04
   81   4.5900E-04
   82   6.4500E-04
   83   9.5700E-04
   84   1.4990E-03
   85   1.8510E-03
   86   2.5490E-03
   87   3.4460E-03
   88   4.7600E-03
   89   5.8730E-03
   90   7.8150E-03
   91   9.5050E-03
   92   1.1691E-02
   93   1.4926E-02
   94   1.9098E-02
   95   2.1484E-02
   96   2.5262E-02
   97   3.0237E-02
   98   3.4418E-02
   99   3.8804E-02
  100   4.3768E-02
  101   4.6788E-02
  102   4.9276E-02
  103   5.2135E-02
  104   5.3688E-02
  105   5.3093E-02
  106   5.2860E-02
  107   5.1727E-02
  108   4.9764E-02
  109   4.8245E-02
  110   4.6367E-02
  111   4.3293E-02
  112   3.8609E-02
  113   3.3535E-02
  114   2.7094E-02
  115   2.1286E-02
  116   1.5817E-02
  117   1.1293E-02
  118   7.9370E-03
  119   5.8760E-03
  120   4.4230E-03
  121   3.6820E-03
  122   3.3830E-03
  123   3.3830E-03
  124   3.6820E-03
  125   4.4230E-03
  126   5.8760E-03
  127   7.9370E-03
  128   1.1293E-02
  129   1.5817E-02
  130   2.1286E-02
  131   2.7094E-02
  132   3.3535E-02
  133   3.8609E-02
  134   4.3293E-02
  135   4.6367E-02
  136   4.8245E-02
  137   4.9764E-02
  138   5.1727E-02
  139   5.2860E-02
  140   5.3093E-02
  141   5.3688E-02
  142   5.2135E-02
  143   4.9276E-02
  144   4.6788E-02
  145   4.3768E-02
  146   3.8804E-02
  147   3.4418E-02
  148   3.0237E-02
  149   2.5262E-02
  150   2.1484E-02
  151   1.9098E-02
  152   1.4926E-02
  153   1.1691E-02
  154   9.5050E-03
  155   7.8150E-03
  156   5.8730E-03
  157   4.7600E-03
  158   3.4460E-03
  159   2.5490E-03
  160   1.8510E-03
  161   1.4990E-03
  162   9.5700E-04
  163   6.4500E-04
  164   4.5900E-04
  165   3.3300E-04
  166   1.6700E-04
  167   1.1400E-04
  168   7.1000E-05
  169   3.3000E-05
  170   2.6000E-05
  171   6.0000E-06
  172   5.0000E-06
  174   2.0000E-06
  175   3.0000E-06
  177   2.0000E-06
