   75   6.0000E-06
   76   8.0000E-06
   77   1.0000E-05
   78   4.2000E-05
   79   8.3000E-05
   80   1.6100E-04
   81   2.5400E-04
   82   4.8300E-04
   83   8.0800E-04
   84   1.2310E-03
   85   1.8080E-03
   86   2.9400E-03
   87   3.9180E-03
   88   4.8220E-03
   89   6.5690E-03
   90   8.9160E-03
   91   9.6800E-03
   92   1.1460E-02
   93   1.3286E-02
   94   1.4671E-02
   95   1.6454E-02
   96   1.9871E-02
   97   2.1327E-02
   98   2.3725E-02
   99   2.8124E-02
  100   3.2204E-02
  101   3.5281E-02
  102   4.0475E-02
  103   4.3957E-02
  104   4.6449E-02
  105   4.9803E-02
  106   5.2038E-02
  107   5.1565E-02
  108   5.1436E-02
  109   5.1339E-02
  110   4.9078E-02
  111   4.8064E-02
  112   4.7298E-02
  113   4.5233E-02
  114   4.1130E-02
  115   3.6322E-02
  116   2.9330E-02
  117   2.1657E-02
  118   1.5151E-02
  119   9.6340E-03
  120   5.6090E-03
  121   3.1140E-03
  122   1.7150E-03
  123   8.7200E-04
  124   5.6700E-04
  125   5.6700E-04
  126   8.7200E-04
  127   1.7150E-03
  128   3.1140E-03
  129   5.6090E-03
  130   9.6340E-03
  131   1.5151E-02
  132   2.1657E-02
  133   2.9330E-02
  134   3.6322E-02
  135   4.1130E-02
  136   4.5233E-02
  137   4.7298E-02
  138   4.8064E-02
  139   4.9078E-02
  140   5.1339E-02
  141   5.1436E-02
  142   5.1565E-02
  143   5.2038E-02
  144   4.9803E-02
  145   4.6449E-02
  146   4.3957E-02
  147   4.0475E-02
  148   3.5281E-02
  149   3.2204E-02
  150   2.8124E-02
  151   2.3725E-02
  152   2.1327E-02
  153   1.9871E-02
  154   1.6454E-02
  155   1.4671E-02
  156   1.3286E-02
  157   1.1460E-02
  158   9.6800E-03
  159   8.9160E-03
  160   6.5690E-03
  161   4.8220E-03
  162   3.9180E-03
  163   2.9400E-03
  164   1.8080E-03
  165   1.2310E-03
  166   8.0800E-04
  167   4.8300E-04
  168   2.5400E-04
  169   1.6100E-04
  170   8.3000E-05
  171   4.2000E-05
  172   1.0000E-05
  173   8.0000E-06
  174   6.0000E-06
