   75   2.0000E-06
   76   7.0000E-06
   77   2.6000E-05
   78   3.9000E-05
   79   1.1000E-04
   80   1.9200E-04
   81   3.4200E-04
   82   5.5100E-04
   83   9.4400E-04
   84   1.6490E-03
   85   2.1800E-03
   86   2.9220E-03
   87   4.1210E-03
   88   5.2500E-03
   89   6.5290E-03
   90   8.4340E-03
   91   9.6110E-03
   92   1.1252E-02
   93   1.4043E-02
   94   1.7595E-02
   95   1.9997E-02
   96   2.3513E-02
   97   2.8263E-02
   98   3.2292E-02
   99   3.7721E-02
  100   4.4236E-02
  101   4.7569E-02
  102   5.0706E-02
  103   5.5014E-02
  104   5.7095E-02
  105   5.7589E-02
  106   5.6766E-02
  107   5.5614E-02
  108   5.2764E-02
  109   5.0508E-02
  110   4.8159E-02
  111   4.5033E-02
  112   4.0493E-02
  113   3.4458E-02
  114   2.6676E-02
  115   1.9419E-02
  116   1.2830E-02
  117   8.0020E-03
  118   4.5770E-03
  119   2.4290E-03
  120   1.2910E-03
  121   6.6300E-04
  122   3.7700E-04
  123   2.5000E-04
  124   3.7700E-04
  125   6.6300E-04
  126   1.2910E-03
  127   2.4290E-03
  128   4.5770E-03
  129   8.0020E-03
  130   1.2830E-02
  131   1.9419E-02
  132   2.6676E-02
  133   3.4458E-02
  134   4.0493E-02
  135   4.5033E-02
  136   4.8159E-02
  137   5.0508E-02
  138   5.2764E-02
  139   5.5614E-02
  140   5.6766E-02
  141   5.7589E-02
  142   5.7095E-02
  143   5.5014E-02
  144   5.0706E-02
  145   4.7569E-02
  146   4.4236E-02
  147   3.7721E-02
  148   3.2292E-02
  149   2.8263E-02
  150   2.3513E-02
  151   1.9997E-02
  152   1.7595E-02
  153   1.4043E-02
  154   1.1252E-02
  155   9.6110E-03
  156   8.4340E-03
  157   6.5290E-03
  158   5.2500E-03
  159   4.1210E-03
  160   2.9220E-03
  161   2.1800E-03
  162   1.6490E-03
  163   9.4400E-04
  164   5.5100E-04
  165   3.4200E-04
  166   1.9200E-04
  167   1.1000E-04
  168   3.9000E-05
  169   2.6000E-05
  170   7.0000E-06
  171   2.0000E-06
