   69   2.0000E-06
   70   4.0000E-06
   71   2.0000E-06
   72   6.0000E-06
   73   4.0000E-06
   74   1.0000E-05
   75   2.7000E-05
   76   5.7000E-05
   77   7.2000E-05
   78   1.7400E-04
   79   2.4800E-04
   80   4.4200E-04
   81   6.4900E-04
   82   9.4500E-04
   83   1.4010E-03
   84   2.2000E-03
   85   2.7820E-03
   86   3.5600E-03
   87   4.8500E-03
   88   6.8860E-03
   89   8.0150E-03
   90   1.0026E-02
   91   1.2836E-02
   92   1.5708E-02
   93   1.9110E-02
   94   2.4469E-02
   95   2.7649E-02
   96   3.1444E-02
   97   3.7010E-02
   98   4.3294E-02
   99   4.6175E-02
  100   4.9987E-02
  101   5.3263E-02
  102   5.4866E-02
  103   5.5299E-02
  104   5.6741E-02
  105   5.5053E-02
  106   5.2600E-02
  107   5.1014E-02
  108   4.8583E-02
  109   4.6142E-02
  110   4.2014E-02
  111   3.6596E-02
  112   2.9384E-02
  113   2.2280E-02
  114   1.5884E-02
  115   1.0536E-02
  116   6.8710E-03
  117   4.4410E-03
  118   2.9300E-03
  119   2.2180E-03
  120   1.7520E-03
  121   1.4660E-03
  122   1.4660E-03
  123   1.7520E-03
  124   2.2180E-03
  125   2.9300E-03
  126   4.4410E-03
  127   6.8710E-03
  128   1.0536E-02
  129   1.5884E-02
  130   2.2280E-02
  131   2.9384E-02
  132   3.6596E-02
  133   4.2014E-02
  134   4.6142E-02
  135   4.8583E-02
  136   5.1014E-02
  137   5.2600E-02
  138   5.5053E-02
  139   5.6741E-02
  140   5.5299E-02
  141   5.4866E-02
  142   5.3263E-02
  143   4.9987E-02
  144   4.6175E-02
  145   4.3294E-02
  146   3.7010E-02
  147   3.1444E-02
  148   2.7649E-02
  149   2.4469E-02
  150   1.9110E-02
  151   1.5708E-02
  152   1.2836E-02
  153   1.0026E-02
  154   8.0150E-03
  155   6.8860E-03
  156   4.8500E-03
  157   3.5600E-03
  158   2.7820E-03
  159   2.2000E-03
  160   1.4010E-03
  161   9.4500E-04
  162   6.4900E-04
  163   4.4200E-04
  164   2.4800E-04
  165   1.7400E-04
  166   7.2000E-05
  167   5.7000E-05
  168   2.7000E-05
  169   1.0000E-05
  170   4.0000E-06
  171   6.0000E-06
  172   2.0000E-06
  173   4.0000E-06
  174   2.0000E-06
