   62   2.0000E-06
   64   2.0000E-06
   65   4.0000E-06
   66   3.0000E-06
   67   1.1000E-05
   68   8.0000E-06
   69   1.4000E-05
   70   2.2000E-05
   71   2.9000E-05
   72   4.0000E-05
   73   5.5000E-05
   74   7.4000E-05
   75   1.0600E-04
   76   1.2100E-04
   77   1.8200E-04
   78   2.7600E-04
   79   3.5400E-04
   80   5.1300E-04
   81   6.6500E-04
   82   9.1400E-04
   83   1.2740E-03
   84   1.7280E-03
   85   2.2010E-03
   86   2.7830E-03
   87   3.6450E-03
   88   4.9430E-03
   89   5.9840E-03
   90   7.6080E-03
   91   9.2110E-03
   92   1.1231E-02
   93   1.3271E-02
   94   1.6326E-02
   95   1.8439E-02
   96   2.0907E-02
   97   2.4023E-02
   98   2.7435E-02
   99   2.9234E-02
  100   3.2108E-02
  101   3.4273E-02
  102   3.5962E-02
  103   3.7273E-02
  104   3.9110E-02
  105   3.9405E-02
  106   3.9805E-02
  107   4.0642E-02
  108   4.0862E-02
  109   4.1099E-02
  110   4.0913E-02
  111   3.9547E-02
  112   3.8143E-02
  113   3.6757E-02
  114   3.5232E-02
  115   3.3856E-02
  116   3.2927E-02
  117   3.2596E-02
  118   3.2055E-02
  119   3.2078E-02
  120   3.1388E-02
  121   3.1308E-02
  122   3.1345E-02
  123   3.1613E-02
  124   3.2273E-02
  125   3.2438E-02
  126   3.3119E-02
  127   3.3980E-02
  128   3.5197E-02
  129   3.6725E-02
  130   3.8389E-02
  131   4.0153E-02
  132   4.1350E-02
  133   4.2150E-02
  134   4.1804E-02
  135   4.1519E-02
  136   4.0847E-02
  137   4.0459E-02
  138   3.9823E-02
  139   3.9010E-02
  140   3.7415E-02
  141   3.5514E-02
  142   3.3368E-02
  143   3.1033E-02
  144   2.8594E-02
  145   2.5648E-02
  146   2.2513E-02
  147   1.9741E-02
  148   1.7370E-02
  149   1.4743E-02
  150   1.2133E-02
  151   1.0230E-02
  152   8.2510E-03
  153   6.8240E-03
  154   5.5780E-03
  155   4.1810E-03
  156   3.2830E-03
  157   2.4960E-03
  158   2.0190E-03
  159   1.5120E-03
  160   1.1220E-03
  161   7.8900E-04
  162   6.1600E-04
  163   4.3900E-04
  164   3.3700E-04
  165   2.4900E-04
  166   1.6400E-04
  167   1.1700E-04
  168   1.0100E-04
  169   6.7000E-05
  170   5.4000E-05
  171   3.9000E-05
  172   2.9000E-05
  173   2.0000E-05
  174   1.4000E-05
  175   8.0000E-06
  176   1.1000E-05
  177   3.0000E-06
  178   4.0000E-06
  179   2.0000E-06
  181   2.0000E-06
