   75   2.0000E-06
   76   4.0000E-06
   77   9.0000E-06
   78   1.6000E-05
   79   4.2000E-05
   80   9.0000E-05
   81   1.6900E-04
   82   3.5400E-04
   83   6.2700E-04
   84   1.0330E-03
   85   1.5220E-03
   86   2.3800E-03
   87   3.2540E-03
   88   4.2780E-03
   89   5.5920E-03
   90   7.6000E-03
   91   8.3910E-03
   92   9.8160E-03
   93   1.1761E-02
   94   1.3887E-02
   95   1.6086E-02
   96   1.9888E-02
   97   2.2701E-02
   98   2.6259E-02
   99   3.1916E-02
  100   3.8034E-02
  101   4.2045E-02
  102   4.6794E-02
  103   5.2040E-02
  104   5.5251E-02
  105   5.8601E-02
  106   5.9830E-02
  107   5.7790E-02
  108   5.6433E-02
  109   5.3962E-02
  110   5.0834E-02
  111   4.8360E-02
  112   4.4464E-02
  113   3.9913E-02
  114   3.3860E-02
  115   2.6545E-02
  116   1.9233E-02
  117   1.2559E-02
  118   7.6160E-03
  119   4.2550E-03
  120   2.0960E-03
  121   1.0340E-03
  122   4.6800E-04
  123   2.3200E-04
  124   1.1800E-04
  125   2.3200E-04
  126   4.6800E-04
  127   1.0340E-03
  128   2.0960E-03
  129   4.2550E-03
  130   7.6160E-03
  131   1.2559E-02
  132   1.9233E-02
  133   2.6545E-02
  134   3.3860E-02
  135   3.9913E-02
  136   4.4464E-02
  137   4.8360E-02
  138   5.0834E-02
  139   5.3962E-02
  140   5.6433E-02
  141   5.7790E-02
  142   5.9830E-02
  143   5.8601E-02
  144   5.5251E-02
  145   5.2040E-02
  146   4.6794E-02
  147   4.2045E-02
  148   3.8034E-02
  149   3.1916E-02
  150   2.6259E-02
  151   2.2701E-02
  152   1.9888E-02
  153   1.6086E-02
  154   1.3887E-02
  155   1.1761E-02
  156   9.8160E-03
  157   8.3910E-03
  158   7.6000E-03
  159   5.5920E-03
  160   4.2780E-03
  161   3.2540E-03
  162   2.3800E-03
  163   1.5220E-03
  164   1.0330E-03
  165   6.2700E-04
  166   3.5400E-04
  167   1.6900E-04
  168   9.0000E-05
  169   4.2000E-05
  170   1.6000E-05
  171   9.0000E-06
  172   4.0000E-06
  173   2.0000E-06
