   68   2.0000E-06
   69   6.0000E-06
   70   4.0000E-06
   71   8.0000E-06
   72   1.3000E-05
   73   8.0000E-06
   74   3.1000E-05
   75   4.2000E-05
   76   5.8000E-05
   77   1.1300E-04
   78   1.5500E-04
   79   2.6000E-04
   80   4.1400E-04
   81   5.0500E-04
   82   7.2700E-04
   83   1.1250E-03
   84   1.4930E-03
   85   2.0120E-03
   86   2.6400E-03
   87   3.6950E-03
   88   5.1290E-03
   89   6.3290E-03
   90   8.1070E-03
   91   1.0150E-02
   92   1.2289E-02
   93   1.5056E-02
   94   1.9061E-02
   95   2.1877E-02
   96   2.4939E-02
   97   2.9245E-02
   98   3.2905E-02
   99   3.6873E-02
  100   4.0148E-02
  101   4.2872E-02
  102   4.4974E-02
  103   4.6482E-02
  104   4.7885E-02
  105   4.7748E-02
  106   4.7287E-02
  107   4.6569E-02
  108   4.5731E-02
  109   4.4511E-02
  110   4.2496E-02
  111   4.0401E-02
  112   3.6960E-02
  113   3.2959E-02
  114   2.8745E-02
  115   2.4746E-02
  116   2.1154E-02
  117   1.8373E-02
  118   1.6561E-02
  119   1.4705E-02
  120   1.3655E-02
  121   1.3319E-02
  122   1.3162E-02
  123   1.3365E-02
  124   1.3720E-02
  125   1.4846E-02
  126   1.6830E-02
  127   1.8725E-02
  128   2.1754E-02
  129   2.5593E-02
  130   2.9515E-02
  131   3.3999E-02
  132   3.7994E-02
  133   4.1047E-02
  134   4.3202E-02
  135   4.4892E-02
  136   4.6015E-02
  137   4.6833E-02
  138   4.7402E-02
  139   4.8194E-02
  140   4.7878E-02
  141   4.6262E-02
  142   4.4593E-02
  143   4.2486E-02
  144   3.9613E-02
  145   3.6187E-02
  146   3.2267E-02
  147   2.8302E-02
  148   2.4487E-02
  149   2.1302E-02
  150   1.8259E-02
  151   1.4713E-02
  152   1.1847E-02
  153   9.6730E-03
  154   7.8250E-03
  155   6.1310E-03
  156   4.8000E-03
  157   3.4970E-03
  158   2.5640E-03
  159   1.9160E-03
  160   1.4230E-03
  161   1.0420E-03
  162   6.8800E-04
  163   4.8000E-04
  164   3.9800E-04
  165   2.3600E-04
  166   1.4800E-04
  167   1.0300E-04
  168   6.4000E-05
  169   3.6000E-05
  170   3.1000E-05
  171   8.0000E-06
  172   1.3000E-05
  173   8.0000E-06
  174   4.0000E-06
  175   6.0000E-06
  176   2.0000E-06
