   72   2.0000E-06
   73   5.0000E-06
   74   1.2000E-05
   75   1.3000E-05
   76   3.4000E-05
   77   6.1000E-05
   78   9.3000E-05
   79   1.4100E-04
   80   2.9100E-04
   81   4.1000E-04
   82   5.4300E-04
   83   7.9900E-04
   84   1.3470E-03
   85   1.6700E-03
   86   2.3260E-03
   87   3.0490E-03
   88   4.0590E-03
   89   5.2200E-03
   90   7.2120E-03
   91   8.5320E-03
   92   1.0148E-02
   93   1.3162E-02
   94   1.6787E-02
   95   1.9449E-02
   96   2.3307E-02
   97   2.7335E-02
   98   3.1512E-02
   99   3.6020E-02
  100   4.1505E-02
  101   4.3944E-02
  102   4.7205E-02
  103   5.0462E-02
  104   5.2648E-02
  105   5.3216E-02
  106   5.3208E-02
  107   5.2260E-02
  108   5.0520E-02
  109   4.8548E-02
  110   4.7629E-02
  111   4.4981E-02
  112   4.1494E-02
  113   3.7225E-02
  114   3.1284E-02
  115   2.5242E-02
  116   1.9411E-02
  117   1.4181E-02
  118   1.0090E-02
  119   7.2210E-03
  120   5.2820E-03
  121   3.9830E-03
  122   3.3810E-03
  123   3.0050E-03
  124   3.3910E-03
  125   3.9990E-03
  126   5.3040E-03
  127   7.2720E-03
  128   1.0155E-02
  129   1.4313E-02
  130   1.9618E-02
  131   2.5541E-02
  132   3.1532E-02
  133   3.7414E-02
  134   4.1783E-02
  135   4.5188E-02
  136   4.7670E-02
  137   4.8677E-02
  138   5.0633E-02
  139   5.2380E-02
  140   5.3147E-02
  141   5.3373E-02
  142   5.2556E-02
  143   5.0326E-02
  144   4.7184E-02
  145   4.3768E-02
  146   4.1281E-02
  147   3.5849E-02
  148   3.1260E-02
  149   2.7192E-02
  150   2.3107E-02
  151   1.9352E-02
  152   1.6607E-02
  153   1.3078E-02
  154   1.0035E-02
  155   8.4890E-03
  156   7.1380E-03
  157   5.1890E-03
  158   3.9990E-03
  159   2.9950E-03
  160   2.3180E-03
  161   1.6440E-03
  162   1.3240E-03
  163   7.9800E-04
  164   5.2400E-04
  165   4.1500E-04
  166   2.8100E-04
  167   1.3700E-04
  168   9.1000E-05
  169   6.3000E-05
  170   3.2000E-05
  171   1.3000E-05
  172   1.2000E-05
  173   5.0000E-06
  174   2.0000E-06
