   73   2.0000E-06
   76   6.0000E-06
   77   1.3000E-05
   78   1.8000E-05
   79   3.5000E-05
   80   8.5000E-05
   81   1.0700E-04
   82   1.6700E-04
   83   2.6500E-04
   84   4.0500E-04
   85   6.8600E-04
   86   1.0370E-03
   87   1.3920E-03
   88   1.9810E-03
   89   2.6180E-03
   90   3.4310E-03
   91   4.4740E-03
   92   5.8850E-03
   93   6.6260E-03
   94   8.0480E-03
   95   9.6840E-03
   96   1.1287E-02
   97   1.3267E-02
   98   1.5805E-02
   99   1.7735E-02
  100   2.0040E-02
  101   2.3750E-02
  102   2.7407E-02
  103   3.1036E-02
  104   3.4644E-02
  105   3.7806E-02
  106   4.0570E-02
  107   4.3601E-02
  108   4.6424E-02
  109   4.7627E-02
  110   4.7969E-02
  111   4.8095E-02
  112   4.7765E-02
  113   4.6305E-02
  114   4.5624E-02
  115   4.4494E-02
  116   4.2105E-02
  117   3.9365E-02
  118   3.6059E-02
  119   3.1351E-02
  120   2.6705E-02
  121   2.1930E-02
  122   1.7951E-02
  123   1.4124E-02
  124   1.1390E-02
  125   9.5920E-03
  126   8.1070E-03
  127   7.7070E-03
  128   8.7740E-03
  129   1.0593E-02
  130   1.3155E-02
  131   1.6975E-02
  132   2.1102E-02
  133   2.5932E-02
  134   3.1009E-02
  135   3.5358E-02
  136   3.9259E-02
  137   4.2054E-02
  138   4.3719E-02
  139   4.5459E-02
  140   4.6357E-02
  141   4.7297E-02
  142   4.8069E-02
  143   4.8333E-02
  144   4.8067E-02
  145   4.6799E-02
  146   4.4750E-02
  147   4.1207E-02
  148   3.8884E-02
  149   3.5412E-02
  150   3.2240E-02
  151   2.8665E-02
  152   2.4504E-02
  153   2.1430E-02
  154   1.8744E-02
  155   1.6452E-02
  156   1.4211E-02
  157   1.2080E-02
  158   1.0235E-02
  159   8.3420E-03
  160   7.0610E-03
  161   5.8170E-03
  162   4.5370E-03
  163   3.5960E-03
  164   2.6140E-03
  165   1.8690E-03
  166   1.4230E-03
  167   9.8800E-04
  168   6.7600E-04
  169   4.2700E-04
  170   2.8200E-04
  171   1.7700E-04
  172   1.2600E-04
  173   8.1000E-05
  174   4.9000E-05
  175   2.7000E-05
  176   1.3000E-05
  177   6.0000E-06
  178   6.0000E-06
  181   2.0000E-06
