   77   2.0000E-06
   78   8.0000E-06
   79   2.0000E-05
   80   3.3000E-05
   81   9.4000E-05
   82   2.0700E-04
   83   3.4600E-04
   84   6.1300E-04
   85   1.0460E-03
   86   2.0950E-03
   87   2.9840E-03
   88   4.5310E-03
   89   6.3350E-03
   90   8.2680E-03
   91   1.0380E-02
   92   1.4355E-02
   93   1.5433E-02
   94   1.6851E-02
   95   1.9154E-02
   96   2.0301E-02
   97   2.0381E-02
   98   2.2363E-02
   99   2.2531E-02
  100   2.2948E-02
  101   2.5724E-02
  102   2.9016E-02
  103   3.0282E-02
  104   3.4329E-02
  105   3.7488E-02
  106   3.9728E-02
  107   4.2938E-02
  108   4.5408E-02
  109   4.5543E-02
  110   4.5773E-02
  111   4.6528E-02
  112   4.4978E-02
  113   4.4387E-02
  114   4.4529E-02
  115   4.4262E-02
  116   4.2784E-02
  117   3.8999E-02
  118   3.3686E-02
  119   2.6115E-02
  120   1.9084E-02
  121   1.2166E-02
  122   7.3700E-03
  123   4.0900E-03
  124   2.0120E-03
  125   9.9800E-04
  126   4.8400E-04
  127   4.8400E-04
  128   9.9800E-04
  129   2.0120E-03
  130   4.0900E-03
  131   7.3700E-03
  132   1.2166E-02
  133   1.9084E-02
  134   2.6115E-02
  135   3.3686E-02
  136   3.8999E-02
  137   4.2784E-02
  138   4.4262E-02
  139   4.4529E-02
  140   4.4387E-02
  141   4.4978E-02
  142   4.6528E-02
  143   4.5773E-02
  144   4.5543E-02
  145   4.5408E-02
  146   4.2938E-02
  147   3.9728E-02
  148   3.7488E-02
  149   3.4329E-02
  150   3.0282E-02
  151   2.9016E-02
  152   2.5724E-02
  153   2.2948E-02
  154   2.2531E-02
  155   2.2363E-02
  156   2.0381E-02
  157   2.0301E-02
  158   1.9154E-02
  159   1.6851E-02
  160   1.5433E-02
  161   1.4355E-02
  162   1.0380E-02
  163   8.2680E-03
  164   6.3350E-03
  165   4.5310E-03
  166   2.9840E-03
  167   2.0950E-03
  168   1.0460E-03
  169   6.1300E-04
  170   3.4600E-04
  171   2.0700E-04
  172   9.4000E-05
  173   3.3000E-05
  174   2.0000E-05
  175   8.0000E-06
  176   2.0000E-06
