   76   4.0000E-06
   77   3.0000E-06
   78   1.3000E-05
   79   3.2000E-05
   80   5.7000E-05
   81   8.9000E-05
   82   2.1000E-04
   83   2.9600E-04
   84   5.2000E-04
   85   8.4700E-04
   86   1.3490E-03
   87   2.0370E-03
   88   3.1790E-03
   89   4.0800E-03
   90   5.1790E-03
   91   6.8780E-03
   92   9.3250E-03
   93   1.0567E-02
   94   1.2162E-02
   95   1.3807E-02
   96   1.5095E-02
   97   1.6850E-02
   98   1.9063E-02
   99   1.9940E-02
  100   2.1587E-02
  101   2.4195E-02
  102   2.6873E-02
  103   2.9678E-02
  104   3.3282E-02
  105   3.6265E-02
  106   3.9066E-02
  107   4.2506E-02
  108   4.5026E-02
  109   4.6213E-02
  110   4.6999E-02
  111   4.7611E-02
  112   4.6703E-02
  113   4.5838E-02
  114   4.5303E-02
  115   4.4618E-02
  116   4.3761E-02
  117   4.2025E-02
  118   3.8291E-02
  119   3.3038E-02
  120   2.6283E-02
  121   1.9879E-02
  122   1.3763E-02
  123   8.8060E-03
  124   5.3950E-03
  125   3.0210E-03
  126   1.7670E-03
  127   1.1820E-03
  128   1.7670E-03
  129   3.0210E-03
  130   5.4080E-03
  131   8.8200E-03
  132   1.3779E-02
  133   1.9906E-02
  134   2.6308E-02
  135   3.3076E-02
  136   3.8326E-02
  137   4.2032E-02
  138   4.3770E-02
  139   4.4634E-02
  140   4.5282E-02
  141   4.5884E-02
  142   4.6727E-02
  143   4.7599E-02
  144   4.6984E-02
  145   4.6215E-02
  146   4.5001E-02
  147   4.2487E-02
  148   3.9047E-02
  149   3.6261E-02
  150   3.3253E-02
  151   2.9673E-02
  152   2.6862E-02
  153   2.4189E-02
  154   2.1579E-02
  155   1.9957E-02
  156   1.9034E-02
  157   1.6838E-02
  158   1.5107E-02
  159   1.3793E-02
  160   1.2167E-02
  161   1.0556E-02
  162   9.3140E-03
  163   6.8660E-03
  164   5.1640E-03
  165   4.0650E-03
  166   3.1730E-03
  167   2.0410E-03
  168   1.3410E-03
  169   8.4700E-04
  170   5.1700E-04
  171   2.9800E-04
  172   2.0800E-04
  173   8.9000E-05
  174   5.7000E-05
  175   3.2000E-05
  176   1.3000E-05
  177   3.0000E-06
  178   4.0000E-06
