   75   4.0000E-06
   76   1.1000E-05
   77   1.5000E-05
   78   3.3000E-05
   79   4.7000E-05
   80   5.7000E-05
   81   1.1500E-04
   82   2.5400E-04
   83   3.3100E-04
   84   4.8100E-04
   85   7.3700E-04
   86   1.2270E-03
   87   1.6290E-03
   88   2.3480E-03
   89   3.1610E-03
   90   3.9810E-03
   91   4.9060E-03
   92   6.6490E-03
   93   7.4660E-03
   94   8.6400E-03
   95   1.0536E-02
   96   1.2307E-02
   97   1.4021E-02
   98   1.6827E-02
   99   1.9322E-02
  100   2.1443E-02
  101   2.5356E-02
  102   2.9186E-02
  103   3.2228E-02
  104   3.6219E-02
  105   3.9242E-02
  106   4.2158E-02
  107   4.4495E-02
  108   4.6463E-02
  109   4.7365E-02
  110   4.7239E-02
  111   4.7636E-02
  112   4.7018E-02
  113   4.5942E-02
  114   4.4969E-02
  115   4.3936E-02
  116   4.1447E-02
  117   3.7730E-02
  118   3.3634E-02
  119   2.8401E-02
  120   2.3851E-02
  121   1.9626E-02
  122   1.6091E-02
  123   1.3403E-02
  124   1.1485E-02
  125   9.9100E-03
  126   9.0720E-03
  127   9.4860E-03
  128   1.0793E-02
  129   1.2904E-02
  130   1.5369E-02
  131   1.9089E-02
  132   2.3487E-02
  133   2.8340E-02
  134   3.3235E-02
  135   3.8238E-02
  136   4.1663E-02
  137   4.3729E-02
  138   4.4667E-02
  139   4.5902E-02
  140   4.6976E-02
  141   4.7341E-02
  142   4.7984E-02
  143   4.7722E-02
  144   4.6859E-02
  145   4.5367E-02
  146   4.2803E-02
  147   3.9823E-02
  148   3.6731E-02
  149   3.3487E-02
  150   2.9584E-02
  151   2.6172E-02
  152   2.2540E-02
  153   1.9862E-02
  154   1.7354E-02
  155   1.4905E-02
  156   1.2974E-02
  157   1.0794E-02
  158   9.1710E-03
  159   7.7820E-03
  160   6.5720E-03
  161   5.1080E-03
  162   4.0090E-03
  163   3.0860E-03
  164   2.2880E-03
  165   1.7090E-03
  166   1.1280E-03
  167   7.8000E-04
  168   4.5200E-04
  169   3.5500E-04
  170   2.5300E-04
  171   1.3600E-04
  172   7.2000E-05
  173   4.1000E-05
  174   3.3000E-05
  175   2.6000E-05
  176   1.1000E-05
  177   6.0000E-06
  178   4.0000E-06
