   74   2.0000E-06
   75   2.0000E-06
   76   1.0000E-05
   77   1.5000E-05
   78   2.5000E-05
   79   4.5000E-05
   80   8.0000E-05
   81   1.6000E-04
   82   3.4300E-04
   83   5.9500E-04
   84   9.5000E-04
   85   1.4130E-03
   86   2.5820E-03
   87   3.3060E-03
   88   4.6920E-03
   89   6.3320E-03
   90   8.2350E-03
   91   9.8250E-03
   92   1.2274E-02
   93   1.3474E-02
   94   1.4496E-02
   95   1.6492E-02
   96   1.8917E-02
   97   1.9650E-02
   98   2.1540E-02
   99   2.4150E-02
  100   2.6097E-02
  101   2.9896E-02
  102   3.4675E-02
  103   3.6938E-02
  104   3.9827E-02
  105   4.4154E-02
  106   4.6909E-02
  107   4.8343E-02
  108   4.9701E-02
  109   4.9881E-02
  110   4.8076E-02
  111   4.7372E-02
  112   4.7028E-02
  113   4.5455E-02
  114   4.5273E-02
  115   4.3153E-02
  116   3.7836E-02
  117   3.1776E-02
  118   2.4645E-02
  119   1.7410E-02
  120   1.1484E-02
  121   7.0150E-03
  122   3.7570E-03
  123   2.0070E-03
  124   1.1220E-03
  125   5.5100E-04
  126   5.5100E-04
  127   1.1220E-03
  128   2.0070E-03
  129   3.7570E-03
  130   7.0150E-03
  131   1.1484E-02
  132   1.7410E-02
  133   2.4645E-02
  134   3.1776E-02
  135   3.7836E-02
  136   4.3153E-02
  137   4.5273E-02
  138   4.5455E-02
  139   4.7028E-02
  140   4.7372E-02
  141   4.8076E-02
  142   4.9881E-02
  143   4.9701E-02
  144   4.8343E-02
  145   4.6909E-02
  146   4.4154E-02
  147   3.9827E-02
  148   3.6938E-02
  149   3.4675E-02
  150   2.9896E-02
  151   2.6097E-02
  152   2.4150E-02
  153   2.1540E-02
  154   1.9650E-02
  155   1.8917E-02
  156   1.6492E-02
  157   1.4496E-02
  158   1.3474E-02
  159   1.2274E-02
  160   9.8250E-03
  161   8.2350E-03
  162   6.3320E-03
  163   4.6920E-03
  164   3.3060E-03
  165   2.5820E-03
  166   1.4130E-03
  167   9.5000E-04
  168   5.9500E-04
  169   3.4300E-04
  170   1.6000E-04
  171   8.0000E-05
  172   4.5000E-05
  173   2.5000E-05
  174   1.5000E-05
  175   1.0000E-05
  176   2.0000E-06
  177   2.0000E-06
