   72   2.0000E-06
   74   4.0000E-06
   75   3.0000E-06
   76   1.2000E-05
   77   2.2000E-05
   78   4.3000E-05
   79   5.4000E-05
   80   1.1200E-04
   81   1.4300E-04
   82   2.5500E-04
   83   3.6700E-04
   84   5.8300E-04
   85   7.8000E-04
   86   1.2160E-03
   87   1.6650E-03
   88   2.1950E-03
   89   3.0420E-03
   90   3.8830E-03
   91   4.6460E-03
   92   6.0910E-03
   93   7.3460E-03
   94   8.6070E-03
   95   1.0577E-02
   96   1.3001E-02
   97   1.4919E-02
   98   1.7791E-02
   99   2.0727E-02
  100   2.4027E-02
  101   2.7369E-02
  102   3.1940E-02
  103   3.5146E-02
  104   3.8152E-02
  105   4.1946E-02
  106   4.4357E-02
  107   4.6400E-02
  108   4.7993E-02
  109   4.8406E-02
  110   4.8028E-02
  111   4.7582E-02
  112   4.6542E-02
  113   4.5157E-02
  114   4.4390E-02
  115   4.1821E-02
  116   3.9246E-02
  117   3.5586E-02
  118   3.0985E-02
  119   2.6499E-02
  120   2.1845E-02
  121   1.7993E-02
  122   1.4711E-02
  123   1.2237E-02
  124   1.0474E-02
  125   9.3180E-03
  126   8.7230E-03
  127   9.8110E-03
  128   1.1270E-02
  129   1.3429E-02
  130   1.6638E-02
  131   2.0542E-02
  132   2.5117E-02
  133   3.0132E-02
  134   3.4702E-02
  135   3.8842E-02
  136   4.1655E-02
  137   4.3502E-02
  138   4.5089E-02
  139   4.6268E-02
  140   4.7325E-02
  141   4.8235E-02
  142   4.8571E-02
  143   4.8211E-02
  144   4.7412E-02
  145   4.5616E-02
  146   4.2703E-02
  147   3.9467E-02
  148   3.6408E-02
  149   3.3122E-02
  150   2.9258E-02
  151   2.5107E-02
  152   2.2028E-02
  153   1.8724E-02
  154   1.6435E-02
  155   1.3806E-02
  156   1.1441E-02
  157   9.4840E-03
  158   7.7170E-03
  159   6.5990E-03
  160   5.1470E-03
  161   3.9950E-03
  162   3.0440E-03
  163   2.4070E-03
  164   1.7110E-03
  165   1.2970E-03
  166   8.3100E-04
  167   6.0900E-04
  168   4.0400E-04
  169   2.9600E-04
  170   1.7100E-04
  171   1.1300E-04
  172   7.6000E-05
  173   4.0000E-05
  174   3.3000E-05
  175   1.7000E-05
  176   1.2000E-05
  178   4.0000E-06
  180   2.0000E-06
