   52   5.0000E-06
   54   8.0000E-06
   55   8.0000E-06
   56   5.0000E-06
   57   1.3000E-05
   58   1.1000E-05
   59   2.1000E-05
   60   3.2000E-05
   61   2.6000E-05
   62   4.9000E-05
   63   5.1000E-05
   64   6.4000E-05
   65   8.2000E-05
   66   1.1200E-04
   67   1.4300E-04
   68   1.7400E-04
   69   1.9400E-04
   70   2.5300E-04
   71   3.2100E-04
   72   4.3600E-04
   73   5.0300E-04
   74   5.9400E-04
   75   7.0400E-04
   76   9.0500E-04
   77   1.0780E-03
   78   1.2580E-03
   79   1.4780E-03
   80   1.8230E-03
   81   2.1550E-03
   82   2.6600E-03
   83   2.9460E-03
   84   3.6140E-03
   85   4.1550E-03
   86   4.9310E-03
   87   5.5180E-03
   88   6.6630E-03
   89   7.5080E-03
   90   8.6420E-03
   91   9.8900E-03
   92   1.1561E-02
   93   1.2862E-02
   94   1.4334E-02
   95   1.5652E-02
   96   1.7862E-02
   97   1.9177E-02
   98   2.1022E-02
   99   2.3017E-02
  100   2.4746E-02
  101   2.6543E-02
  102   2.8553E-02
  103   3.0194E-02
  104   3.2078E-02
  105   3.4223E-02
  106   3.5453E-02
  107   3.6828E-02
  108   3.8605E-02
  109   3.9778E-02
  110   4.1123E-02
  111   4.1935E-02
  112   4.3104E-02
  113   4.4329E-02
  114   4.5109E-02
  115   4.5700E-02
  116   4.6221E-02
  117   4.6860E-02
  118   4.6958E-02
  119   4.7317E-02
  120   4.7231E-02
  121   4.7279E-02
  122   4.7040E-02
  123   4.6932E-02
  124   4.6240E-02
  125   4.5893E-02
  126   4.5007E-02
  127   4.4475E-02
  128   4.3226E-02
  129   4.2187E-02
  130   4.1105E-02
  131   3.9914E-02
  132   3.8527E-02
  133   3.6962E-02
  134   3.5196E-02
  135   3.3915E-02
  136   3.1879E-02
  137   2.9907E-02
  138   2.8116E-02
  139   2.6391E-02
  140   2.4289E-02
  141   2.2531E-02
  142   2.0573E-02
  143   1.8758E-02
  144   1.7181E-02
  145   1.5161E-02
  146   1.3867E-02
  147   1.2439E-02
  148   1.0982E-02
  149   9.4310E-03
  150   8.3580E-03
  151   7.1380E-03
  152   6.3920E-03
  153   5.3300E-03
  154   4.6560E-03
  155   3.9760E-03
  156   3.5050E-03
  157   2.8360E-03
  158   2.5440E-03
  159   2.0580E-03
  160   1.8010E-03
  161   1.3840E-03
  162   1.2360E-03
  163   1.0390E-03
  164   8.8800E-04
  165   6.8100E-04
  166   5.9700E-04
  167   4.7200E-04
  168   4.2400E-04
  169   3.2000E-04
  170   2.3800E-04
  171   1.9100E-04
  172   1.7700E-04
  173   1.3200E-04
  174   1.1100E-04
  175   7.6000E-05
  176   6.6000E-05
  177   5.5000E-05
  178   4.4000E-05
  179   2.8000E-05
  180   2.9000E-05
  181   1.9000E-05
  182   1.3000E-05
  183   1.1000E-05
  184   5.0000E-06
  185   8.0000E-06
  186   8.0000E-06
  188   5.0000E-06
