   57   2.0000E-06
   58   2.0000E-06
   61   8.0000E-06
   62   6.0000E-06
   63   1.1000E-05
   64   1.2000E-05
   65   1.6000E-05
   66   1.9000E-05
   67   2.8000E-05
   68   4.4000E-05
   69   4.0000E-05
   70   7.0000E-05
   71   6.7000E-05
   72   1.1800E-04
   73   1.3000E-04
   74   1.8000E-04
   75   2.0600E-04
   76   2.5100E-04
   77   3.1600E-04
   78   4.6200E-04
   79   5.5400E-04
   80   6.6100E-04
   81   8.7000E-04
   82   1.1600E-03
   83   1.3850E-03
   84   1.7650E-03
   85   2.0850E-03
   86   2.5960E-03
   87   3.1960E-03
   88   4.1040E-03
   89   4.8020E-03
   90   5.6990E-03
   91   6.9580E-03
   92   8.2800E-03
   93   9.8800E-03
   94   1.1829E-02
   95   1.3332E-02
   96   1.5386E-02
   97   1.7532E-02
   98   2.0207E-02
   99   2.1751E-02
  100   2.4454E-02
  101   2.6455E-02
  102   2.8521E-02
  103   3.0397E-02
  104   3.2405E-02
  105   3.3966E-02
  106   3.5693E-02
  107   3.6668E-02
  108   3.7704E-02
  109   3.8663E-02
  110   3.9548E-02
  111   4.0264E-02
  112   4.0868E-02
  113   4.0956E-02
  114   4.0878E-02
  115   4.0610E-02
  116   4.0304E-02
  117   4.0348E-02
  118   4.0057E-02
  119   3.9840E-02
  120   3.9838E-02
  121   3.9911E-02
  122   3.9650E-02
  123   3.9750E-02
  124   4.0193E-02
  125   4.0200E-02
  126   4.0308E-02
  127   4.0772E-02
  128   4.1233E-02
  129   4.1276E-02
  130   4.1893E-02
  131   4.1899E-02
  132   4.2056E-02
  133   4.1572E-02
  134   4.0717E-02
  135   3.9767E-02
  136   3.8892E-02
  137   3.8037E-02
  138   3.6707E-02
  139   3.5644E-02
  140   3.3620E-02
  141   3.1732E-02
  142   2.9719E-02
  143   2.7593E-02
  144   2.5130E-02
  145   2.3275E-02
  146   2.0842E-02
  147   1.8658E-02
  148   1.6188E-02
  149   1.4194E-02
  150   1.2408E-02
  151   1.0714E-02
  152   8.9170E-03
  153   7.5040E-03
  154   6.1870E-03
  155   5.2070E-03
  156   4.4290E-03
  157   3.5670E-03
  158   2.8570E-03
  159   2.4120E-03
  160   1.9070E-03
  161   1.5840E-03
  162   1.2610E-03
  163   1.0610E-03
  164   7.9300E-04
  165   6.3400E-04
  166   5.0700E-04
  167   4.2600E-04
  168   3.0300E-04
  169   2.3800E-04
  170   1.8800E-04
  171   1.6100E-04
  172   1.3500E-04
  173   1.1000E-04
  174   7.1000E-05
  175   6.2000E-05
  176   3.9000E-05
  177   4.4000E-05
  178   1.9000E-05
  179   1.9000E-05
  180   1.8000E-05
  181   1.2000E-05
  182   9.0000E-06
  183   6.0000E-06
  184   8.0000E-06
  186   2.0000E-06
  188   2.0000E-06
