   54   2.0000E-06
   55   2.0000E-06
   56   2.0000E-06
   59   5.0000E-06
   60   3.0000E-06
   61   8.0000E-06
   62   1.3000E-05
   63   2.3000E-05
   64   1.7000E-05
   65   3.1000E-05
   66   3.7000E-05
   67   5.0000E-05
   68   5.4000E-05
   69   8.4000E-05
   70   9.8000E-05
   71   1.3600E-04
   72   1.8100E-04
   73   1.8700E-04
   74   2.6700E-04
   75   3.1900E-04
   76   4.6300E-04
   77   4.6100E-04
   78   6.7700E-04
   79   7.6900E-04
   80   1.0010E-03
   81   1.2660E-03
   82   1.5780E-03
   83   1.9260E-03
   84   2.3600E-03
   85   2.8220E-03
   86   3.5440E-03
   87   4.2690E-03
   88   5.0990E-03
   89   6.0890E-03
   90   6.9760E-03
   91   8.4570E-03
   92   1.0300E-02
   93   1.1520E-02
   94   1.3370E-02
   95   1.5250E-02
   96   1.7602E-02
   97   1.9143E-02
   98   2.1475E-02
   99   2.3202E-02
  100   2.5194E-02
  101   2.7505E-02
  102   2.9527E-02
  103   3.1223E-02
  104   3.2675E-02
  105   3.4389E-02
  106   3.5382E-02
  107   3.7095E-02
  108   3.8718E-02
  109   3.9595E-02
  110   4.0922E-02
  111   4.1189E-02
  112   4.2059E-02
  113   4.1872E-02
  114   4.2424E-02
  115   4.2591E-02
  116   4.2809E-02
  117   4.2815E-02
  118   4.3385E-02
  119   4.3289E-02
  120   4.3207E-02
  121   4.3249E-02
  122   4.3317E-02
  123   4.3349E-02
  124   4.3476E-02
  125   4.3042E-02
  126   4.3030E-02
  127   4.3001E-02
  128   4.2861E-02
  129   4.2338E-02
  130   4.2556E-02
  131   4.1761E-02
  132   4.1261E-02
  133   3.9801E-02
  134   3.8984E-02
  135   3.7200E-02
  136   3.5548E-02
  137   3.4432E-02
  138   3.2820E-02
  139   3.1220E-02
  140   2.9306E-02
  141   2.7202E-02
  142   2.4934E-02
  143   2.2872E-02
  144   2.1033E-02
  145   1.8719E-02
  146   1.7061E-02
  147   1.4748E-02
  148   1.2992E-02
  149   1.1178E-02
  150   9.8090E-03
  151   8.1350E-03
  152   6.7540E-03
  153   5.8870E-03
  154   4.8680E-03
  155   4.1500E-03
  156   3.3860E-03
  157   2.7570E-03
  158   2.2850E-03
  159   1.8780E-03
  160   1.5190E-03
  161   1.2440E-03
  162   9.7200E-04
  163   7.4600E-04
  164   6.6600E-04
  165   4.6400E-04
  166   4.4700E-04
  167   3.1700E-04
  168   2.6300E-04
  169   1.8500E-04
  170   1.8400E-04
  171   1.3500E-04
  172   9.5000E-05
  173   8.1000E-05
  174   5.6000E-05
  175   5.0000E-05
  176   3.5000E-05
  177   3.1000E-05
  178   1.7000E-05
  179   2.5000E-05
  180   1.1000E-05
  181   8.0000E-06
  182   3.0000E-06
  183   5.0000E-06
  186   2.0000E-06
  187   2.0000E-06
  188   2.0000E-06
