   67   2.0000E-06
   71   2.0000E-06
   72   4.0000E-06
   73   5.0000E-06
   74   1.2000E-05
   75   3.0000E-05
   76   5.0000E-05
   77   8.3000E-05
   78   1.3000E-04
   79   2.1000E-04
   80   3.2600E-04
   81   5.2800E-04
   82   8.3800E-04
   83   1.1460E-03
   84   1.5480E-03
   85   2.2390E-03
   86   3.1600E-03
   87   4.0420E-03
   88   5.8520E-03
   89   6.9250E-03
   90   8.7360E-03
   91   1.1614E-02
   92   1.5577E-02
   93   1.7863E-02
   94   2.1416E-02
   95   2.6188E-02
   96   3.0538E-02
   97   3.5551E-02
   98   4.1197E-02
   99   4.5085E-02
  100   4.8449E-02
  101   5.2820E-02
  102   5.5691E-02
  103   5.6611E-02
  104   5.6341E-02
  105   5.5243E-02
  106   5.3932E-02
  107   5.1832E-02
  108   4.9682E-02
  109   4.5922E-02
  110   4.3296E-02
  111   3.7467E-02
  112   3.1730E-02
  113   2.5062E-02
  114   1.8384E-02
  115   1.3062E-02
  116   8.7380E-03
  117   5.7510E-03
  118   3.5800E-03
  119   2.4170E-03
  120   1.7220E-03
  121   1.3590E-03
  122   1.3590E-03
  123   1.7220E-03
  124   2.4170E-03
  125   3.5800E-03
  126   5.7510E-03
  127   8.7380E-03
  128   1.3062E-02
  129   1.8384E-02
  130   2.5062E-02
  131   3.1730E-02
  132   3.7467E-02
  133   4.3296E-02
  134   4.5922E-02
  135   4.9682E-02
  136   5.1832E-02
  137   5.3932E-02
  138   5.5243E-02
  139   5.6341E-02
  140   5.6611E-02
  141   5.5691E-02
  142   5.2820E-02
  143   4.8449E-02
  144   4.5085E-02
  145   4.1197E-02
  146   3.5551E-02
  147   3.0538E-02
  148   2.6188E-02
  149   2.1416E-02
  150   1.7863E-02
  151   1.5577E-02
  152   1.1614E-02
  153   8.7360E-03
  154   6.9250E-03
  155   5.8520E-03
  156   4.0420E-03
  157   3.1600E-03
  158   2.2390E-03
  159   1.5480E-03
  160   1.1460E-03
  161   8.3800E-04
  162   5.2800E-04
  163   3.2600E-04
  164   2.1000E-04
  165   1.3000E-04
  166   8.3000E-05
  167   5.0000E-05
  168   3.0000E-05
  169   1.2000E-05
  170   5.0000E-06
  171   4.0000E-06
  172   2.0000E-06
  176   2.0000E-06
