   67   2.0000E-06
   68   8.0000E-06
   69   7.0000E-06
   70   1.0000E-05
   71   1.1000E-05
   72   1.6000E-05
   73   3.1000E-05
   74   3.8000E-05
   75   5.9000E-05
   76   8.6000E-05
   77   1.1500E-04
   78   2.1500E-04
   79   2.8900E-04
   80   3.9900E-04
   81   5.7100E-04
   82   9.7000E-04
   83   1.2490E-03
   84   1.7810E-03
   85   2.4670E-03
   86   3.5120E-03
   87   4.6420E-03
   88   6.2520E-03
   89   7.9190E-03
   90   1.0196E-02
   91   1.2756E-02
   92   1.6877E-02
   93   1.9765E-02
   94   2.3225E-02
   95   2.8130E-02
   96   3.3044E-02
   97   3.7180E-02
   98   4.2395E-02
   99   4.5965E-02
  100   4.9348E-02
  101   5.2478E-02
  102   5.5258E-02
  103   5.4747E-02
  104   5.3956E-02
  105   5.3548E-02
  106   5.1457E-02
  107   4.9481E-02
  108   4.7284E-02
  109   4.4108E-02
  110   4.0360E-02
  111   3.4946E-02
  112   2.9144E-02
  113   2.2966E-02
  114   1.7437E-02
  115   1.2597E-02
  116   9.1600E-03
  117   6.7040E-03
  118   5.2120E-03
  119   4.2470E-03
  120   3.5930E-03
  121   3.5120E-03
  122   3.5930E-03
  123   4.2470E-03
  124   5.2120E-03
  125   6.7040E-03
  126   9.1600E-03
  127   1.2597E-02
  128   1.7437E-02
  129   2.2966E-02
  130   2.9144E-02
  131   3.4946E-02
  132   4.0360E-02
  133   4.4108E-02
  134   4.7284E-02
  135   4.9481E-02
  136   5.1457E-02
  137   5.3548E-02
  138   5.3956E-02
  139   5.4747E-02
  140   5.5258E-02
  141   5.2478E-02
  142   4.9348E-02
  143   4.5965E-02
  144   4.2395E-02
  145   3.7180E-02
  146   3.3044E-02
  147   2.8130E-02
  148   2.3225E-02
  149   1.9765E-02
  150   1.6877E-02
  151   1.2756E-02
  152   1.0196E-02
  153   7.9190E-03
  154   6.2520E-03
  155   4.6420E-03
  156   3.5120E-03
  157   2.4670E-03
  158   1.7810E-03
  159   1.2490E-03
  160   9.7000E-04
  161   5.7100E-04
  162   3.9900E-04
  163   2.8900E-04
  164   2.1500E-04
  165   1.1500E-04
  166   8.6000E-05
  167   5.9000E-05
  168   3.8000E-05
  169   3.1000E-05
  170   1.6000E-05
  171   1.1000E-05
  172   1.0000E-05
  173   7.0000E-06
  174   8.0000E-06
  175   2.0000E-06
