   74   1.2000E-05
   75   7.0000E-06
   76   1.6000E-05
   77   3.0000E-05
   78   6.4000E-05
   79   9.3000E-05
   80   1.9200E-04
   81   2.9900E-04
   82   4.2000E-04
   83   6.6500E-04
   84   1.1850E-03
   85   1.4830E-03
   86   2.1090E-03
   87   2.8420E-03
   88   3.8230E-03
   89   4.6620E-03
   90   6.3720E-03
   91   7.3920E-03
   92   8.6640E-03
   93   1.0575E-02
   94   1.3812E-02
   95   1.5330E-02
   96   1.8263E-02
   97   2.1773E-02
   98   2.5166E-02
   99   2.9440E-02
  100   3.4774E-02
  101   3.7691E-02
  102   4.1103E-02
  103   4.6152E-02
  104   4.9723E-02
  105   5.1893E-02
  106   5.3572E-02
  107   5.3838E-02
  108   5.2888E-02
  109   5.2101E-02
  110   5.0551E-02
  111   4.8466E-02
  112   4.5939E-02
  113   4.3547E-02
  114   3.9692E-02
  115   3.4049E-02
  116   2.7823E-02
  117   2.1040E-02
  118   1.5112E-02
  119   1.0285E-02
  120   6.6520E-03
  121   3.9510E-03
  122   2.3690E-03
  123   1.5260E-03
  124   1.1100E-03
  125   1.5260E-03
  126   2.3690E-03
  127   3.9510E-03
  128   6.6520E-03
  129   1.0285E-02
  130   1.5112E-02
  131   2.1040E-02
  132   2.7823E-02
  133   3.4049E-02
  134   3.9692E-02
  135   4.3547E-02
  136   4.5939E-02
  137   4.8466E-02
  138   5.0551E-02
  139   5.2101E-02
  140   5.2888E-02
  141   5.3838E-02
  142   5.3572E-02
  143   5.1893E-02
  144   4.9723E-02
  145   4.6152E-02
  146   4.1103E-02
  147   3.7691E-02
  148   3.4774E-02
  149   2.9440E-02
  150   2.5166E-02
  151   2.1773E-02
  152   1.8263E-02
  153   1.5330E-02
  154   1.3812E-02
  155   1.0575E-02
  156   8.6640E-03
  157   7.3920E-03
  158   6.3720E-03
  159   4.6620E-03
  160   3.8230E-03
  161   2.8420E-03
  162   2.1090E-03
  163   1.4830E-03
  164   1.1850E-03
  165   6.6500E-04
  166   4.2000E-04
  167   2.9900E-04
  168   1.9200E-04
  169   9.3000E-05
  170   6.4000E-05
  171   3.0000E-05
  172   1.6000E-05
  173   7.0000E-06
  174   1.2000E-05
