   65   2.0000E-06
   66   3.0000E-06
   67   5.0000E-06
   68   7.0000E-06
   69   9.0000E-06
   70   9.0000E-06
   71   8.0000E-06
   72   2.9000E-05
   73   2.8000E-05
   74   4.1000E-05
   75   6.4000E-05
   76   9.3000E-05
   77   1.3500E-04
   78   2.2000E-04
   79   2.8100E-04
   80   3.6800E-04
   81   6.4700E-04
   82   9.7700E-04
   83   1.3150E-03
   84   1.7720E-03
   85   2.5580E-03
   86   3.5460E-03
   87   4.6440E-03
   88   6.2560E-03
   89   8.0770E-03
   90   9.8920E-03
   91   1.2701E-02
   92   1.6905E-02
   93   1.9842E-02
   94   2.3075E-02
   95   2.7870E-02
   96   3.2377E-02
   97   3.6817E-02
   98   4.1510E-02
   99   4.4967E-02
  100   4.7917E-02
  101   5.0827E-02
  102   5.3476E-02
  103   5.3790E-02
  104   5.3311E-02
  105   5.2431E-02
  106   5.0221E-02
  107   4.8784E-02
  108   4.6692E-02
  109   4.4195E-02
  110   4.0485E-02
  111   3.5479E-02
  112   2.9963E-02
  113   2.4161E-02
  114   1.8603E-02
  115   1.4107E-02
  116   1.0674E-02
  117   8.3000E-03
  118   6.6540E-03
  119   5.5030E-03
  120   5.0330E-03
  121   4.6380E-03
  122   5.0330E-03
  123   5.5030E-03
  124   6.6540E-03
  125   8.3000E-03
  126   1.0674E-02
  127   1.4107E-02
  128   1.8603E-02
  129   2.4161E-02
  130   2.9963E-02
  131   3.5479E-02
  132   4.0485E-02
  133   4.4195E-02
  134   4.6692E-02
  135   4.8784E-02
  136   5.0221E-02
  137   5.2431E-02
  138   5.3311E-02
  139   5.3790E-02
  140   5.3476E-02
  141   5.0827E-02
  142   4.7917E-02
  143   4.4967E-02
  144   4.1510E-02
  145   3.6817E-02
  146   3.2377E-02
  147   2.7870E-02
  148   2.3075E-02
  149   1.9842E-02
  150   1.6905E-02
  151   1.2701E-02
  152   9.8920E-03
  153   8.0770E-03
  154   6.2560E-03
  155   4.6440E-03
  156   3.5460E-03
  157   2.5580E-03
  158   1.7720E-03
  159   1.3150E-03
  160   9.7700E-04
  161   6.4700E-04
  162   3.6800E-04
  163   2.8100E-04
  164   2.2000E-04
  165   1.3500E-04
  166   9.3000E-05
  167   6.4000E-05
  168   4.1000E-05
  169   2.8000E-05
  170   2.9000E-05
  171   8.0000E-06
  172   9.0000E-06
  173   9.0000E-06
  174   7.0000E-06
  175   5.0000E-06
  176   3.0000E-06
  177   2.0000E-06
