   74   2.0000E-06
   75   2.0000E-06
   76   9.0000E-06
   77   3.6000E-05
   78   4.8000E-05
   79   7.3000E-05
   80   1.7400E-04
   81   2.3100E-04
   82   3.7700E-04
   83   6.1400E-04
   84   1.1110E-03
   85   1.3920E-03
   86   1.9530E-03
   87   2.8710E-03
   88   3.8050E-03
   89   4.8220E-03
   90   6.7460E-03
   91   7.5720E-03
   92   8.8860E-03
   93   1.0714E-02
   94   1.3268E-02
   95   1.4698E-02
   96   1.7547E-02
   97   2.0159E-02
   98   2.2821E-02
   99   2.6965E-02
  100   3.1907E-02
  101   3.4566E-02
  102   3.8442E-02
  103   4.2787E-02
  104   4.6599E-02
  105   4.9624E-02
  106   5.1927E-02
  107   5.2553E-02
  108   5.1981E-02
  109   5.2358E-02
  110   5.1174E-02
  111   4.9038E-02
  112   4.7031E-02
  113   4.5067E-02
  114   4.1944E-02
  115   3.7932E-02
  116   3.1765E-02
  117   2.5208E-02
  118   1.8779E-02
  119   1.3027E-02
  120   8.3540E-03
  121   5.0970E-03
  122   3.0890E-03
  123   1.7880E-03
  124   1.0480E-03
  125   1.0480E-03
  126   1.7880E-03
  127   3.0890E-03
  128   5.0970E-03
  129   8.3540E-03
  130   1.3027E-02
  131   1.8779E-02
  132   2.5208E-02
  133   3.1765E-02
  134   3.7932E-02
  135   4.1944E-02
  136   4.5067E-02
  137   4.7031E-02
  138   4.9038E-02
  139   5.1174E-02
  140   5.2358E-02
  141   5.1981E-02
  142   5.2553E-02
  143   5.1927E-02
  144   4.9624E-02
  145   4.6599E-02
  146   4.2787E-02
  147   3.8442E-02
  148   3.4566E-02
  149   3.1907E-02
  150   2.6965E-02
  151   2.2821E-02
  152   2.0159E-02
  153   1.7547E-02
  154   1.4698E-02
  155   1.3268E-02
  156   1.0714E-02
  157   8.8860E-03
  158   7.5720E-03
  159   6.7460E-03
  160   4.8220E-03
  161   3.8050E-03
  162   2.8710E-03
  163   1.9530E-03
  164   1.3920E-03
  165   1.1110E-03
  166   6.1400E-04
  167   3.7700E-04
  168   2.3100E-04
  169   1.7400E-04
  170   7.3000E-05
  171   4.8000E-05
  172   3.6000E-05
  173   9.0000E-06
  174   2.0000E-06
  175   2.0000E-06
