   70   4.0000E-06
   71   5.0000E-06
   72   8.0000E-06
   73   8.0000E-06
   74   1.7000E-05
   75   4.0000E-05
   76   5.0000E-05
   77   5.0000E-05
   78   1.3200E-04
   79   2.2100E-04
   80   3.1200E-04
   81   4.8400E-04
   82   6.5200E-04
   83   9.6900E-04
   84   1.5110E-03
   85   1.9530E-03
   86   2.6480E-03
   87   3.6100E-03
   88   5.1390E-03
   89   6.1310E-03
   90   7.6590E-03
   91   1.0047E-02
   92   1.2983E-02
   93   1.5524E-02
   94   1.9411E-02
   95   2.3213E-02
   96   2.6889E-02
   97   3.1784E-02
   98   3.8119E-02
   99   4.0902E-02
  100   4.4592E-02
  101   4.9440E-02
  102   5.2983E-02
  103   5.4703E-02
  104   5.5902E-02
  105   5.5389E-02
  106   5.3768E-02
  107   5.2590E-02
  108   5.0664E-02
  109   4.7933E-02
  110   4.5149E-02
  111   4.1762E-02
  112   3.6335E-02
  113   3.0156E-02
  114   2.4194E-02
  115   1.7736E-02
  116   1.2428E-02
  117   8.5660E-03
  118   5.5960E-03
  119   3.8130E-03
  120   2.7850E-03
  121   2.1050E-03
  122   1.8180E-03
  123   2.1050E-03
  124   2.7850E-03
  125   3.8130E-03
  126   5.5960E-03
  127   8.5660E-03
  128   1.2428E-02
  129   1.7736E-02
  130   2.4194E-02
  131   3.0156E-02
  132   3.6335E-02
  133   4.1762E-02
  134   4.5149E-02
  135   4.7933E-02
  136   5.0664E-02
  137   5.2590E-02
  138   5.3768E-02
  139   5.5389E-02
  140   5.5902E-02
  141   5.4703E-02
  142   5.2983E-02
  143   4.9440E-02
  144   4.4592E-02
  145   4.0902E-02
  146   3.8119E-02
  147   3.1784E-02
  148   2.6889E-02
  149   2.3213E-02
  150   1.9411E-02
  151   1.5524E-02
  152   1.2983E-02
  153   1.0047E-02
  154   7.6590E-03
  155   6.1310E-03
  156   5.1390E-03
  157   3.6100E-03
  158   2.6480E-03
  159   1.9530E-03
  160   1.5110E-03
  161   9.6900E-04
  162   6.5200E-04
  163   4.8400E-04
  164   3.1200E-04
  165   2.2100E-04
  166   1.3200E-04
  167   5.0000E-05
  168   5.0000E-05
  169   4.0000E-05
  170   1.7000E-05
  171   8.0000E-06
  172   8.0000E-06
  173   5.0000E-06
  174   4.0000E-06
