   75   3.0000E-06
   76   7.0000E-06
   77   1.3000E-05
   78   1.6000E-05
   79   5.4000E-05
   80   1.0500E-04
   81   2.0900E-04
   82   3.4600E-04
   83   5.5400E-04
   84   1.0100E-03
   85   1.3750E-03
   86   2.0500E-03
   87   2.8680E-03
   88   3.8990E-03
   89   5.0280E-03
   90   6.9250E-03
   91   7.6030E-03
   92   8.8960E-03
   93   1.1017E-02
   94   1.3656E-02
   95   1.4925E-02
   96   1.7253E-02
   97   2.0040E-02
   98   2.2813E-02
   99   2.7073E-02
  100   3.2671E-02
  101   3.5935E-02
  102   3.9788E-02
  103   4.5300E-02
  104   4.9279E-02
  105   5.3154E-02
  106   5.5049E-02
  107   5.5456E-02
  108   5.5719E-02
  109   5.4519E-02
  110   5.3000E-02
  111   5.0083E-02
  112   4.6625E-02
  113   4.3481E-02
  114   3.9826E-02
  115   3.5016E-02
  116   2.8706E-02
  117   2.1450E-02
  118   1.5228E-02
  119   9.7190E-03
  120   5.7910E-03
  121   3.3170E-03
  122   1.7750E-03
  123   9.1100E-04
  124   4.4700E-04
  125   4.4700E-04
  126   9.1100E-04
  127   1.7750E-03
  128   3.3170E-03
  129   5.7910E-03
  130   9.7190E-03
  131   1.5228E-02
  132   2.1450E-02
  133   2.8706E-02
  134   3.5016E-02
  135   3.9826E-02
  136   4.3481E-02
  137   4.6625E-02
  138   5.0083E-02
  139   5.3000E-02
  140   5.4519E-02
  141   5.5719E-02
  142   5.5456E-02
  143   5.5049E-02
  144   5.3154E-02
  145   4.9279E-02
  146   4.5300E-02
  147   3.9788E-02
  148   3.5935E-02
  149   3.2671E-02
  150   2.7073E-02
  151   2.2813E-02
  152   2.0040E-02
  153   1.7253E-02
  154   1.4925E-02
  155   1.3656E-02
  156   1.1017E-02
  157   8.8960E-03
  158   7.6030E-03
  159   6.9250E-03
  160   5.0280E-03
  161   3.8990E-03
  162   2.8680E-03
  163   2.0500E-03
  164   1.3750E-03
  165   1.0100E-03
  166   5.5400E-04
  167   3.4600E-04
  168   2.0900E-04
  169   1.0500E-04
  170   5.4000E-05
  171   1.6000E-05
  172   1.3000E-05
  173   7.0000E-06
  174   3.0000E-06
