   69   2.0000E-06
   70   3.0000E-06
   71   3.0000E-06
   72   4.0000E-06
   73   1.1000E-05
   74   1.0000E-05
   75   2.5000E-05
   76   3.2000E-05
   77   6.0000E-05
   78   7.7000E-05
   79   1.2300E-04
   80   2.6700E-04
   81   3.4000E-04
   82   5.1400E-04
   83   7.1600E-04
   84   1.1700E-03
   85   1.4960E-03
   86   1.9520E-03
   87   2.8390E-03
   88   3.9400E-03
   89   4.6820E-03
   90   6.1250E-03
   91   7.9940E-03
   92   9.7760E-03
   93   1.2038E-02
   94   1.6034E-02
   95   1.8551E-02
   96   2.1493E-02
   97   2.5914E-02
   98   3.1322E-02
   99   3.5176E-02
  100   3.9573E-02
  101   4.3450E-02
  102   4.6824E-02
  103   5.0358E-02
  104   5.3143E-02
  105   5.3544E-02
  106   5.3380E-02
  107   5.3634E-02
  108   5.1763E-02
  109   4.9958E-02
  110   4.8096E-02
  111   4.6042E-02
  112   4.2667E-02
  113   3.8719E-02
  114   3.3190E-02
  115   2.6540E-02
  116   2.0611E-02
  117   1.5120E-02
  118   1.0611E-02
  119   7.4680E-03
  120   5.2570E-03
  121   3.5900E-03
  122   2.6890E-03
  123   2.1240E-03
  124   2.6890E-03
  125   3.5900E-03
  126   5.2570E-03
  127   7.4680E-03
  128   1.0611E-02
  129   1.5120E-02
  130   2.0611E-02
  131   2.6540E-02
  132   3.3190E-02
  133   3.8719E-02
  134   4.2667E-02
  135   4.6042E-02
  136   4.8096E-02
  137   4.9958E-02
  138   5.1763E-02
  139   5.3634E-02
  140   5.3380E-02
  141   5.3544E-02
  142   5.3143E-02
  143   5.0358E-02
  144   4.6824E-02
  145   4.3450E-02
  146   3.9573E-02
  147   3.5176E-02
  148   3.1322E-02
  149   2.5914E-02
  150   2.1493E-02
  151   1.8551E-02
  152   1.6034E-02
  153   1.2038E-02
  154   9.7760E-03
  155   7.9940E-03
  156   6.1250E-03
  157   4.6820E-03
  158   3.9400E-03
  159   2.8390E-03
  160   1.9520E-03
  161   1.4960E-03
  162   1.1700E-03
  163   7.1600E-04
  164   5.1400E-04
  165   3.4000E-04
  166   2.6700E-04
  167   1.2300E-04
  168   7.7000E-05
  169   6.0000E-05
  170   3.2000E-05
  171   2.5000E-05
  172   1.0000E-05
  173   1.1000E-05
  174   4.0000E-06
  175   3.0000E-06
  176   3.0000E-06
  177   2.0000E-06
