   74   4.0000E-06
   75   1.0000E-05
   76   2.2000E-05
   77   4.7000E-05
   78   6.7000E-05
   79   9.2000E-05
   80   1.9600E-04
   81   2.7300E-04
   82   4.0400E-04
   83   6.2000E-04
   84   1.0490E-03
   85   1.2820E-03
   86   1.7310E-03
   87   2.5290E-03
   88   3.4410E-03
   89   4.2060E-03
   90   5.6440E-03
   91   6.7900E-03
   92   8.2070E-03
   93   1.0133E-02
   94   1.3358E-02
   95   1.5049E-02
   96   1.7947E-02
   97   2.1749E-02
   98   2.5111E-02
   99   2.9196E-02
  100   3.4252E-02
  101   3.7658E-02
  102   4.0836E-02
  103   4.5787E-02
  104   4.9493E-02
  105   5.1279E-02
  106   5.3142E-02
  107   5.3684E-02
  108   5.3013E-02
  109   5.1961E-02
  110   5.0682E-02
  111   4.8169E-02
  112   4.6149E-02
  113   4.3981E-02
  114   3.9582E-02
  115   3.5280E-02
  116   2.8479E-02
  117   2.2269E-02
  118   1.5941E-02
  119   1.1131E-02
  120   7.3350E-03
  121   4.8100E-03
  122   3.0190E-03
  123   2.0660E-03
  124   1.6520E-03
  125   2.0660E-03
  126   3.0190E-03
  127   4.8100E-03
  128   7.3350E-03
  129   1.1131E-02
  130   1.5941E-02
  131   2.2269E-02
  132   2.8479E-02
  133   3.5280E-02
  134   3.9582E-02
  135   4.3981E-02
  136   4.6149E-02
  137   4.8169E-02
  138   5.0682E-02
  139   5.1961E-02
  140   5.3013E-02
  141   5.3684E-02
  142   5.3142E-02
  143   5.1279E-02
  144   4.9493E-02
  145   4.5787E-02
  146   4.0836E-02
  147   3.7658E-02
  148   3.4252E-02
  149   2.9196E-02
  150   2.5111E-02
  151   2.1749E-02
  152   1.7947E-02
  153   1.5049E-02
  154   1.3358E-02
  155   1.0133E-02
  156   8.2070E-03
  157   6.7900E-03
  158   5.6440E-03
  159   4.2060E-03
  160   3.4410E-03
  161   2.5290E-03
  162   1.7310E-03
  163   1.2820E-03
  164   1.0490E-03
  165   6.2000E-04
  166   4.0400E-04
  167   2.7300E-04
  168   1.9600E-04
  169   9.2000E-05
  170   6.7000E-05
  171   4.7000E-05
  172   2.2000E-05
  173   1.0000E-05
  174   4.0000E-06
