   54   2.0000E-06
   57   3.0000E-06
   58   2.0000E-06
   59   6.0000E-06
   61   1.3000E-05
   62   1.2000E-05
   63   2.1000E-05
   64   1.7000E-05
   65   2.4000E-05
   66   2.9000E-05
   67   4.7000E-05
   68   5.5000E-05
   69   5.0000E-05
   70   7.8000E-05
   71   1.0900E-04
   72   1.4600E-04
   73   1.5800E-04
   74   2.1600E-04
   75   2.5900E-04
   76   3.4500E-04
   77   4.0400E-04
   78   6.2200E-04
   79   7.2400E-04
   80   8.7400E-04
   81   1.1070E-03
   82   1.4870E-03
   83   1.8450E-03
   84   2.3440E-03
   85   2.8970E-03
   86   3.7110E-03
   87   4.3490E-03
   88   5.7020E-03
   89   6.6840E-03
   90   7.9930E-03
   91   9.8010E-03
   92   1.1810E-02
   93   1.3538E-02
   94   1.5851E-02
   95   1.8136E-02
   96   2.0715E-02
   97   2.3003E-02
   98   2.5539E-02
   99   2.8140E-02
  100   2.9744E-02
  101   3.2451E-02
  102   3.4213E-02
  103   3.5767E-02
  104   3.7079E-02
  105   3.7751E-02
  106   3.8969E-02
  107   3.9165E-02
  108   4.0249E-02
  109   4.0446E-02
  110   4.0576E-02
  111   4.0576E-02
  112   3.9970E-02
  113   3.8654E-02
  114   3.7964E-02
  115   3.6949E-02
  116   3.6296E-02
  117   3.4984E-02
  118   3.4423E-02
  119   3.4409E-02
  120   3.3936E-02
  121   3.3175E-02
  122   3.3915E-02
  123   3.4518E-02
  124   3.4425E-02
  125   3.5048E-02
  126   3.6448E-02
  127   3.7121E-02
  128   3.8103E-02
  129   3.8899E-02
  130   4.0203E-02
  131   4.0740E-02
  132   4.0823E-02
  133   4.0574E-02
  134   4.0289E-02
  135   3.9276E-02
  136   3.9134E-02
  137   3.7814E-02
  138   3.7138E-02
  139   3.5759E-02
  140   3.4095E-02
  141   3.2324E-02
  142   2.9659E-02
  143   2.7978E-02
  144   2.5258E-02
  145   2.2995E-02
  146   2.0481E-02
  147   1.7921E-02
  148   1.5631E-02
  149   1.3475E-02
  150   1.1665E-02
  151   9.6480E-03
  152   7.9020E-03
  153   6.6150E-03
  154   5.6170E-03
  155   4.3220E-03
  156   3.6370E-03
  157   2.8540E-03
  158   2.3210E-03
  159   1.8540E-03
  160   1.4490E-03
  161   1.1100E-03
  162   8.6000E-04
  163   7.1800E-04
  164   6.1400E-04
  165   4.0600E-04
  166   3.4500E-04
  167   2.5700E-04
  168   2.1800E-04
  169   1.5600E-04
  170   1.4600E-04
  171   1.0900E-04
  172   7.8000E-05
  173   5.0000E-05
  174   5.5000E-05
  175   4.7000E-05
  176   2.9000E-05
  177   2.4000E-05
  178   1.7000E-05
  179   2.1000E-05
  180   1.2000E-05
  181   1.3000E-05
  183   6.0000E-06
  184   2.0000E-06
  185   3.0000E-06
  188   2.0000E-06
