   66   2.0000E-06
   68   2.0000E-06
   70   7.0000E-06
   71   1.2000E-05
   72   1.6000E-05
   73   1.1000E-05
   74   3.1000E-05
   75   3.9000E-05
   76   4.9000E-05
   77   8.2000E-05
   78   1.3600E-04
   79   2.0000E-04
   80   2.9600E-04
   81   4.6100E-04
   82   5.7500E-04
   83   8.2200E-04
   84   1.2310E-03
   85   1.5700E-03
   86   2.1190E-03
   87   2.8950E-03
   88   4.1960E-03
   89   5.1960E-03
   90   6.4910E-03
   91   8.3900E-03
   92   1.1163E-02
   93   1.3150E-02
   94   1.7006E-02
   95   1.9934E-02
   96   2.2934E-02
   97   2.7631E-02
   98   3.2851E-02
   99   3.5944E-02
  100   3.9893E-02
  101   4.3658E-02
  102   4.6501E-02
  103   4.8966E-02
  104   5.1255E-02
  105   5.1278E-02
  106   5.1446E-02
  107   5.1068E-02
  108   4.9185E-02
  109   4.7860E-02
  110   4.5866E-02
  111   4.3630E-02
  112   4.0599E-02
  113   3.6769E-02
  114   3.1142E-02
  115   2.5903E-02
  116   2.0453E-02
  117   1.6260E-02
  118   1.2583E-02
  119   9.9150E-03
  120   7.9210E-03
  121   6.5330E-03
  122   5.8430E-03
  123   5.8490E-03
  124   6.5490E-03
  125   7.9450E-03
  126   9.9470E-03
  127   1.2680E-02
  128   1.6329E-02
  129   2.0589E-02
  130   2.6098E-02
  131   3.1288E-02
  132   3.6928E-02
  133   4.0705E-02
  134   4.3821E-02
  135   4.5886E-02
  136   4.7946E-02
  137   4.9282E-02
  138   5.1092E-02
  139   5.1470E-02
  140   5.1296E-02
  141   5.1292E-02
  142   4.8847E-02
  143   4.6386E-02
  144   4.3537E-02
  145   3.9862E-02
  146   3.5835E-02
  147   3.2707E-02
  148   2.7461E-02
  149   2.2856E-02
  150   1.9844E-02
  151   1.6897E-02
  152   1.3062E-02
  153   1.1141E-02
  154   8.2770E-03
  155   6.4450E-03
  156   5.1910E-03
  157   4.1590E-03
  158   2.8560E-03
  159   2.1050E-03
  160   1.5500E-03
  161   1.2240E-03
  162   8.1200E-04
  163   5.7900E-04
  164   4.5300E-04
  165   2.9300E-04
  166   1.9700E-04
  167   1.3600E-04
  168   8.2000E-05
  169   4.9000E-05
  170   3.9000E-05
  171   3.1000E-05
  172   1.1000E-05
  173   1.6000E-05
  174   1.2000E-05
  175   7.0000E-06
  177   2.0000E-06
  179   2.0000E-06
