   54   2.0000E-06
   55   2.0000E-06
   56   2.0000E-06
   58   3.0000E-06
   59   2.0000E-06
   60   1.0000E-05
   61   6.0000E-06
   62   2.0000E-05
   63   1.3000E-05
   64   2.7000E-05
   65   2.6000E-05
   66   3.9000E-05
   67   4.2000E-05
   68   7.4000E-05
   69   5.8000E-05
   70   1.1000E-04
   71   1.3100E-04
   72   1.6300E-04
   73   1.9100E-04
   74   2.3400E-04
   75   2.7200E-04
   76   3.7800E-04
   77   4.7200E-04
   78   6.5300E-04
   79   7.3400E-04
   80   8.7000E-04
   81   1.1250E-03
   82   1.3980E-03
   83   1.6800E-03
   84   2.0480E-03
   85   2.5830E-03
   86   3.0530E-03
   87   3.5970E-03
   88   4.7640E-03
   89   5.5770E-03
   90   6.4610E-03
   91   7.7650E-03
   92   9.2050E-03
   93   1.0675E-02
   94   1.2605E-02
   95   1.4422E-02
   96   1.6409E-02
   97   1.8253E-02
   98   2.1134E-02
   99   2.2474E-02
  100   2.4740E-02
  101   2.6987E-02
  102   2.8899E-02
  103   3.0685E-02
  104   3.2503E-02
  105   3.3666E-02
  106   3.5432E-02
  107   3.6519E-02
  108   3.7516E-02
  109   3.8840E-02
  110   3.9659E-02
  111   4.0510E-02
  112   4.0651E-02
  113   4.0804E-02
  114   4.0919E-02
  115   4.0709E-02
  116   4.0870E-02
  117   4.0330E-02
  118   4.1108E-02
  119   4.0885E-02
  120   4.1196E-02
  121   4.0777E-02
  122   4.1042E-02
  123   4.0868E-02
  124   4.1449E-02
  125   4.1250E-02
  126   4.1567E-02
  127   4.1017E-02
  128   4.1830E-02
  129   4.1427E-02
  130   4.2002E-02
  131   4.1877E-02
  132   4.1388E-02
  133   4.1115E-02
  134   3.9965E-02
  135   3.9039E-02
  136   3.7425E-02
  137   3.6686E-02
  138   3.5252E-02
  139   3.3572E-02
  140   3.2020E-02
  141   3.0188E-02
  142   2.7780E-02
  143   2.5943E-02
  144   2.3773E-02
  145   2.1743E-02
  146   1.9267E-02
  147   1.7275E-02
  148   1.5286E-02
  149   1.3296E-02
  150   1.1534E-02
  151   9.7360E-03
  152   8.2870E-03
  153   7.0310E-03
  154   5.9070E-03
  155   5.2090E-03
  156   4.1370E-03
  157   3.3030E-03
  158   2.7650E-03
  159   2.3740E-03
  160   1.8800E-03
  161   1.5790E-03
  162   1.2800E-03
  163   1.0250E-03
  164   8.3200E-04
  165   6.9600E-04
  166   6.0300E-04
  167   4.4900E-04
  168   3.4400E-04
  169   2.7300E-04
  170   2.2100E-04
  171   1.8300E-04
  172   1.4400E-04
  173   1.3100E-04
  174   1.0400E-04
  175   6.2000E-05
  176   6.7000E-05
  177   4.4000E-05
  178   3.6000E-05
  179   2.5000E-05
  180   2.6000E-05
  181   1.4000E-05
  182   1.7000E-05
  183   8.0000E-06
  184   8.0000E-06
  185   2.0000E-06
  186   3.0000E-06
  188   2.0000E-06
  189   2.0000E-06
  190   2.0000E-06
