   71   3.0000E-06
   73   2.0000E-06
   74   9.0000E-06
   75   1.8000E-05
   76   2.9000E-05
   77   3.6000E-05
   78   1.0000E-04
   79   1.4900E-04
   80   2.4700E-04
   81   3.4900E-04
   82   5.4700E-04
   83   8.9500E-04
   84   1.3330E-03
   85   1.8100E-03
   86   2.2920E-03
   87   3.1650E-03
   88   4.4900E-03
   89   5.3070E-03
   90   6.5550E-03
   91   8.5750E-03
   92   1.0340E-02
   93   1.2822E-02
   94   1.6419E-02
   95   1.8999E-02
   96   2.1706E-02
   97   2.6590E-02
   98   3.1778E-02
   99   3.4955E-02
  100   3.9832E-02
  101   4.4391E-02
  102   4.7581E-02
  103   5.1467E-02
  104   5.4944E-02
  105   5.4855E-02
  106   5.4415E-02
  107   5.4550E-02
  108   5.2738E-02
  109   5.0675E-02
  110   4.8315E-02
  111   4.5714E-02
  112   4.2584E-02
  113   3.7732E-02
  114   3.2054E-02
  115   2.5055E-02
  116   1.8681E-02
  117   1.2999E-02
  118   8.6250E-03
  119   5.6000E-03
  120   3.4080E-03
  121   2.1910E-03
  122   1.4510E-03
  123   1.2180E-03
  124   1.4510E-03
  125   2.1910E-03
  126   3.4080E-03
  127   5.6000E-03
  128   8.6250E-03
  129   1.2999E-02
  130   1.8681E-02
  131   2.5055E-02
  132   3.2054E-02
  133   3.7732E-02
  134   4.2584E-02
  135   4.5714E-02
  136   4.8315E-02
  137   5.0675E-02
  138   5.2738E-02
  139   5.4550E-02
  140   5.4415E-02
  141   5.4855E-02
  142   5.4944E-02
  143   5.1467E-02
  144   4.7581E-02
  145   4.4391E-02
  146   3.9832E-02
  147   3.4955E-02
  148   3.1778E-02
  149   2.6590E-02
  150   2.1706E-02
  151   1.8999E-02
  152   1.6419E-02
  153   1.2822E-02
  154   1.0340E-02
  155   8.5750E-03
  156   6.5550E-03
  157   5.3070E-03
  158   4.4900E-03
  159   3.1650E-03
  160   2.2920E-03
  161   1.8100E-03
  162   1.3330E-03
  163   8.9500E-04
  164   5.4700E-04
  165   3.4900E-04
  166   2.4700E-04
  167   1.4900E-04
  168   1.0000E-04
  169   3.6000E-05
  170   2.9000E-05
  171   1.8000E-05
  172   9.0000E-06
  173   2.0000E-06
  175   3.0000E-06
