   65   2.0000E-06
   68   2.0000E-06
   70   2.0000E-06
   71   8.0000E-06
   72   1.1000E-05
   73   3.0000E-06
   74   1.4000E-05
   75   2.1000E-05
   76   3.1000E-05
   77   3.2000E-05
   78   6.1000E-05
   79   1.0000E-04
   80   1.3500E-04
   81   1.6100E-04
   82   2.5400E-04
   83   3.4900E-04
   84   5.2900E-04
   85   7.1700E-04
   86   1.0620E-03
   87   1.3180E-03
   88   1.7320E-03
   89   2.3090E-03
   90   3.0380E-03
   91   3.6660E-03
   92   4.7360E-03
   93   5.5600E-03
   94   6.8700E-03
   95   8.3220E-03
   96   1.0294E-02
   97   1.1921E-02
   98   1.3688E-02
   99   1.6542E-02
  100   1.9053E-02
  101   2.1754E-02
  102   2.5174E-02
  103   2.7729E-02
  104   3.1093E-02
  105   3.3638E-02
  106   3.6418E-02
  107   3.8615E-02
  108   4.0695E-02
  109   4.2127E-02
  110   4.3513E-02
  111   4.3530E-02
  112   4.4008E-02
  113   4.3754E-02
  114   4.3525E-02
  115   4.2687E-02
  116   4.1644E-02
  117   4.0046E-02
  118   3.7269E-02
  119   3.4998E-02
  120   3.1848E-02
  121   2.9296E-02
  122   2.6659E-02
  123   2.4611E-02
  124   2.3018E-02
  125   2.1734E-02
  126   2.1078E-02
  127   2.1607E-02
  128   2.3142E-02
  129   2.4844E-02
  130   2.7289E-02
  131   2.9726E-02
  132   3.2788E-02
  133   3.6102E-02
  134   3.8737E-02
  135   4.1124E-02
  136   4.2243E-02
  137   4.3547E-02
  138   4.4345E-02
  139   4.4334E-02
  140   4.4834E-02
  141   4.4494E-02
  142   4.3936E-02
  143   4.2870E-02
  144   4.1266E-02
  145   3.9122E-02
  146   3.6623E-02
  147   3.3755E-02
  148   3.1257E-02
  149   2.7993E-02
  150   2.5163E-02
  151   2.2165E-02
  152   1.9003E-02
  153   1.6468E-02
  154   1.3901E-02
  155   1.2320E-02
  156   1.0231E-02
  157   8.4230E-03
  158   7.0470E-03
  159   5.6520E-03
  160   4.6820E-03
  161   3.6930E-03
  162   2.9340E-03
  163   2.4190E-03
  164   1.7370E-03
  165   1.3260E-03
  166   1.0250E-03
  167   7.2400E-04
  168   5.4300E-04
  169   3.5700E-04
  170   2.6500E-04
  171   2.0800E-04
  172   1.3100E-04
  173   1.0800E-04
  174   8.3000E-05
  175   4.3000E-05
  176   3.0000E-05
  177   2.9000E-05
  178   1.8000E-05
  179   1.0000E-05
  180   6.0000E-06
  181   1.0000E-05
  182   8.0000E-06
  185   2.0000E-06
  188   2.0000E-06
