   77   2.0000E-06
   78   6.0000E-06
   79   2.0000E-05
   80   3.3000E-05
   81   5.2000E-05
   82   1.0000E-04
   83   1.6900E-04
   84   2.6100E-04
   85   4.5800E-04
   86   7.6900E-04
   87   1.0440E-03
   88   1.6640E-03
   89   2.2660E-03
   90   3.1040E-03
   91   4.2470E-03
   92   5.8760E-03
   93   6.9160E-03
   94   8.3730E-03
   95   1.0077E-02
   96   1.1870E-02
   97   1.3204E-02
   98   1.5511E-02
   99   1.6519E-02
  100   1.7889E-02
  101   1.9692E-02
  102   2.1987E-02
  103   2.4509E-02
  104   2.6788E-02
  105   2.9548E-02
  106   3.2220E-02
  107   3.5096E-02
  108   3.9041E-02
  109   4.1323E-02
  110   4.4141E-02
  111   4.5681E-02
  112   4.6186E-02
  113   4.6925E-02
  114   4.6345E-02
  115   4.5227E-02
  116   4.4082E-02
  117   4.3636E-02
  118   4.2530E-02
  119   4.0875E-02
  120   3.7701E-02
  121   3.2881E-02
  122   2.7548E-02
  123   2.1724E-02
  124   1.6447E-02
  125   1.1463E-02
  126   7.8220E-03
  127   4.9510E-03
  128   3.2960E-03
  129   3.4530E-03
  130   5.2670E-03
  131   8.4510E-03
  132   1.2479E-02
  133   1.7403E-02
  134   2.3102E-02
  135   2.9140E-02
  136   3.4042E-02
  137   3.8812E-02
  138   4.1415E-02
  139   4.2642E-02
  140   4.3728E-02
  141   4.4090E-02
  142   4.5572E-02
  143   4.6483E-02
  144   4.6824E-02
  145   4.6277E-02
  146   4.5305E-02
  147   4.3600E-02
  148   4.1153E-02
  149   3.8122E-02
  150   3.4420E-02
  151   3.1897E-02
  152   2.9139E-02
  153   2.6490E-02
  154   2.4345E-02
  155   2.1593E-02
  156   1.9428E-02
  157   1.7958E-02
  158   1.6581E-02
  159   1.4956E-02
  160   1.2869E-02
  161   1.1246E-02
  162   9.4180E-03
  163   7.9290E-03
  164   6.5870E-03
  165   5.0730E-03
  166   3.7850E-03
  167   2.7720E-03
  168   2.0290E-03
  169   1.4400E-03
  170   9.2300E-04
  171   6.4500E-04
  172   4.0700E-04
  173   2.2800E-04
  174   1.4900E-04
  175   8.0000E-05
  176   5.3000E-05
  177   3.0000E-05
  178   1.7000E-05
  179   6.0000E-06
  180   2.0000E-06
