   69   2.0000E-06
   70   2.0000E-06
   72   1.0000E-05
   73   7.0000E-06
   74   1.4000E-05
   75   1.2000E-05
   76   1.7000E-05
   77   3.4000E-05
   78   5.2000E-05
   79   7.3000E-05
   80   1.2200E-04
   81   1.7400E-04
   82   2.4300E-04
   83   3.5900E-04
   84   5.4500E-04
   85   7.0500E-04
   86   1.0710E-03
   87   1.4070E-03
   88   1.7570E-03
   89   2.4380E-03
   90   3.3340E-03
   91   3.9350E-03
   92   5.0100E-03
   93   6.3020E-03
   94   7.7550E-03
   95   9.2040E-03
   96   1.1680E-02
   97   1.3785E-02
   98   1.5662E-02
   99   1.8879E-02
  100   2.2105E-02
  101   2.4858E-02
  102   2.8929E-02
  103   3.2231E-02
  104   3.5160E-02
  105   3.8663E-02
  106   4.1968E-02
  107   4.3627E-02
  108   4.5408E-02
  109   4.6398E-02
  110   4.6775E-02
  111   4.6886E-02
  112   4.5732E-02
  113   4.4783E-02
  114   4.4220E-02
  115   4.2227E-02
  116   4.0844E-02
  117   3.8058E-02
  118   3.4068E-02
  119   3.0441E-02
  120   2.6428E-02
  121   2.2790E-02
  122   1.9660E-02
  123   1.7428E-02
  124   1.5489E-02
  125   1.4186E-02
  126   1.3580E-02
  127   1.4715E-02
  128   1.6523E-02
  129   1.8829E-02
  130   2.1595E-02
  131   2.5207E-02
  132   2.9413E-02
  133   3.3495E-02
  134   3.7231E-02
  135   4.0655E-02
  136   4.2503E-02
  137   4.3530E-02
  138   4.4979E-02
  139   4.5672E-02
  140   4.7099E-02
  141   4.6990E-02
  142   4.6874E-02
  143   4.5998E-02
  144   4.4763E-02
  145   4.2973E-02
  146   3.9925E-02
  147   3.6706E-02
  148   3.3369E-02
  149   3.0063E-02
  150   2.6929E-02
  151   2.3056E-02
  152   2.0050E-02
  153   1.7123E-02
  154   1.4579E-02
  155   1.2580E-02
  156   1.0350E-02
  157   8.4060E-03
  158   6.7150E-03
  159   5.4660E-03
  160   4.4670E-03
  161   3.5130E-03
  162   2.6240E-03
  163   2.0230E-03
  164   1.4630E-03
  165   1.1490E-03
  166   8.4800E-04
  167   5.8000E-04
  168   4.2100E-04
  169   2.5700E-04
  170   2.1400E-04
  171   1.4700E-04
  172   9.0000E-05
  173   6.2000E-05
  174   3.5000E-05
  175   3.6000E-05
  176   1.5000E-05
  177   1.0000E-05
  178   1.4000E-05
  179   7.0000E-06
  180   1.0000E-05
  182   2.0000E-06
  183   2.0000E-06
