   76   4.0000E-06
   77   3.0000E-06
   78   1.6000E-05
   79   2.0000E-05
   80   3.0000E-05
   81   5.4000E-05
   82   8.0000E-05
   83   1.4400E-04
   84   2.1900E-04
   85   3.1600E-04
   86   6.1200E-04
   87   8.1200E-04
   88   1.1360E-03
   89   1.5460E-03
   90   1.9860E-03
   91   2.6420E-03
   92   3.7020E-03
   93   4.4680E-03
   94   5.5530E-03
   95   6.8130E-03
   96   7.9720E-03
   97   9.5770E-03
   98   1.1666E-02
   99   1.2878E-02
  100   1.4894E-02
  101   1.7863E-02
  102   2.0342E-02
  103   2.3305E-02
  104   2.6756E-02
  105   2.9582E-02
  106   3.2657E-02
  107   3.6704E-02
  108   4.0555E-02
  109   4.3001E-02
  110   4.5440E-02
  111   4.7210E-02
  112   4.7617E-02
  113   4.8325E-02
  114   4.8431E-02
  115   4.7192E-02
  116   4.6073E-02
  117   4.4652E-02
  118   4.2756E-02
  119   4.1005E-02
  120   3.7791E-02
  121   3.4077E-02
  122   2.9003E-02
  123   2.4115E-02
  124   1.9236E-02
  125   1.4694E-02
  126   1.0840E-02
  127   7.9190E-03
  128   5.9370E-03
  129   6.2560E-03
  130   8.4940E-03
  131   1.1647E-02
  132   1.5951E-02
  133   2.0704E-02
  134   2.5577E-02
  135   3.0523E-02
  136   3.5482E-02
  137   3.8811E-02
  138   4.1669E-02
  139   4.3043E-02
  140   4.4985E-02
  141   4.6589E-02
  142   4.7350E-02
  143   4.8468E-02
  144   4.8203E-02
  145   4.7797E-02
  146   4.6854E-02
  147   4.4954E-02
  148   4.2373E-02
  149   3.9537E-02
  150   3.5800E-02
  151   3.1954E-02
  152   2.8811E-02
  153   2.5827E-02
  154   2.2721E-02
  155   1.9866E-02
  156   1.7084E-02
  157   1.4497E-02
  158   1.2670E-02
  159   1.1172E-02
  160   9.0470E-03
  161   7.5570E-03
  162   6.4000E-03
  163   5.1330E-03
  164   4.1930E-03
  165   3.2020E-03
  166   2.3700E-03
  167   1.7720E-03
  168   1.3590E-03
  169   9.5600E-04
  170   7.4200E-04
  171   4.7300E-04
  172   2.7000E-04
  173   1.9900E-04
  174   1.1300E-04
  175   7.6000E-05
  176   4.6000E-05
  177   2.8000E-05
  178   1.6000E-05
  179   1.3000E-05
  180   3.0000E-06
  181   4.0000E-06
