   69   2.0000E-06
   74   2.0000E-06
   75   6.0000E-06
   76   9.0000E-06
   77   1.7000E-05
   78   2.9000E-05
   79   4.3000E-05
   80   6.9000E-05
   81   1.0100E-04
   82   1.7500E-04
   83   2.5200E-04
   84   3.9300E-04
   85   5.3500E-04
   86   8.9000E-04
   87   1.0890E-03
   88   1.4720E-03
   89   2.0000E-03
   90   2.7010E-03
   91   3.3780E-03
   92   4.3130E-03
   93   5.2380E-03
   94   6.3410E-03
   95   7.8250E-03
   96   9.9180E-03
   97   1.1326E-02
   98   1.3470E-02
   99   1.6061E-02
  100   1.8621E-02
  101   2.1501E-02
  102   2.5420E-02
  103   2.7779E-02
  104   3.1134E-02
  105   3.5191E-02
  106   3.8497E-02
  107   4.1021E-02
  108   4.3857E-02
  109   4.5716E-02
  110   4.6622E-02
  111   4.6984E-02
  112   4.6677E-02
  113   4.6155E-02
  114   4.5580E-02
  115   4.4120E-02
  116   4.2961E-02
  117   4.0841E-02
  118   3.8149E-02
  119   3.4954E-02
  120   3.0938E-02
  121   2.7052E-02
  122   2.3024E-02
  123   1.9751E-02
  124   1.6782E-02
  125   1.4573E-02
  126   1.3012E-02
  127   1.2674E-02
  128   1.3748E-02
  129   1.5759E-02
  130   1.8655E-02
  131   2.2139E-02
  132   2.5787E-02
  133   3.0361E-02
  134   3.4245E-02
  135   3.7640E-02
  136   4.0501E-02
  137   4.2499E-02
  138   4.4136E-02
  139   4.5027E-02
  140   4.6308E-02
  141   4.7084E-02
  142   4.7255E-02
  143   4.7030E-02
  144   4.6225E-02
  145   4.4758E-02
  146   4.2708E-02
  147   3.9306E-02
  148   3.6300E-02
  149   3.2510E-02
  150   2.9556E-02
  151   2.6291E-02
  152   2.3031E-02
  153   1.9773E-02
  154   1.6997E-02
  155   1.4346E-02
  156   1.2404E-02
  157   1.0554E-02
  158   8.5500E-03
  159   6.7330E-03
  160   5.7000E-03
  161   4.5440E-03
  162   3.6860E-03
  163   2.7980E-03
  164   2.1420E-03
  165   1.5670E-03
  166   1.1860E-03
  167   9.0900E-04
  168   6.0800E-04
  169   4.3700E-04
  170   2.7400E-04
  171   1.9100E-04
  172   1.2400E-04
  173   8.8000E-05
  174   4.5000E-05
  175   3.9000E-05
  176   2.6000E-05
  177   1.4000E-05
  178   7.0000E-06
  179   8.0000E-06
  185   2.0000E-06
