   71   2.0000E-06
   72   3.0000E-06
   74   7.0000E-06
   75   7.0000E-06
   76   1.1000E-05
   77   3.6000E-05
   78   3.8000E-05
   79   7.0000E-05
   80   1.1800E-04
   81   1.7400E-04
   82   2.3500E-04
   83   3.6500E-04
   84   5.9300E-04
   85   7.8700E-04
   86   1.1550E-03
   87   1.5430E-03
   88   1.9620E-03
   89   2.6880E-03
   90   3.5820E-03
   91   4.3560E-03
   92   5.6180E-03
   93   6.9730E-03
   94   8.5960E-03
   95   1.0421E-02
   96   1.3149E-02
   97   1.5474E-02
   98   1.7794E-02
   99   2.1438E-02
  100   2.5797E-02
  101   2.9082E-02
  102   3.2907E-02
  103   3.6694E-02
  104   4.0005E-02
  105   4.3498E-02
  106   4.7183E-02
  107   4.8520E-02
  108   4.9878E-02
  109   5.0556E-02
  110   4.9776E-02
  111   4.9372E-02
  112   4.7889E-02
  113   4.6455E-02
  114   4.4485E-02
  115   4.1976E-02
  116   3.9252E-02
  117   3.4800E-02
  118   3.0163E-02
  119   2.4783E-02
  120   2.0069E-02
  121   1.5575E-02
  122   1.2032E-02
  123   9.1160E-03
  124   7.2330E-03
  125   5.8220E-03
  126   5.9430E-03
  127   7.4960E-03
  128   9.5350E-03
  129   1.2681E-02
  130   1.6500E-02
  131   2.1119E-02
  132   2.6209E-02
  133   3.1520E-02
  134   3.6190E-02
  135   3.9913E-02
  136   4.2847E-02
  137   4.4928E-02
  138   4.6745E-02
  139   4.8541E-02
  140   4.9442E-02
  141   5.0326E-02
  142   5.0536E-02
  143   4.9389E-02
  144   4.8353E-02
  145   4.6442E-02
  146   4.2810E-02
  147   3.9239E-02
  148   3.5856E-02
  149   3.2221E-02
  150   2.8371E-02
  151   2.4685E-02
  152   2.0673E-02
  153   1.7221E-02
  154   1.5060E-02
  155   1.2468E-02
  156   1.0092E-02
  157   8.2270E-03
  158   6.5810E-03
  159   5.3510E-03
  160   4.1170E-03
  161   3.2740E-03
  162   2.4810E-03
  163   1.8120E-03
  164   1.4160E-03
  165   1.0080E-03
  166   7.2200E-04
  167   5.3300E-04
  168   2.9700E-04
  169   2.3200E-04
  170   1.4800E-04
  171   1.0500E-04
  172   6.0000E-05
  173   4.1000E-05
  174   2.9000E-05
  175   1.1000E-05
  176   7.0000E-06
  177   7.0000E-06
  179   3.0000E-06
  180   2.0000E-06
