   76   2.0000E-06
   78   1.1000E-05
   79   2.3000E-05
   80   4.7000E-05
   81   1.0400E-04
   82   1.8300E-04
   83   3.2300E-04
   84   5.9200E-04
   85   9.3100E-04
   86   1.7610E-03
   87   2.5160E-03
   88   3.4380E-03
   89   4.9750E-03
   90   7.0760E-03
   91   8.7580E-03
   92   1.1410E-02
   93   1.3175E-02
   94   1.4509E-02
   95   1.7061E-02
   96   1.9597E-02
   97   2.0159E-02
   98   2.0946E-02
   99   2.2264E-02
  100   2.3429E-02
  101   2.5691E-02
  102   2.9232E-02
  103   3.1117E-02
  104   3.4227E-02
  105   3.8114E-02
  106   4.2494E-02
  107   4.5309E-02
  108   4.7486E-02
  109   4.8861E-02
  110   4.8933E-02
  111   4.9268E-02
  112   4.8525E-02
  113   4.6146E-02
  114   4.4263E-02
  115   4.2238E-02
  116   4.0303E-02
  117   3.7137E-02
  118   3.2113E-02
  119   2.5334E-02
  120   1.9007E-02
  121   1.3148E-02
  122   8.3340E-03
  123   4.8960E-03
  124   2.6280E-03
  125   1.2440E-03
  126   6.4600E-04
  127   6.4600E-04
  128   1.2440E-03
  129   2.6280E-03
  130   4.8960E-03
  131   8.3340E-03
  132   1.3148E-02
  133   1.9007E-02
  134   2.5334E-02
  135   3.2113E-02
  136   3.7137E-02
  137   4.0303E-02
  138   4.2238E-02
  139   4.4263E-02
  140   4.6146E-02
  141   4.8525E-02
  142   4.9268E-02
  143   4.8933E-02
  144   4.8861E-02
  145   4.7486E-02
  146   4.5309E-02
  147   4.2494E-02
  148   3.8114E-02
  149   3.4227E-02
  150   3.1117E-02
  151   2.9232E-02
  152   2.5691E-02
  153   2.3429E-02
  154   2.2264E-02
  155   2.0946E-02
  156   2.0159E-02
  157   1.9597E-02
  158   1.7061E-02
  159   1.4509E-02
  160   1.3175E-02
  161   1.1410E-02
  162   8.7580E-03
  163   7.0760E-03
  164   4.9750E-03
  165   3.4380E-03
  166   2.5160E-03
  167   1.7610E-03
  168   9.3100E-04
  169   5.9200E-04
  170   3.2300E-04
  171   1.8300E-04
  172   1.0400E-04
  173   4.7000E-05
  174   2.3000E-05
  175   1.1000E-05
  177   2.0000E-06
