   76   2.0000E-06
   77   2.0000E-06
   78   1.0000E-05
   79   1.9000E-05
   80   3.6000E-05
   81   6.7000E-05
   82   1.2700E-04
   83   1.9300E-04
   84   3.2000E-04
   85   4.8400E-04
   86   8.0200E-04
   87   1.1060E-03
   88   1.7200E-03
   89   2.2510E-03
   90   2.8910E-03
   91   3.8820E-03
   92   5.5350E-03
   93   6.4280E-03
   94   7.6590E-03
   95   9.4300E-03
   96   1.0738E-02
   97   1.2404E-02
   98   1.4761E-02
   99   1.5842E-02
  100   1.7355E-02
  101   2.0153E-02
  102   2.2886E-02
  103   2.5349E-02
  104   2.8476E-02
  105   3.1743E-02
  106   3.4459E-02
  107   3.8588E-02
  108   4.1988E-02
  109   4.3818E-02
  110   4.5872E-02
  111   4.7839E-02
  112   4.8225E-02
  113   4.8298E-02
  114   4.7899E-02
  115   4.5980E-02
  116   4.4812E-02
  117   4.3823E-02
  118   4.2212E-02
  119   3.9245E-02
  120   3.5485E-02
  121   3.0262E-02
  122   2.4486E-02
  123   1.9210E-02
  124   1.3878E-02
  125   9.3260E-03
  126   6.3240E-03
  127   3.9370E-03
  128   2.6590E-03
  129   3.9590E-03
  130   6.3560E-03
  131   9.4120E-03
  132   1.3976E-02
  133   1.9344E-02
  134   2.4715E-02
  135   3.0432E-02
  136   3.5649E-02
  137   3.9412E-02
  138   4.2308E-02
  139   4.3864E-02
  140   4.4841E-02
  141   4.5971E-02
  142   4.8031E-02
  143   4.8265E-02
  144   4.8287E-02
  145   4.7762E-02
  146   4.5832E-02
  147   4.3803E-02
  148   4.1886E-02
  149   3.8529E-02
  150   3.4286E-02
  151   3.1694E-02
  152   2.8422E-02
  153   2.5333E-02
  154   2.2851E-02
  155   2.0063E-02
  156   1.7367E-02
  157   1.5886E-02
  158   1.4661E-02
  159   1.2437E-02
  160   1.0627E-02
  161   9.3800E-03
  162   7.5440E-03
  163   6.3450E-03
  164   5.4180E-03
  165   3.8470E-03
  166   2.8260E-03
  167   2.2160E-03
  168   1.6750E-03
  169   1.0820E-03
  170   7.8000E-04
  171   4.8900E-04
  172   3.0900E-04
  173   1.8700E-04
  174   1.2700E-04
  175   6.7000E-05
  176   3.6000E-05
  177   1.9000E-05
  178   1.0000E-05
  179   2.0000E-06
  180   2.0000E-06
