   74   2.0000E-06
   75   3.0000E-06
   76   1.4000E-05
   77   1.3000E-05
   78   3.4000E-05
   79   6.1000E-05
   80   9.0000E-05
   81   1.1800E-04
   82   2.1200E-04
   83   3.2700E-04
   84   5.0500E-04
   85   7.3200E-04
   86   1.0820E-03
   87   1.4020E-03
   88   1.8020E-03
   89   2.4240E-03
   90   3.5220E-03
   91   4.2160E-03
   92   5.4140E-03
   93   6.5730E-03
   94   7.8360E-03
   95   9.6650E-03
   96   1.2604E-02
   97   1.3857E-02
   98   1.6580E-02
   99   1.9636E-02
  100   2.3257E-02
  101   2.6707E-02
  102   3.0978E-02
  103   3.4685E-02
  104   3.7569E-02
  105   4.2246E-02
  106   4.6093E-02
  107   4.7965E-02
  108   4.9439E-02
  109   5.1443E-02
  110   5.0795E-02
  111   5.0651E-02
  112   4.9875E-02
  113   4.7819E-02
  114   4.6185E-02
  115   4.4294E-02
  116   4.1587E-02
  117   3.8000E-02
  118   3.2819E-02
  119   2.7394E-02
  120   2.1756E-02
  121   1.6642E-02
  122   1.2293E-02
  123   8.6750E-03
  124   6.0360E-03
  125   4.3670E-03
  126   3.3700E-03
  127   4.3900E-03
  128   6.0910E-03
  129   8.7970E-03
  130   1.2458E-02
  131   1.6892E-02
  132   2.2012E-02
  133   2.7835E-02
  134   3.3219E-02
  135   3.8297E-02
  136   4.1811E-02
  137   4.4565E-02
  138   4.6208E-02
  139   4.7960E-02
  140   4.9951E-02
  141   5.0843E-02
  142   5.0770E-02
  143   5.1319E-02
  144   4.9426E-02
  145   4.7934E-02
  146   4.5819E-02
  147   4.2084E-02
  148   3.7266E-02
  149   3.4481E-02
  150   3.0832E-02
  151   2.6517E-02
  152   2.3020E-02
  153   1.9465E-02
  154   1.6523E-02
  155   1.3831E-02
  156   1.2431E-02
  157   9.5400E-03
  158   7.7750E-03
  159   6.5110E-03
  160   5.2680E-03
  161   4.1440E-03
  162   3.4230E-03
  163   2.3650E-03
  164   1.7340E-03
  165   1.3650E-03
  166   1.0510E-03
  167   7.0600E-04
  168   4.8400E-04
  169   3.1700E-04
  170   2.0200E-04
  171   1.1500E-04
  172   9.0000E-05
  173   5.9000E-05
  174   3.4000E-05
  175   1.3000E-05
  176   1.4000E-05
  177   3.0000E-06
  178   2.0000E-06
