   66   2.0000E-06
   67   2.0000E-06
   68   2.0000E-06
   69   5.0000E-06
   70   8.0000E-06
   71   1.3000E-05
   72   1.0000E-05
   73   1.7000E-05
   74   3.7000E-05
   75   3.3000E-05
   76   6.8000E-05
   77   7.3000E-05
   78   1.0300E-04
   79   1.2700E-04
   80   1.6700E-04
   81   2.4100E-04
   82   3.1800E-04
   83   4.5000E-04
   84   6.5900E-04
   85   8.4800E-04
   86   1.2020E-03
   87   1.6040E-03
   88   2.0350E-03
   89   2.6390E-03
   90   3.5820E-03
   91   4.3640E-03
   92   5.2650E-03
   93   6.6290E-03
   94   8.0340E-03
   95   9.5820E-03
   96   1.2008E-02
   97   1.3545E-02
   98   1.5982E-02
   99   1.8560E-02
  100   2.2002E-02
  101   2.4340E-02
  102   2.7409E-02
  103   3.0980E-02
  104   3.3497E-02
  105   3.6013E-02
  106   3.8603E-02
  107   4.0249E-02
  108   4.1290E-02
  109   4.2198E-02
  110   4.2976E-02
  111   4.2882E-02
  112   4.3040E-02
  113   4.2865E-02
  114   4.2240E-02
  115   4.1026E-02
  116   3.9739E-02
  117   3.7761E-02
  118   3.4837E-02
  119   3.2461E-02
  120   3.0279E-02
  121   2.8535E-02
  122   2.6673E-02
  123   2.5108E-02
  124   2.4134E-02
  125   2.3735E-02
  126   2.4187E-02
  127   2.5052E-02
  128   2.6668E-02
  129   2.8828E-02
  130   3.0979E-02
  131   3.3299E-02
  132   3.5985E-02
  133   3.8482E-02
  134   4.0939E-02
  135   4.2188E-02
  136   4.3050E-02
  137   4.3363E-02
  138   4.3789E-02
  139   4.4038E-02
  140   4.3612E-02
  141   4.3067E-02
  142   4.2115E-02
  143   4.0714E-02
  144   3.9141E-02
  145   3.6625E-02
  146   3.4054E-02
  147   3.1031E-02
  148   2.7881E-02
  149   2.4839E-02
  150   2.1926E-02
  151   1.8859E-02
  152   1.6412E-02
  153   1.3827E-02
  154   1.1976E-02
  155   1.0019E-02
  156   8.1760E-03
  157   6.5760E-03
  158   5.5650E-03
  159   4.5850E-03
  160   3.5500E-03
  161   2.7510E-03
  162   2.1460E-03
  163   1.6370E-03
  164   1.2720E-03
  165   9.3500E-04
  166   6.5000E-04
  167   4.8900E-04
  168   3.5400E-04
  169   2.6000E-04
  170   1.9800E-04
  171   1.5400E-04
  172   9.5000E-05
  173   8.4000E-05
  174   6.9000E-05
  175   6.1000E-05
  176   3.6000E-05
  177   2.9000E-05
  178   1.1000E-05
  179   1.2000E-05
  180   1.3000E-05
  181   6.0000E-06
  182   7.0000E-06
  184   2.0000E-06
  185   2.0000E-06
