   62   2.0000E-06
   63   2.0000E-06
   64   5.0000E-06
   65   4.0000E-06
   66   2.0000E-05
   67   9.0000E-06
   68   2.0000E-05
   69   2.3000E-05
   70   6.1000E-05
   71   6.1000E-05
   72   9.4000E-05
   73   1.3500E-04
   74   1.8600E-04
   75   3.2200E-04
   76   5.3400E-04
   77   7.9100E-04
   78   1.0460E-03
   79   1.6670E-03
   80   2.5270E-03
   81   3.3070E-03
   82   5.2000E-03
   83   6.4100E-03
   84   8.1080E-03
   85   1.0912E-02
   86   1.4850E-02
   87   1.6941E-02
   88   1.9742E-02
   89   2.4354E-02
   90   2.9482E-02
   91   3.2459E-02
   92   3.5903E-02
   93   3.9056E-02
   94   4.1605E-02
   95   4.3572E-02
   96   4.6392E-02
   97   4.5667E-02
   98   4.5167E-02
   99   4.6357E-02
  100   4.6255E-02
  101   4.5846E-02
  102   4.5232E-02
  103   4.2910E-02
  104   3.9214E-02
  105   3.4281E-02
  106   2.9376E-02
  107   2.5061E-02
  108   2.1864E-02
  109   1.9538E-02
  110   1.8484E-02
  111   1.8076E-02
  112   1.7992E-02
  113   1.7928E-02
  114   1.8465E-02
  115   1.8108E-02
  116   1.8354E-02
  117   1.8354E-02
  118   1.8108E-02
  119   1.8465E-02
  120   1.7928E-02
  121   1.7992E-02
  122   1.8076E-02
  123   1.8484E-02
  124   1.9538E-02
  125   2.1864E-02
  126   2.5061E-02
  127   2.9376E-02
  128   3.4281E-02
  129   3.9214E-02
  130   4.2910E-02
  131   4.5232E-02
  132   4.5846E-02
  133   4.6255E-02
  134   4.6357E-02
  135   4.5167E-02
  136   4.5667E-02
  137   4.6392E-02
  138   4.3572E-02
  139   4.1605E-02
  140   3.9056E-02
  141   3.5903E-02
  142   3.2459E-02
  143   2.9482E-02
  144   2.4354E-02
  145   1.9742E-02
  146   1.6941E-02
  147   1.4850E-02
  148   1.0912E-02
  149   8.1080E-03
  150   6.4100E-03
  151   5.2000E-03
  152   3.3070E-03
  153   2.5270E-03
  154   1.6670E-03
  155   1.0460E-03
  156   7.9100E-04
  157   5.3400E-04
  158   3.2200E-04
  159   1.8600E-04
  160   1.3500E-04
  161   9.4000E-05
  162   6.1000E-05
  163   6.1000E-05
  164   2.3000E-05
  165   2.0000E-05
  166   9.0000E-06
  167   2.0000E-05
  168   4.0000E-06
  169   5.0000E-06
  170   2.0000E-06
  171   2.0000E-06
