   70   2.0000E-06
   71   5.0000E-06
   72   6.0000E-06
   73   1.3000E-05
   74   3.8000E-05
   75   5.5000E-05
   76   9.4000E-05
   77   1.4000E-04
   78   3.0500E-04
   79   4.1900E-04
   80   7.4800E-04
   81   1.0650E-03
   82   1.4940E-03
   83   2.2080E-03
   84   3.2490E-03
   85   4.0780E-03
   86   5.3650E-03
   87   7.4480E-03
   88   1.0381E-02
   89   1.2124E-02
   90   1.4976E-02
   91   1.8941E-02
   92   2.3300E-02
   93   2.7085E-02
   94   3.3186E-02
   95   3.6986E-02
   96   3.9932E-02
   97   4.5014E-02
   98   5.0166E-02
   99   5.0721E-02
  100   5.2297E-02
  101   5.3690E-02
  102   5.2728E-02
  103   5.2266E-02
  104   5.2326E-02
  105   5.0913E-02
  106   5.0011E-02
  107   4.7830E-02
  108   4.3814E-02
  109   3.7724E-02
  110   2.9900E-02
  111   2.2922E-02
  112   1.6604E-02
  113   1.1730E-02
  114   8.2540E-03
  115   6.3920E-03
  116   5.1930E-03
  117   4.7490E-03
  118   4.4540E-03
  119   4.4030E-03
  120   4.4900E-03
  121   4.4030E-03
  122   4.4540E-03
  123   4.7490E-03
  124   5.1930E-03
  125   6.3920E-03
  126   8.2540E-03
  127   1.1730E-02
  128   1.6604E-02
  129   2.2922E-02
  130   2.9900E-02
  131   3.7724E-02
  132   4.3814E-02
  133   4.7830E-02
  134   5.0011E-02
  135   5.0913E-02
  136   5.2326E-02
  137   5.2266E-02
  138   5.2728E-02
  139   5.3690E-02
  140   5.2297E-02
  141   5.0721E-02
  142   5.0166E-02
  143   4.5014E-02
  144   3.9932E-02
  145   3.6986E-02
  146   3.3186E-02
  147   2.7085E-02
  148   2.3300E-02
  149   1.8941E-02
  150   1.4976E-02
  151   1.2124E-02
  152   1.0381E-02
  153   7.4480E-03
  154   5.3650E-03
  155   4.0780E-03
  156   3.2490E-03
  157   2.2080E-03
  158   1.4940E-03
  159   1.0650E-03
  160   7.4800E-04
  161   4.1900E-04
  162   3.0500E-04
  163   1.4000E-04
  164   9.4000E-05
  165   5.5000E-05
  166   3.8000E-05
  167   1.3000E-05
  168   6.0000E-06
  169   5.0000E-06
  170   2.0000E-06
