   59   2.0000E-06
   61   5.0000E-06
   62   2.0000E-06
   63   7.0000E-06
   64   1.6000E-05
   65   9.0000E-06
   66   2.7000E-05
   67   3.0000E-05
   68   3.0000E-05
   69   3.5000E-05
   70   5.3000E-05
   71   8.0000E-05
   72   1.0000E-04
   73   1.2400E-04
   74   1.8000E-04
   75   2.3400E-04
   76   2.8500E-04
   77   3.6900E-04
   78   5.5000E-04
   79   6.3200E-04
   80   9.5200E-04
   81   1.2300E-03
   82   1.5810E-03
   83   2.0260E-03
   84   2.7520E-03
   85   3.3330E-03
   86   4.0360E-03
   87   5.1470E-03
   88   6.6670E-03
   89   7.6270E-03
   90   9.4270E-03
   91   1.1180E-02
   92   1.3205E-02
   93   1.5213E-02
   94   1.7794E-02
   95   1.9474E-02
   96   2.1601E-02
   97   2.3874E-02
   98   2.6446E-02
   99   2.7993E-02
  100   2.9534E-02
  101   3.0960E-02
  102   3.2767E-02
  103   3.4140E-02
  104   3.5992E-02
  105   3.7238E-02
  106   3.8364E-02
  107   3.9250E-02
  108   3.9650E-02
  109   3.9484E-02
  110   3.9568E-02
  111   3.9504E-02
  112   3.9446E-02
  113   3.9832E-02
  114   3.9734E-02
  115   4.0536E-02
  116   4.1046E-02
  117   4.1356E-02
  118   4.1962E-02
  119   4.2042E-02
  120   4.2099E-02
  121   4.2112E-02
  122   4.1820E-02
  123   4.1188E-02
  124   4.1010E-02
  125   4.0769E-02
  126   4.0482E-02
  127   4.0239E-02
  128   4.0533E-02
  129   4.0929E-02
  130   4.1034E-02
  131   4.0485E-02
  132   4.0933E-02
  133   3.9341E-02
  134   3.8284E-02
  135   3.7115E-02
  136   3.5411E-02
  137   3.3943E-02
  138   3.1827E-02
  139   3.0533E-02
  140   2.8900E-02
  141   2.7226E-02
  142   2.4589E-02
  143   2.2331E-02
  144   2.0137E-02
  145   1.8172E-02
  146   1.6005E-02
  147   1.3581E-02
  148   1.1521E-02
  149   9.6870E-03
  150   8.2410E-03
  151   6.7740E-03
  152   5.4260E-03
  153   4.3300E-03
  154   3.4970E-03
  155   2.9230E-03
  156   2.2270E-03
  157   1.7100E-03
  158   1.3000E-03
  159   1.0720E-03
  160   7.5500E-04
  161   5.9100E-04
  162   4.6500E-04
  163   3.3500E-04
  164   2.5900E-04
  165   2.0800E-04
  166   1.6300E-04
  167   1.1700E-04
  168   8.8000E-05
  169   8.0000E-05
  170   5.2000E-05
  171   3.2000E-05
  172   3.2000E-05
  173   2.6000E-05
  174   2.7000E-05
  175   1.1000E-05
  176   1.4000E-05
  177   7.0000E-06
  178   2.0000E-06
  179   5.0000E-06
  181   2.0000E-06
