   64   2.0000E-06
   68   1.0000E-05
   69   2.0000E-06
   70   6.0000E-06
   71   2.4000E-05
   72   4.5000E-05
   73   7.5000E-05
   74   9.4000E-05
   75   1.5800E-04
   76   2.6000E-04
   77   3.8300E-04
   78   6.5600E-04
   79   9.6600E-04
   80   1.3890E-03
   81   1.9600E-03
   82   3.1170E-03
   83   4.0520E-03
   84   5.4000E-03
   85   7.4920E-03
   86   1.0298E-02
   87   1.2359E-02
   88   1.5927E-02
   89   1.9310E-02
   90   2.2817E-02
   91   2.7115E-02
   92   3.3222E-02
   93   3.6171E-02
   94   3.9274E-02
   95   4.3126E-02
   96   4.6942E-02
   97   4.8019E-02
   98   4.9228E-02
   99   4.9966E-02
  100   4.9117E-02
  101   4.9483E-02
  102   4.9497E-02
  103   4.8104E-02
  104   4.6871E-02
  105   4.4693E-02
  106   3.9416E-02
  107   3.3678E-02
  108   2.8008E-02
  109   2.2062E-02
  110   1.7595E-02
  111   1.4593E-02
  112   1.2980E-02
  113   1.2095E-02
  114   1.1609E-02
  115   1.1605E-02
  116   1.1378E-02
  117   1.1428E-02
  118   1.1800E-02
  119   1.1428E-02
  120   1.1378E-02
  121   1.1605E-02
  122   1.1609E-02
  123   1.2095E-02
  124   1.2980E-02
  125   1.4593E-02
  126   1.7595E-02
  127   2.2062E-02
  128   2.8008E-02
  129   3.3678E-02
  130   3.9416E-02
  131   4.4693E-02
  132   4.6871E-02
  133   4.8104E-02
  134   4.9497E-02
  135   4.9483E-02
  136   4.9117E-02
  137   4.9966E-02
  138   4.9228E-02
  139   4.8019E-02
  140   4.6942E-02
  141   4.3126E-02
  142   3.9274E-02
  143   3.6171E-02
  144   3.3222E-02
  145   2.7115E-02
  146   2.2817E-02
  147   1.9310E-02
  148   1.5927E-02
  149   1.2359E-02
  150   1.0298E-02
  151   7.4920E-03
  152   5.4000E-03
  153   4.0520E-03
  154   3.1170E-03
  155   1.9600E-03
  156   1.3890E-03
  157   9.6600E-04
  158   6.5600E-04
  159   3.8300E-04
  160   2.6000E-04
  161   1.5800E-04
  162   9.4000E-05
  163   7.5000E-05
  164   4.5000E-05
  165   2.4000E-05
  166   6.0000E-06
  167   2.0000E-06
  168   1.0000E-05
  172   2.0000E-06
