   63   2.0000E-06
   65   3.0000E-06
   66   8.0000E-06
   67   5.0000E-06
   68   1.0000E-05
   69   1.7000E-05
   70   1.7000E-05
   71   4.0000E-05
   72   5.8000E-05
   73   9.1000E-05
   74   1.0700E-04
   75   1.4300E-04
   76   2.2100E-04
   77   3.0500E-04
   78   4.6200E-04
   79   6.3700E-04
   80   8.8200E-04
   81   1.1940E-03
   82   1.6060E-03
   83   2.1530E-03
   84   2.7530E-03
   85   3.5850E-03
   86   4.6710E-03
   87   5.6910E-03
   88   7.5380E-03
   89   8.8740E-03
   90   1.0481E-02
   91   1.2485E-02
   92   1.5383E-02
   93   1.7300E-02
   94   1.9544E-02
   95   2.1703E-02
   96   2.4032E-02
   97   2.6281E-02
   98   2.8598E-02
   99   2.9893E-02
  100   3.1184E-02
  101   3.3112E-02
  102   3.4687E-02
  103   3.5827E-02
  104   3.7563E-02
  105   3.8530E-02
  106   3.9762E-02
  107   4.0144E-02
  108   4.0377E-02
  109   3.9849E-02
  110   3.9942E-02
  111   3.9711E-02
  112   3.9708E-02
  113   3.9223E-02
  114   3.9501E-02
  115   4.0277E-02
  116   4.0806E-02
  117   4.1310E-02
  118   4.1236E-02
  119   4.1367E-02
  120   4.1222E-02
  121   4.1285E-02
  122   4.0842E-02
  123   4.0276E-02
  124   3.9546E-02
  125   3.9378E-02
  126   3.9900E-02
  127   4.0055E-02
  128   4.0304E-02
  129   4.0298E-02
  130   4.0838E-02
  131   4.0520E-02
  132   3.9975E-02
  133   3.8619E-02
  134   3.7577E-02
  135   3.5945E-02
  136   3.4649E-02
  137   3.3070E-02
  138   3.1407E-02
  139   2.9863E-02
  140   2.8447E-02
  141   2.6124E-02
  142   2.3689E-02
  143   2.1447E-02
  144   1.9319E-02
  145   1.7079E-02
  146   1.4951E-02
  147   1.2198E-02
  148   1.0249E-02
  149   8.6650E-03
  150   7.3100E-03
  151   5.5390E-03
  152   4.5060E-03
  153   3.4550E-03
  154   2.7100E-03
  155   2.0880E-03
  156   1.5390E-03
  157   1.1480E-03
  158   8.6100E-04
  159   6.0800E-04
  160   4.5000E-04
  161   2.9600E-04
  162   2.2000E-04
  163   1.4200E-04
  164   1.0500E-04
  165   8.9000E-05
  166   5.8000E-05
  167   4.0000E-05
  168   1.7000E-05
  169   1.7000E-05
  170   1.0000E-05
  171   5.0000E-06
  172   8.0000E-06
  173   3.0000E-06
  175   2.0000E-06
