   62   4.0000E-06
   63   4.0000E-06
   64   1.0000E-05
   65   7.0000E-06
   66   1.9000E-05
   67   1.7000E-05
   68   2.5000E-05
   69   3.9000E-05
   70   7.4000E-05
   71   7.4000E-05
   72   1.2200E-04
   73   1.8900E-04
   74   2.6000E-04
   75   3.8800E-04
   76   6.0900E-04
   77   8.4100E-04
   78   1.0910E-03
   79   1.6840E-03
   80   2.4680E-03
   81   3.1030E-03
   82   4.6570E-03
   83   5.6690E-03
   84   7.0580E-03
   85   9.2240E-03
   86   1.2572E-02
   87   1.4364E-02
   88   1.6587E-02
   89   1.9931E-02
   90   2.4282E-02
   91   2.6344E-02
   92   2.9618E-02
   93   3.2306E-02
   94   3.4891E-02
   95   3.6571E-02
   96   3.9365E-02
   97   3.9144E-02
   98   4.0131E-02
   99   4.1231E-02
  100   4.1849E-02
  101   4.2434E-02
  102   4.2605E-02
  103   4.1652E-02
  104   3.9053E-02
  105   3.6534E-02
  106   3.3928E-02
  107   3.0981E-02
  108   2.8623E-02
  109   2.7746E-02
  110   2.6541E-02
  111   2.6575E-02
  112   2.6783E-02
  113   2.7052E-02
  114   2.7384E-02
  115   2.7519E-02
  116   2.7743E-02
  117   2.7743E-02
  118   2.7519E-02
  119   2.7384E-02
  120   2.7052E-02
  121   2.6783E-02
  122   2.6575E-02
  123   2.6541E-02
  124   2.7746E-02
  125   2.8623E-02
  126   3.0981E-02
  127   3.3928E-02
  128   3.6536E-02
  129   3.9051E-02
  130   4.1652E-02
  131   4.2605E-02
  132   4.2434E-02
  133   4.1849E-02
  134   4.1231E-02
  135   4.0131E-02
  136   3.9144E-02
  137   3.9365E-02
  138   3.6571E-02
  139   3.4891E-02
  140   3.2306E-02
  141   2.9618E-02
  142   2.6344E-02
  143   2.4282E-02
  144   1.9931E-02
  145   1.6587E-02
  146   1.4364E-02
  147   1.2572E-02
  148   9.2240E-03
  149   7.0580E-03
  150   5.6690E-03
  151   4.6570E-03
  152   3.1030E-03
  153   2.4680E-03
  154   1.6840E-03
  155   1.0910E-03
  156   8.4100E-04
  157   6.0900E-04
  158   3.8800E-04
  159   2.6000E-04
  160   1.8900E-04
  161   1.2200E-04
  162   7.4000E-05
  163   7.4000E-05
  164   3.9000E-05
  165   2.5000E-05
  166   1.7000E-05
  167   1.9000E-05
  168   7.0000E-06
  169   1.0000E-05
  170   4.0000E-06
  171   4.0000E-06
