   58   3.0000E-06
   62   6.0000E-06
   63   5.0000E-06
   64   5.0000E-06
   65   2.0000E-06
   66   9.0000E-06
   67   1.4000E-05
   68   1.2000E-05
   69   2.5000E-05
   70   2.6000E-05
   71   3.2000E-05
   72   6.5000E-05
   73   7.4000E-05
   74   1.0400E-04
   75   1.5600E-04
   76   2.2900E-04
   77   3.1600E-04
   78   4.3300E-04
   79   5.6700E-04
   80   8.3100E-04
   81   1.0670E-03
   82   1.4930E-03
   83   1.9040E-03
   84   2.5730E-03
   85   3.2600E-03
   86   4.0690E-03
   87   5.1510E-03
   88   6.9330E-03
   89   7.9330E-03
   90   9.6530E-03
   91   1.1781E-02
   92   1.3888E-02
   93   1.5933E-02
   94   1.8180E-02
   95   2.0462E-02
   96   2.2217E-02
   97   2.4701E-02
   98   2.6962E-02
   99   2.8723E-02
  100   3.0430E-02
  101   3.1925E-02
  102   3.3656E-02
  103   3.4977E-02
  104   3.6549E-02
  105   3.8013E-02
  106   3.8968E-02
  107   3.9994E-02
  108   4.0178E-02
  109   4.0168E-02
  110   3.9822E-02
  111   3.9886E-02
  112   3.9755E-02
  113   4.0189E-02
  114   4.0048E-02
  115   4.0815E-02
  116   4.1277E-02
  117   4.1403E-02
  118   4.1810E-02
  119   4.1736E-02
  120   4.1700E-02
  121   4.1789E-02
  122   4.1437E-02
  123   4.1262E-02
  124   4.0904E-02
  125   4.0463E-02
  126   4.0307E-02
  127   4.0341E-02
  128   4.0585E-02
  129   4.0857E-02
  130   4.1010E-02
  131   4.1103E-02
  132   4.0412E-02
  133   3.9563E-02
  134   3.7888E-02
  135   3.6732E-02
  136   3.5107E-02
  137   3.3452E-02
  138   3.1659E-02
  139   3.0534E-02
  140   2.8521E-02
  141   2.6574E-02
  142   2.4065E-02
  143   2.1627E-02
  144   1.9886E-02
  145   1.7324E-02
  146   1.5412E-02
  147   1.3068E-02
  148   1.1014E-02
  149   9.0530E-03
  150   7.6350E-03
  151   6.3250E-03
  152   4.7970E-03
  153   3.7130E-03
  154   3.0270E-03
  155   2.3880E-03
  156   1.7900E-03
  157   1.3340E-03
  158   1.0140E-03
  159   7.4900E-04
  160   5.4900E-04
  161   4.0700E-04
  162   2.9200E-04
  163   2.2700E-04
  164   1.4300E-04
  165   1.0900E-04
  166   7.1000E-05
  167   5.4000E-05
  168   3.2000E-05
  169   2.6000E-05
  170   2.5000E-05
  171   1.4000E-05
  172   1.2000E-05
  173   9.0000E-06
  174   2.0000E-06
  175   5.0000E-06
  176   5.0000E-06
  177   6.0000E-06
  181   3.0000E-06
