   77   5.0000E-06
   78   1.4000E-05
   79   2.7000E-05
   80   5.8000E-05
   81   1.3900E-04
   82   3.5500E-04
   83   5.9200E-04
   84   1.0820E-03
   85   1.8220E-03
   86   3.4900E-03
   87   4.5670E-03
   88   6.6270E-03
   89   8.4240E-03
   90   1.0208E-02
   91   1.1983E-02
   92   1.5829E-02
   93   1.4635E-02
   94   1.5276E-02
   95   1.6200E-02
   96   1.8240E-02
   97   1.8197E-02
   98   2.2017E-02
   99   2.3196E-02
  100   2.5331E-02
  101   3.0053E-02
  102   3.6496E-02
  103   3.7412E-02
  104   4.1693E-02
  105   4.4191E-02
  106   4.4929E-02
  107   4.6041E-02
  108   4.9811E-02
  109   4.6179E-02
  110   4.6423E-02
  111   4.9856E-02
  112   5.2742E-02
  113   5.3555E-02
  114   5.4210E-02
  115   4.6261E-02
  116   3.6431E-02
  117   2.7448E-02
  118   1.8528E-02
  119   9.9260E-03
  120   5.3420E-03
  121   2.4580E-03
  122   1.0250E-03
  123   4.0100E-04
  124   1.9800E-04
  125   1.1400E-04
  126   1.9800E-04
  127   4.0100E-04
  128   1.0250E-03
  129   2.4580E-03
  130   5.3420E-03
  131   9.9260E-03
  132   1.8528E-02
  133   2.7448E-02
  134   3.6431E-02
  135   4.6261E-02
  136   5.4210E-02
  137   5.3555E-02
  138   5.2742E-02
  139   4.9856E-02
  140   4.6423E-02
  141   4.6179E-02
  142   4.9811E-02
  143   4.6041E-02
  144   4.4929E-02
  145   4.4191E-02
  146   4.1693E-02
  147   3.7412E-02
  148   3.6496E-02
  149   3.0053E-02
  150   2.5331E-02
  151   2.3196E-02
  152   2.2017E-02
  153   1.8197E-02
  154   1.8240E-02
  155   1.6200E-02
  156   1.5276E-02
  157   1.4635E-02
  158   1.5829E-02
  159   1.1983E-02
  160   1.0208E-02
  161   8.4240E-03
  162   6.6270E-03
  163   4.5670E-03
  164   3.4900E-03
  165   1.8220E-03
  166   1.0820E-03
  167   5.9200E-04
  168   3.5500E-04
  169   1.3900E-04
  170   5.8000E-05
  171   2.7000E-05
  172   1.4000E-05
  173   5.0000E-06
