   73   4.0000E-06
   74   1.2000E-05
   75   1.1000E-05
   76   3.3000E-05
   77   5.0000E-05
   78   6.8000E-05
   79   1.3400E-04
   80   2.3500E-04
   81   3.4400E-04
   82   5.0500E-04
   83   7.7700E-04
   84   1.1120E-03
   85   1.5750E-03
   86   2.2770E-03
   87   2.9290E-03
   88   3.6180E-03
   89   4.8380E-03
   90   6.6720E-03
   91   7.8180E-03
   92   9.6890E-03
   93   1.1966E-02
   94   1.4402E-02
   95   1.7334E-02
   96   2.1602E-02
   97   2.4387E-02
   98   2.7690E-02
   99   3.2077E-02
  100   3.6519E-02
  101   3.8880E-02
  102   4.2413E-02
  103   4.4612E-02
  104   4.5443E-02
  105   4.7046E-02
  106   4.7463E-02
  107   4.7146E-02
  108   4.6613E-02
  109   4.6441E-02
  110   4.6057E-02
  111   4.5007E-02
  112   4.2774E-02
  113   3.8708E-02
  114   3.4130E-02
  115   2.9270E-02
  116   2.4981E-02
  117   2.0893E-02
  118   1.7846E-02
  119   1.5427E-02
  120   1.3873E-02
  121   1.2943E-02
  122   1.2281E-02
  123   1.1653E-02
  124   1.1879E-02
  125   1.2457E-02
  126   1.3259E-02
  127   1.4710E-02
  128   1.6529E-02
  129   1.9791E-02
  130   2.3783E-02
  131   2.8135E-02
  132   3.3374E-02
  133   3.8024E-02
  134   4.2603E-02
  135   4.4839E-02
  136   4.5961E-02
  137   4.6470E-02
  138   4.6399E-02
  139   4.7455E-02
  140   4.7592E-02
  141   4.7480E-02
  142   4.6183E-02
  143   4.5436E-02
  144   4.3111E-02
  145   4.0940E-02
  146   3.7255E-02
  147   3.3449E-02
  148   2.9279E-02
  149   2.5920E-02
  150   2.2582E-02
  151   1.8834E-02
  152   1.5498E-02
  153   1.2730E-02
  154   1.0633E-02
  155   8.7530E-03
  156   7.0460E-03
  157   5.5410E-03
  158   4.0630E-03
  159   3.1080E-03
  160   2.5280E-03
  161   1.8410E-03
  162   1.2460E-03
  163   8.8600E-04
  164   5.9700E-04
  165   3.9800E-04
  166   2.6100E-04
  167   1.7400E-04
  168   9.6000E-05
  169   5.8000E-05
  170   3.9000E-05
  171   2.4000E-05
  172   1.4000E-05
  173   9.0000E-06
  174   4.0000E-06
