   64   5.0000E-06
   65   2.0000E-06
   66   2.0000E-06
   67   2.0000E-06
   69   1.0000E-05
   70   1.0000E-05
   71   2.2000E-05
   72   2.5000E-05
   73   3.0000E-05
   74   6.8000E-05
   75   7.7000E-05
   76   1.1800E-04
   77   1.7000E-04
   78   2.3000E-04
   79   3.5800E-04
   80   4.8900E-04
   81   6.1500E-04
   82   8.4000E-04
   83   1.2180E-03
   84   1.7990E-03
   85   2.2330E-03
   86   2.8820E-03
   87   3.7990E-03
   88   4.8430E-03
   89   6.1270E-03
   90   7.8040E-03
   91   9.3110E-03
   92   1.1375E-02
   93   1.3733E-02
   94   1.6800E-02
   95   1.8896E-02
   96   2.2163E-02
   97   2.5009E-02
   98   2.7600E-02
   99   3.0769E-02
  100   3.3566E-02
  101   3.4861E-02
  102   3.6061E-02
  103   3.7824E-02
  104   3.8960E-02
  105   3.9847E-02
  106   4.0792E-02
  107   4.1503E-02
  108   4.1859E-02
  109   4.2191E-02
  110   4.1514E-02
  111   3.9281E-02
  112   3.7557E-02
  113   3.5381E-02
  114   3.2677E-02
  115   3.1333E-02
  116   3.0306E-02
  117   2.9652E-02
  118   2.9038E-02
  119   2.9464E-02
  120   2.8973E-02
  121   2.9314E-02
  122   2.9068E-02
  123   2.9430E-02
  124   2.9324E-02
  125   2.9608E-02
  126   3.0192E-02
  127   3.0938E-02
  128   3.2393E-02
  129   3.4092E-02
  130   3.6455E-02
  131   3.8970E-02
  132   4.1106E-02
  133   4.2745E-02
  134   4.3461E-02
  135   4.3066E-02
  136   4.2054E-02
  137   4.1443E-02
  138   4.0721E-02
  139   3.9754E-02
  140   3.8690E-02
  141   3.6988E-02
  142   3.5092E-02
  143   3.3625E-02
  144   3.0944E-02
  145   2.7677E-02
  146   2.5065E-02
  147   2.1828E-02
  148   1.9181E-02
  149   1.6443E-02
  150   1.3681E-02
  151   1.1202E-02
  152   9.2480E-03
  153   7.7860E-03
  154   6.0560E-03
  155   4.8920E-03
  156   3.7020E-03
  157   2.9200E-03
  158   2.2730E-03
  159   1.7590E-03
  160   1.2540E-03
  161   9.0600E-04
  162   6.2900E-04
  163   4.8900E-04
  164   3.6400E-04
  165   2.5700E-04
  166   1.9100E-04
  167   1.4200E-04
  168   9.5000E-05
  169   7.5000E-05
  170   5.0000E-05
  171   2.8000E-05
  172   1.9000E-05
  173   2.2000E-05
  174   1.2000E-05
  175   8.0000E-06
  177   4.0000E-06
  179   2.0000E-06
  180   5.0000E-06
