   74   5.0000E-06
   75   7.0000E-06
   76   2.4000E-05
   77   5.0000E-05
   78   9.9000E-05
   79   1.8200E-04
   80   4.2100E-04
   81   6.6200E-04
   82   9.1000E-04
   83   1.4670E-03
   84   2.5730E-03
   85   3.1940E-03
   86   4.1070E-03
   87   5.4950E-03
   88   6.7680E-03
   89   8.1730E-03
   90   1.0993E-02
   91   1.2050E-02
   92   1.3983E-02
   93   1.7532E-02
   94   2.1871E-02
   95   2.4923E-02
   96   3.0711E-02
   97   3.4449E-02
   98   3.7986E-02
   99   4.3395E-02
  100   4.9219E-02
  101   5.0056E-02
  102   5.1755E-02
  103   5.3698E-02
  104   5.3402E-02
  105   5.2882E-02
  106   5.3448E-02
  107   5.2458E-02
  108   5.2104E-02
  109   5.2119E-02
  110   5.0388E-02
  111   4.3521E-02
  112   3.4767E-02
  113   2.6009E-02
  114   1.7188E-02
  115   1.0690E-02
  116   6.2500E-03
  117   3.3110E-03
  118   1.8340E-03
  119   1.0700E-03
  120   8.0700E-04
  121   6.6100E-04
  122   6.4200E-04
  123   6.6100E-04
  124   8.0700E-04
  125   1.0700E-03
  126   1.8340E-03
  127   3.3110E-03
  128   6.2500E-03
  129   1.0690E-02
  130   1.7188E-02
  131   2.6009E-02
  132   3.4767E-02
  133   4.3521E-02
  134   5.0388E-02
  135   5.2119E-02
  136   5.2104E-02
  137   5.2458E-02
  138   5.3448E-02
  139   5.2882E-02
  140   5.3402E-02
  141   5.3698E-02
  142   5.1755E-02
  143   5.0056E-02
  144   4.9219E-02
  145   4.3395E-02
  146   3.7986E-02
  147   3.4449E-02
  148   3.0711E-02
  149   2.4923E-02
  150   2.1871E-02
  151   1.7532E-02
  152   1.3983E-02
  153   1.2050E-02
  154   1.0993E-02
  155   8.1730E-03
  156   6.7680E-03
  157   5.4950E-03
  158   4.1070E-03
  159   3.1940E-03
  160   2.5730E-03
  161   1.4670E-03
  162   9.1000E-04
  163   6.6200E-04
  164   4.2100E-04
  165   1.8200E-04
  166   9.9000E-05
  167   5.0000E-05
  168   2.4000E-05
  169   7.0000E-06
  170   5.0000E-06
