   72   2.0000E-06
   73   4.0000E-06
   74   4.0000E-06
   75   9.0000E-06
   76   1.5000E-05
   77   3.3000E-05
   78   6.2000E-05
   79   1.0300E-04
   80   2.1600E-04
   81   2.9500E-04
   82   5.4400E-04
   83   7.8500E-04
   84   1.1660E-03
   85   1.6850E-03
   86   2.5700E-03
   87   3.1210E-03
   88   4.0090E-03
   89   5.2440E-03
   90   6.6480E-03
   91   8.0580E-03
   92   1.0052E-02
   93   1.1670E-02
   94   1.3493E-02
   95   1.6637E-02
   96   2.0881E-02
   97   2.3045E-02
   98   2.6762E-02
   99   3.0821E-02
  100   3.4751E-02
  101   3.8865E-02
  102   4.2935E-02
  103   4.4749E-02
  104   4.6928E-02
  105   4.8523E-02
  106   4.9336E-02
  107   4.9714E-02
  108   4.9132E-02
  109   4.9038E-02
  110   4.8870E-02
  111   4.8438E-02
  112   4.6969E-02
  113   4.3513E-02
  114   3.8201E-02
  115   3.1662E-02
  116   2.5281E-02
  117   1.9442E-02
  118   1.4599E-02
  119   1.1048E-02
  120   8.6710E-03
  121   7.0500E-03
  122   6.1080E-03
  123   5.5980E-03
  124   5.5220E-03
  125   5.6440E-03
  126   6.3220E-03
  127   7.4640E-03
  128   9.4920E-03
  129   1.2452E-02
  130   1.6881E-02
  131   2.2234E-02
  132   2.9045E-02
  133   3.5300E-02
  134   4.1792E-02
  135   4.5730E-02
  136   4.7798E-02
  137   4.8283E-02
  138   4.8582E-02
  139   4.8584E-02
  140   4.9577E-02
  141   4.9461E-02
  142   4.9182E-02
  143   4.8079E-02
  144   4.6232E-02
  145   4.4136E-02
  146   4.0986E-02
  147   3.6950E-02
  148   3.2937E-02
  149   2.8864E-02
  150   2.5175E-02
  151   2.2365E-02
  152   1.8913E-02
  153   1.5198E-02
  154   1.2826E-02
  155   1.1055E-02
  156   9.2270E-03
  157   7.6060E-03
  158   5.7720E-03
  159   4.5860E-03
  160   3.5600E-03
  161   2.8220E-03
  162   2.0310E-03
  163   1.3630E-03
  164   9.0400E-04
  165   6.5000E-04
  166   3.7200E-04
  167   2.6400E-04
  168   1.4600E-04
  169   8.3000E-05
  170   5.0000E-05
  171   2.8000E-05
  172   1.3000E-05
  173   9.0000E-06
  174   4.0000E-06
  175   4.0000E-06
  176   2.0000E-06
