   76   9.0000E-06
   77   2.0000E-06
   78   2.6000E-05
   79   5.2000E-05
   80   1.2500E-04
   81   2.6900E-04
   82   5.0800E-04
   83   9.0500E-04
   84   1.4580E-03
   85   2.1620E-03
   86   3.7100E-03
   87   4.6400E-03
   88   5.7310E-03
   89   7.2770E-03
   90   9.3420E-03
   91   1.0182E-02
   92   1.1851E-02
   93   1.2945E-02
   94   1.4523E-02
   95   1.7373E-02
   96   2.2207E-02
   97   2.4332E-02
   98   2.8130E-02
   99   3.3379E-02
  100   3.8305E-02
  101   4.3179E-02
  102   4.7866E-02
  103   4.9084E-02
  104   5.0656E-02
  105   5.2568E-02
  106   5.3149E-02
  107   5.2713E-02
  108   5.1605E-02
  109   5.1909E-02
  110   5.2848E-02
  111   5.4168E-02
  112   5.1699E-02
  113   4.4812E-02
  114   3.5067E-02
  115   2.5041E-02
  116   1.6230E-02
  117   9.2980E-03
  118   4.7190E-03
  119   2.2160E-03
  120   9.6200E-04
  121   4.2900E-04
  122   2.0200E-04
  123   1.1500E-04
  124   1.1500E-04
  125   2.0200E-04
  126   4.2900E-04
  127   9.6200E-04
  128   2.2160E-03
  129   4.7190E-03
  130   9.2980E-03
  131   1.6230E-02
  132   2.5041E-02
  133   3.5067E-02
  134   4.4812E-02
  135   5.1699E-02
  136   5.4168E-02
  137   5.2848E-02
  138   5.1909E-02
  139   5.1605E-02
  140   5.2713E-02
  141   5.3149E-02
  142   5.2568E-02
  143   5.0656E-02
  144   4.9084E-02
  145   4.7866E-02
  146   4.3179E-02
  147   3.8305E-02
  148   3.3379E-02
  149   2.8130E-02
  150   2.4332E-02
  151   2.2207E-02
  152   1.7373E-02
  153   1.4523E-02
  154   1.2945E-02
  155   1.1851E-02
  156   1.0182E-02
  157   9.3420E-03
  158   7.2770E-03
  159   5.7310E-03
  160   4.6400E-03
  161   3.7100E-03
  162   2.1620E-03
  163   1.4580E-03
  164   9.0500E-04
  165   5.0800E-04
  166   2.6900E-04
  167   1.2500E-04
  168   5.2000E-05
  169   2.6000E-05
  170   2.0000E-06
  171   9.0000E-06
