   74   8.0000E-06
   75   1.4000E-05
   76   2.8000E-05
   77   5.2000E-05
   78   1.0900E-04
   79   2.0100E-04
   80   4.1600E-04
   81   5.8800E-04
   82   9.3300E-04
   83   1.4820E-03
   84   2.2600E-03
   85   3.1220E-03
   86   3.9760E-03
   87   5.5860E-03
   88   8.2280E-03
   89   9.8200E-03
   90   1.2920E-02
   91   1.6598E-02
   92   2.0299E-02
   93   2.5746E-02
   94   3.2232E-02
   95   3.6331E-02
   96   4.0415E-02
   97   4.5948E-02
   98   5.2579E-02
   99   5.4909E-02
  100   5.7011E-02
  101   5.8331E-02
  102   5.7482E-02
  103   5.7135E-02
  104   5.6795E-02
  105   5.3966E-02
  106   5.2951E-02
  107   5.1944E-02
  108   4.7746E-02
  109   4.1389E-02
  110   3.2455E-02
  111   2.2937E-02
  112   1.4693E-02
  113   8.8630E-03
  114   5.0380E-03
  115   2.5530E-03
  116   1.4200E-03
  117   8.6800E-04
  118   6.3200E-04
  119   5.1200E-04
  120   4.6400E-04
  121   4.6400E-04
  122   5.1200E-04
  123   6.3200E-04
  124   8.6800E-04
  125   1.4200E-03
  126   2.5530E-03
  127   5.0380E-03
  128   8.8630E-03
  129   1.4693E-02
  130   2.2937E-02
  131   3.2455E-02
  132   4.1389E-02
  133   4.7746E-02
  134   5.1944E-02
  135   5.2951E-02
  136   5.3966E-02
  137   5.6795E-02
  138   5.7135E-02
  139   5.7482E-02
  140   5.8331E-02
  141   5.7011E-02
  142   5.4909E-02
  143   5.2579E-02
  144   4.5948E-02
  145   4.0415E-02
  146   3.6331E-02
  147   3.2232E-02
  148   2.5746E-02
  149   2.0299E-02
  150   1.6598E-02
  151   1.2920E-02
  152   9.8200E-03
  153   8.2280E-03
  154   5.5860E-03
  155   3.9760E-03
  156   3.1220E-03
  157   2.2600E-03
  158   1.4820E-03
  159   9.3300E-04
  160   5.8800E-04
  161   4.1600E-04
  162   2.0100E-04
  163   1.0900E-04
  164   5.2000E-05
  165   2.8000E-05
  166   1.4000E-05
  167   8.0000E-06
