   75   2.0000E-06
   76   8.0000E-06
   77   1.5000E-05
   78   3.9000E-05
   79   7.1000E-05
   80   1.5200E-04
   81   2.6800E-04
   82   4.4900E-04
   83   7.7100E-04
   84   1.3790E-03
   85   1.8100E-03
   86   2.6840E-03
   87   3.5160E-03
   88   4.4190E-03
   89   5.7410E-03
   90   8.0160E-03
   91   9.2380E-03
   92   1.0958E-02
   93   1.4120E-02
   94   1.8133E-02
   95   2.2386E-02
   96   2.8252E-02
   97   3.1959E-02
   98   3.6999E-02
   99   4.3278E-02
  100   5.0363E-02
  101   5.3117E-02
  102   5.5273E-02
  103   5.6845E-02
  104   5.7812E-02
  105   5.7977E-02
  106   5.7031E-02
  107   5.4169E-02
  108   5.2369E-02
  109   5.2404E-02
  110   5.1613E-02
  111   4.7036E-02
  112   3.8381E-02
  113   2.8343E-02
  114   1.9257E-02
  115   1.1574E-02
  116   6.3110E-03
  117   3.0420E-03
  118   1.3530E-03
  119   5.7400E-04
  120   2.3600E-04
  121   1.4500E-04
  122   9.6000E-05
  123   9.6000E-05
  124   1.4500E-04
  125   2.3600E-04
  126   5.7400E-04
  127   1.3530E-03
  128   3.0420E-03
  129   6.3110E-03
  130   1.1574E-02
  131   1.9257E-02
  132   2.8343E-02
  133   3.8381E-02
  134   4.7036E-02
  135   5.1613E-02
  136   5.2404E-02
  137   5.2369E-02
  138   5.4169E-02
  139   5.7031E-02
  140   5.7977E-02
  141   5.7812E-02
  142   5.6845E-02
  143   5.5273E-02
  144   5.3117E-02
  145   5.0363E-02
  146   4.3278E-02
  147   3.6999E-02
  148   3.1959E-02
  149   2.8252E-02
  150   2.2386E-02
  151   1.8133E-02
  152   1.4120E-02
  153   1.0958E-02
  154   9.2380E-03
  155   8.0160E-03
  156   5.7410E-03
  157   4.4190E-03
  158   3.5160E-03
  159   2.6840E-03
  160   1.8100E-03
  161   1.3790E-03
  162   7.7100E-04
  163   4.4900E-04
  164   2.6800E-04
  165   1.5200E-04
  166   7.1000E-05
  167   3.9000E-05
  168   1.5000E-05
  169   8.0000E-06
  170   2.0000E-06
