   66   3.0000E-06
   71   1.0000E-05
   72   1.1000E-05
   73   1.1000E-05
   74   1.9000E-05
   75   1.7000E-05
   76   3.8000E-05
   77   5.8000E-05
   78   9.1000E-05
   79   1.4200E-04
   80   2.3600E-04
   81   3.7700E-04
   82   4.5400E-04
   83   7.6300E-04
   84   1.1340E-03
   85   1.5060E-03
   86   2.2570E-03
   87   2.6670E-03
   88   3.4860E-03
   89   4.4990E-03
   90   5.9630E-03
   91   6.9710E-03
   92   8.7740E-03
   93   1.0674E-02
   94   1.2624E-02
   95   1.5321E-02
   96   1.8750E-02
   97   2.1084E-02
   98   2.4648E-02
   99   2.7898E-02
  100   3.1570E-02
  101   3.4044E-02
  102   3.7608E-02
  103   3.9415E-02
  104   4.1115E-02
  105   4.1985E-02
  106   4.3430E-02
  107   4.3815E-02
  108   4.4366E-02
  109   4.4641E-02
  110   4.4662E-02
  111   4.4941E-02
  112   4.3595E-02
  113   4.0262E-02
  114   3.7108E-02
  115   3.2965E-02
  116   2.9106E-02
  117   2.5936E-02
  118   2.3686E-02
  119   2.1594E-02
  120   2.0222E-02
  121   1.9504E-02
  122   1.9362E-02
  123   1.8783E-02
  124   1.8931E-02
  125   1.9476E-02
  126   1.9896E-02
  127   2.0560E-02
  128   2.2378E-02
  129   2.4793E-02
  130   2.7524E-02
  131   3.1212E-02
  132   3.5482E-02
  133   3.9364E-02
  134   4.2731E-02
  135   4.4886E-02
  136   4.5990E-02
  137   4.5287E-02
  138   4.5079E-02
  139   4.4749E-02
  140   4.4652E-02
  141   4.3965E-02
  142   4.2361E-02
  143   4.1002E-02
  144   3.9758E-02
  145   3.6867E-02
  146   3.3859E-02
  147   3.0595E-02
  148   2.7239E-02
  149   2.3656E-02
  150   2.0679E-02
  151   1.7850E-02
  152   1.4648E-02
  153   1.2140E-02
  154   1.0297E-02
  155   8.3730E-03
  156   6.8880E-03
  157   5.5120E-03
  158   4.2250E-03
  159   3.3610E-03
  160   2.5850E-03
  161   2.0740E-03
  162   1.3860E-03
  163   1.1010E-03
  164   6.5100E-04
  165   4.9400E-04
  166   3.4000E-04
  167   2.2900E-04
  168   1.4100E-04
  169   9.6000E-05
  170   4.8000E-05
  171   4.8000E-05
  172   3.0000E-05
  173   1.5000E-05
  174   1.5000E-05
  175   1.2000E-05
  176   8.0000E-06
  177   1.0000E-05
  182   3.0000E-06
