   69   5.0000E-06
   71   5.0000E-06
   72   5.0000E-06
   74   1.1000E-05
   75   1.3000E-05
   76   2.4000E-05
   77   4.6000E-05
   78   8.1000E-05
   79   1.2100E-04
   80   1.9600E-04
   81   2.4900E-04
   82   4.6300E-04
   83   6.6500E-04
   84   1.0510E-03
   85   1.4680E-03
   86   2.1910E-03
   87   2.5190E-03
   88   3.2990E-03
   89   4.4860E-03
   90   5.6130E-03
   91   6.6780E-03
   92   8.4550E-03
   93   9.8360E-03
   94   1.1652E-02
   95   1.4106E-02
   96   1.7466E-02
   97   1.9740E-02
   98   2.2946E-02
   99   2.6411E-02
  100   2.9704E-02
  101   3.3405E-02
  102   3.7003E-02
  103   3.8854E-02
  104   4.0778E-02
  105   4.2151E-02
  106   4.3969E-02
  107   4.4166E-02
  108   4.4426E-02
  109   4.4756E-02
  110   4.5272E-02
  111   4.5437E-02
  112   4.5115E-02
  113   4.2714E-02
  114   3.9362E-02
  115   3.4726E-02
  116   3.0857E-02
  117   2.6869E-02
  118   2.3194E-02
  119   2.1147E-02
  120   1.9461E-02
  121   1.8286E-02
  122   1.7452E-02
  123   1.7255E-02
  124   1.6882E-02
  125   1.7247E-02
  126   1.7743E-02
  127   1.8470E-02
  128   2.0050E-02
  129   2.2295E-02
  130   2.5286E-02
  131   2.8915E-02
  132   3.3824E-02
  133   3.8234E-02
  134   4.1890E-02
  135   4.4799E-02
  136   4.6050E-02
  137   4.5976E-02
  138   4.5525E-02
  139   4.5231E-02
  140   4.5255E-02
  141   4.4584E-02
  142   4.3955E-02
  143   4.2380E-02
  144   4.0883E-02
  145   3.8780E-02
  146   3.5695E-02
  147   3.2518E-02
  148   2.8699E-02
  149   2.5387E-02
  150   2.2156E-02
  151   1.9336E-02
  152   1.6365E-02
  153   1.3336E-02
  154   1.1406E-02
  155   9.4880E-03
  156   7.8120E-03
  157   6.5410E-03
  158   5.2700E-03
  159   4.0010E-03
  160   3.1270E-03
  161   2.4280E-03
  162   1.8750E-03
  163   1.3060E-03
  164   8.6600E-04
  165   5.8500E-04
  166   3.7800E-04
  167   2.8000E-04
  168   1.6100E-04
  169   1.2300E-04
  170   6.6000E-05
  171   5.2000E-05
  172   3.2000E-05
  173   1.5000E-05
  174   1.2000E-05
  175   9.0000E-06
  176   2.0000E-06
  177   3.0000E-06
  178   5.0000E-06
  180   5.0000E-06
