   76   2.0000E-06
   77   2.0000E-06
   78   1.2000E-05
   79   1.8000E-05
   80   5.4000E-05
   81   1.3600E-04
   82   3.0000E-04
   83   5.2100E-04
   84   9.2600E-04
   85   1.6250E-03
   86   3.0180E-03
   87   3.9270E-03
   88   5.4000E-03
   89   6.8960E-03
   90   8.8290E-03
   91   1.0194E-02
   92   1.2276E-02
   93   1.2342E-02
   94   1.2900E-02
   95   1.4426E-02
   96   1.7566E-02
   97   1.9331E-02
   98   2.2747E-02
   99   2.6583E-02
  100   3.0096E-02
  101   3.5404E-02
  102   4.1975E-02
  103   4.4848E-02
  104   4.7213E-02
  105   4.9598E-02
  106   5.1550E-02
  107   5.2206E-02
  108   5.1692E-02
  109   5.0224E-02
  110   5.0131E-02
  111   5.2124E-02
  112   5.4599E-02
  113   5.3895E-02
  114   4.7836E-02
  115   3.8736E-02
  116   2.8466E-02
  117   1.8784E-02
  118   1.0990E-02
  119   5.5500E-03
  120   2.4740E-03
  121   9.5500E-04
  122   3.8800E-04
  123   1.4400E-04
  124   7.5000E-05
  125   7.5000E-05
  126   1.4400E-04
  127   3.8800E-04
  128   9.5500E-04
  129   2.4740E-03
  130   5.5500E-03
  131   1.0990E-02
  132   1.8784E-02
  133   2.8466E-02
  134   3.8736E-02
  135   4.7836E-02
  136   5.3895E-02
  137   5.4599E-02
  138   5.2124E-02
  139   5.0131E-02
  140   5.0224E-02
  141   5.1692E-02
  142   5.2206E-02
  143   5.1550E-02
  144   4.9598E-02
  145   4.7213E-02
  146   4.4848E-02
  147   4.1975E-02
  148   3.5404E-02
  149   3.0096E-02
  150   2.6583E-02
  151   2.2747E-02
  152   1.9331E-02
  153   1.7566E-02
  154   1.4426E-02
  155   1.2900E-02
  156   1.2342E-02
  157   1.2276E-02
  158   1.0194E-02
  159   8.8290E-03
  160   6.8960E-03
  161   5.4000E-03
  162   3.9270E-03
  163   3.0180E-03
  164   1.6250E-03
  165   9.2600E-04
  166   5.2100E-04
  167   3.0000E-04
  168   1.3600E-04
  169   5.4000E-05
  170   1.8000E-05
  171   1.2000E-05
  172   2.0000E-06
  173   2.0000E-06
