   72   4.0000E-06
   73   5.0000E-06
   74   1.0000E-05
   75   1.7000E-05
   76   4.2000E-05
   77   7.5000E-05
   78   1.7100E-04
   79   2.5900E-04
   80   4.9600E-04
   81   6.8800E-04
   82   9.6200E-04
   83   1.5160E-03
   84   2.4320E-03
   85   2.9220E-03
   86   3.9360E-03
   87   5.2040E-03
   88   6.6690E-03
   89   8.7600E-03
   90   1.1082E-02
   91   1.3048E-02
   92   1.5534E-02
   93   1.9456E-02
   94   2.4905E-02
   95   2.7909E-02
   96   3.2328E-02
   97   3.7169E-02
   98   4.0867E-02
   99   4.4955E-02
  100   5.0078E-02
  101   5.0861E-02
  102   5.2087E-02
  103   5.2971E-02
  104   5.3074E-02
  105   5.2590E-02
  106   5.1718E-02
  107   5.1582E-02
  108   5.0695E-02
  109   4.9116E-02
  110   4.4795E-02
  111   3.8614E-02
  112   3.0358E-02
  113   2.2701E-02
  114   1.5739E-02
  115   1.0370E-02
  116   6.7430E-03
  117   4.3830E-03
  118   3.1810E-03
  119   2.5410E-03
  120   2.1840E-03
  121   2.1810E-03
  122   2.1810E-03
  123   2.1840E-03
  124   2.5410E-03
  125   3.1810E-03
  126   4.3830E-03
  127   6.7430E-03
  128   1.0370E-02
  129   1.5739E-02
  130   2.2701E-02
  131   3.0358E-02
  132   3.8614E-02
  133   4.4795E-02
  134   4.9116E-02
  135   5.0695E-02
  136   5.1582E-02
  137   5.1718E-02
  138   5.2590E-02
  139   5.3074E-02
  140   5.2971E-02
  141   5.2087E-02
  142   5.0861E-02
  143   5.0078E-02
  144   4.4955E-02
  145   4.0867E-02
  146   3.7169E-02
  147   3.2328E-02
  148   2.7909E-02
  149   2.4905E-02
  150   1.9456E-02
  151   1.5534E-02
  152   1.3048E-02
  153   1.1082E-02
  154   8.7600E-03
  155   6.6690E-03
  156   5.2040E-03
  157   3.9360E-03
  158   2.9220E-03
  159   2.4320E-03
  160   1.5160E-03
  161   9.6200E-04
  162   6.8800E-04
  163   4.9600E-04
  164   2.5900E-04
  165   1.7100E-04
  166   7.5000E-05
  167   4.2000E-05
  168   1.7000E-05
  169   1.0000E-05
  170   5.0000E-06
  171   4.0000E-06
