   78   6.0000E-06
   79   1.4000E-05
   80   3.1000E-05
   81   4.5000E-05
   82   1.9400E-04
   83   3.3400E-04
   84   6.4100E-04
   85   1.2130E-03
   86   2.2910E-03
   87   3.5470E-03
   88   5.4840E-03
   89   7.2230E-03
   90   9.1390E-03
   91   1.1557E-02
   92   1.4555E-02
   93   1.4349E-02
   94   1.5066E-02
   95   1.5203E-02
   96   1.6053E-02
   97   1.6846E-02
   98   1.9323E-02
   99   2.0505E-02
  100   2.2993E-02
  101   2.7417E-02
  102   3.2592E-02
  103   3.7427E-02
  104   4.1366E-02
  105   4.3142E-02
  106   4.5659E-02
  107   4.7637E-02
  108   4.9046E-02
  109   4.8096E-02
  110   4.7095E-02
  111   4.7558E-02
  112   5.0051E-02
  113   5.4402E-02
  114   5.6034E-02
  115   5.1282E-02
  116   4.3398E-02
  117   3.3243E-02
  118   2.2595E-02
  119   1.3442E-02
  120   6.9360E-03
  121   2.9630E-03
  122   1.2870E-03
  123   4.9200E-04
  124   1.4500E-04
  125   6.8000E-05
  126   6.8000E-05
  127   1.4500E-04
  128   4.9200E-04
  129   1.2870E-03
  130   2.9630E-03
  131   6.9360E-03
  132   1.3442E-02
  133   2.2595E-02
  134   3.3243E-02
  135   4.3398E-02
  136   5.1282E-02
  137   5.6034E-02
  138   5.4402E-02
  139   5.0051E-02
  140   4.7558E-02
  141   4.7095E-02
  142   4.8096E-02
  143   4.9046E-02
  144   4.7637E-02
  145   4.5659E-02
  146   4.3142E-02
  147   4.1366E-02
  148   3.7427E-02
  149   3.2592E-02
  150   2.7417E-02
  151   2.2993E-02
  152   2.0505E-02
  153   1.9323E-02
  154   1.6846E-02
  155   1.6053E-02
  156   1.5203E-02
  157   1.5066E-02
  158   1.4349E-02
  159   1.4555E-02
  160   1.1557E-02
  161   9.1390E-03
  162   7.2230E-03
  163   5.4840E-03
  164   3.5470E-03
  165   2.2910E-03
  166   1.2130E-03
  167   6.4100E-04
  168   3.3400E-04
  169   1.9400E-04
  170   4.5000E-05
  171   3.1000E-05
  172   1.4000E-05
  173   6.0000E-06
