   72   2.0000E-06
   75   1.0000E-05
   76   5.0000E-06
   77   1.0000E-05
   78   2.4000E-05
   79   5.7000E-05
   80   1.0500E-04
   81   1.6900E-04
   82   3.0900E-04
   83   4.6300E-04
   84   6.8200E-04
   85   1.1630E-03
   86   1.7680E-03
   87   2.3290E-03
   88   3.2870E-03
   89   4.1870E-03
   90   5.1110E-03
   91   6.2990E-03
   92   8.2260E-03
   93   8.9190E-03
   94   1.0433E-02
   95   1.2200E-02
   96   1.3864E-02
   97   1.6265E-02
   98   1.9476E-02
   99   2.1802E-02
  100   2.4784E-02
  101   2.8922E-02
  102   3.3085E-02
  103   3.6061E-02
  104   3.9353E-02
  105   4.2306E-02
  106   4.4217E-02
  107   4.5574E-02
  108   4.7165E-02
  109   4.6577E-02
  110   4.7135E-02
  111   4.7279E-02
  112   4.7267E-02
  113   4.7688E-02
  114   4.6852E-02
  115   4.4003E-02
  116   3.9522E-02
  117   3.4172E-02
  118   2.8172E-02
  119   2.2330E-02
  120   1.7553E-02
  121   1.3800E-02
  122   1.1045E-02
  123   9.4530E-03
  124   8.0540E-03
  125   7.3410E-03
  126   7.3990E-03
  127   7.6880E-03
  128   8.9990E-03
  129   1.0983E-02
  130   1.3528E-02
  131   1.7779E-02
  132   2.3064E-02
  133   2.9034E-02
  134   3.5203E-02
  135   4.0746E-02
  136   4.4829E-02
  137   4.6650E-02
  138   4.7068E-02
  139   4.7054E-02
  140   4.6219E-02
  141   4.7142E-02
  142   4.7130E-02
  143   4.7193E-02
  144   4.5763E-02
  145   4.4487E-02
  146   4.2607E-02
  147   3.9486E-02
  148   3.6491E-02
  149   3.3054E-02
  150   2.9007E-02
  151   2.5538E-02
  152   2.2298E-02
  153   1.9657E-02
  154   1.6802E-02
  155   1.4411E-02
  156   1.2321E-02
  157   1.0792E-02
  158   9.6590E-03
  159   7.8030E-03
  160   6.3380E-03
  161   5.0530E-03
  162   4.0520E-03
  163   3.0370E-03
  164   2.2380E-03
  165   1.5670E-03
  166   1.0460E-03
  167   6.6100E-04
  168   4.3600E-04
  169   2.9400E-04
  170   1.7800E-04
  171   9.5000E-05
  172   6.6000E-05
  173   3.9000E-05
  174   1.2000E-05
  175   7.0000E-06
  176   5.0000E-06
  177   7.0000E-06
  180   2.0000E-06
