   85   4.0000E-06
   87   1.0000E-05
   88   2.0000E-06
   89   1.3000E-05
   90   1.7000E-05
   91   1.4000E-05
   92   3.2000E-05
   93   3.6000E-05
   94   4.8000E-05
   95   7.3000E-05
   96   9.3000E-05
   97   9.9000E-05
   98   1.4600E-04
   99   1.9200E-04
  100   2.6600E-04
  101   2.9700E-04
  102   4.4700E-04
  103   5.9300E-04
  104   6.3600E-04
  105   8.6500E-04
  106   1.1270E-03
  107   1.2950E-03
  108   1.6630E-03
  109   2.0540E-03
  110   2.6140E-03
  111   3.1270E-03
  112   3.7480E-03
  113   4.4940E-03
  114   5.2690E-03
  115   6.2990E-03
  116   7.6090E-03
  117   9.0130E-03
  118   1.0487E-02
  119   1.1932E-02
  120   1.3826E-02
  121   1.5868E-02
  122   1.7731E-02
  123   2.0415E-02
  124   2.2892E-02
  125   2.5555E-02
  126   2.8194E-02
  127   3.1302E-02
  128   3.4379E-02
  129   3.6741E-02
  130   4.0192E-02
  131   4.3355E-02
  132   4.6056E-02
  133   4.9112E-02
  134   5.1556E-02
  135   5.4111E-02
  136   5.5845E-02
  137   5.8353E-02
  138   6.0130E-02
  139   6.1682E-02
  140   6.2277E-02
  141   6.3660E-02
  142   6.4252E-02
  143   6.3660E-02
  144   6.2277E-02
  145   6.1682E-02
  146   6.0130E-02
  147   5.8353E-02
  148   5.5845E-02
  149   5.4111E-02
  150   5.1556E-02
  151   4.9112E-02
  152   4.6056E-02
  153   4.3355E-02
  154   4.0192E-02
  155   3.6741E-02
  156   3.4379E-02
  157   3.1302E-02
  158   2.8194E-02
  159   2.5555E-02
  160   2.2892E-02
  161   2.0415E-02
  162   1.7731E-02
  163   1.5868E-02
  164   1.3826E-02
  165   1.1932E-02
  166   1.0487E-02
  167   9.0130E-03
  168   7.6090E-03
  169   6.2990E-03
  170   5.2690E-03
  171   4.4940E-03
  172   3.7480E-03
  173   3.1270E-03
  174   2.6140E-03
  175   2.0540E-03
  176   1.6630E-03
  177   1.2950E-03
  178   1.1270E-03
  179   8.6500E-04
  180   6.3600E-04
  181   5.9300E-04
  182   4.4700E-04
  183   2.9700E-04
  184   2.6600E-04
  185   1.9200E-04
  186   1.4600E-04
  187   9.9000E-05
  188   9.3000E-05
  189   7.3000E-05
  190   4.8000E-05
