   73   2.0000E-06
   80   2.0000E-06
   82   8.0000E-06
   83   8.0000E-06
   84   1.7000E-05
   85   2.8000E-05
   86   2.0000E-05
   87   2.5000E-05
   88   4.5000E-05
   89   7.3000E-05
   90   1.0500E-04
   91   8.3000E-05
   92   1.4900E-04
   93   1.4700E-04
   94   2.3600E-04
   95   2.9900E-04
   96   3.7400E-04
   97   3.5300E-04
   98   4.4700E-04
   99   6.1100E-04
  100   7.7500E-04
  101   9.4500E-04
  102   1.1450E-03
  103   1.4320E-03
  104   1.6100E-03
  105   2.2420E-03
  106   2.5170E-03
  107   2.9820E-03
  108   3.5180E-03
  109   3.9080E-03
  110   4.9170E-03
  111   5.9690E-03
  112   6.4070E-03
  113   7.5450E-03
  114   8.6230E-03
  115   1.0085E-02
  116   1.1497E-02
  117   1.2925E-02
  118   1.4623E-02
  119   1.6666E-02
  120   1.8038E-02
  121   1.9807E-02
  122   2.2330E-02
  123   2.4637E-02
  124   2.7205E-02
  125   2.9487E-02
  126   3.2094E-02
  127   3.4575E-02
  128   3.7338E-02
  129   3.9807E-02
  130   4.2476E-02
  131   4.4753E-02
  132   4.7143E-02
  133   5.1046E-02
  134   5.5019E-02
  135   5.7151E-02
  136   6.0665E-02
  137   6.3522E-02
  138   5.8579E-02
  139   5.7320E-02
  140   5.6739E-02
  141   5.6470E-02
  142   5.5628E-02
  143   5.5291E-02
  144   5.5424E-02
  145   5.4226E-02
  146   5.0925E-02
  147   5.0305E-02
  148   4.7331E-02
  149   4.5642E-02
  150   4.5344E-02
  151   4.2753E-02
  152   4.1207E-02
  153   4.0468E-02
  154   3.7402E-02
  155   3.3510E-02
  156   3.1693E-02
  157   2.8806E-02
  158   2.6109E-02
  159   2.3655E-02
  160   2.2282E-02
  161   1.9637E-02
  162   1.7946E-02
  163   1.5727E-02
  164   1.3864E-02
  165   1.2304E-02
  166   1.0693E-02
  167   9.4000E-03
  168   8.0560E-03
  169   7.1070E-03
  170   6.2580E-03
  171   5.2260E-03
  172   4.4770E-03
  173   3.6700E-03
  174   3.2390E-03
  175   2.6890E-03
  176   2.1940E-03
  177   1.8570E-03
  178   1.5060E-03
  179   1.2740E-03
  180   1.0000E-03
  181   7.9800E-04
  182   6.8300E-04
  183   5.2700E-04
  184   4.2000E-04
  185   3.6200E-04
  186   2.9100E-04
  187   2.3900E-04
  188   1.5700E-04
  189   1.3100E-04
  190   1.0600E-04
