   52   4.0000E-06
   54   2.0000E-06
   56   4.0000E-06
   57   4.0000E-06
   60   7.0000E-06
   62   7.0000E-06
   63   6.0000E-06
   64   6.0000E-06
   65   6.0000E-06
   66   9.0000E-06
   67   1.1000E-05
   68   1.2000E-05
   69   1.1000E-05
   70   1.7000E-05
   71   1.7000E-05
   72   1.5000E-05
   73   1.6000E-05
   74   2.7000E-05
   75   2.1000E-05
   76   3.6000E-05
   77   3.0000E-05
   78   3.7000E-05
   79   4.3000E-05
   80   5.2000E-05
   81   5.8000E-05
   82   7.0000E-05
   83   8.5000E-05
   84   9.7000E-05
   85   1.1800E-04
   86   1.6200E-04
   87   1.8700E-04
   88   2.3600E-04
   89   3.1600E-04
   90   3.6700E-04
   91   5.5600E-04
   92   7.0700E-04
   93   8.7800E-04
   94   1.1960E-03
   95   1.5470E-03
   96   2.0790E-03
   97   2.5480E-03
   98   3.3470E-03
   99   4.3390E-03
  100   5.3010E-03
  101   6.6770E-03
  102   8.6150E-03
  103   1.0239E-02
  104   1.2338E-02
  105   1.5188E-02
  106   1.8234E-02
  107   2.1038E-02
  108   2.4350E-02
  109   2.8189E-02
  110   3.1525E-02
  111   3.5542E-02
  112   3.9389E-02
  113   4.2606E-02
  114   4.5600E-02
  115   4.8273E-02
  116   4.9944E-02
  117   5.1516E-02
  118   5.1575E-02
  119   5.1533E-02
  120   5.0193E-02
  121   4.8915E-02
  122   4.6412E-02
  123   4.3876E-02
  124   4.1133E-02
  125   3.8487E-02
  126   3.4796E-02
  127   3.0818E-02
  128   2.6211E-02
  129   2.2152E-02
  130   2.2152E-02
  131   2.6211E-02
  132   3.0818E-02
  133   3.4796E-02
  134   3.8487E-02
  135   4.1133E-02
  136   4.3876E-02
  137   4.6412E-02
  138   4.8915E-02
  139   5.0193E-02
  140   5.1533E-02
  141   5.1575E-02
  142   5.1516E-02
  143   4.9944E-02
  144   4.8273E-02
  145   4.5600E-02
  146   4.2606E-02
  147   3.9389E-02
  148   3.5542E-02
  149   3.1525E-02
  150   2.8189E-02
  151   2.4350E-02
  152   2.1038E-02
  153   1.8234E-02
  154   1.5188E-02
  155   1.2338E-02
  156   1.0239E-02
  157   8.6150E-03
  158   6.6770E-03
  159   5.3010E-03
  160   4.3390E-03
  161   3.3470E-03
  162   2.5480E-03
  163   2.0790E-03
  164   1.5470E-03
  165   1.1960E-03
  166   8.7800E-04
  167   7.0700E-04
  168   5.5600E-04
  169   3.6700E-04
  170   3.1600E-04
  171   2.3600E-04
  172   1.8700E-04
  173   1.6200E-04
  174   1.1800E-04
  175   9.7000E-05
  176   8.5000E-05
  177   7.0000E-05
  178   5.8000E-05
  179   5.2000E-05
  180   4.3000E-05
  181   3.7000E-05
  182   3.0000E-05
  183   3.6000E-05
  184   2.1000E-05
  185   2.7000E-05
  186   1.6000E-05
  187   1.5000E-05
  188   1.7000E-05
  189   1.7000E-05
  190   1.1000E-05
