   37   7.0000E-06
   38   5.0000E-06
   39   3.0000E-06
   40   5.0000E-06
   41   6.0000E-06
   42   4.0000E-06
   43   5.0000E-06
   44   3.0000E-06
   45   1.1000E-05
   46   7.0000E-06
   47   6.0000E-06
   48   1.9000E-05
   49   1.7000E-05
   50   2.7000E-05
   51   1.8000E-05
   52   3.5000E-05
   53   2.1000E-05
   54   4.3000E-05
   55   5.5000E-05
   56   7.3000E-05
   57   6.4000E-05
   58   7.0000E-05
   59   7.6000E-05
   60   1.1600E-04
   61   1.2200E-04
   62   1.6400E-04
   63   1.4100E-04
   64   1.4800E-04
   65   1.7800E-04
   66   2.6300E-04
   67   2.3000E-04
   68   2.7900E-04
   69   3.0600E-04
   70   3.3400E-04
   71   3.7700E-04
   72   4.8000E-04
   73   4.7300E-04
   74   5.4500E-04
   75   5.6500E-04
   76   6.8500E-04
   77   7.6700E-04
   78   8.9200E-04
   79   8.6000E-04
   80   1.0400E-03
   81   1.1070E-03
   82   1.3180E-03
   83   1.3430E-03
   84   1.5000E-03
   85   1.6850E-03
   86   1.9820E-03
   87   1.9980E-03
   88   2.3020E-03
   89   2.5750E-03
   90   2.7390E-03
   91   3.0240E-03
   92   3.6600E-03
   93   3.9340E-03
   94   4.4100E-03
   95   4.9340E-03
   96   5.9240E-03
   97   6.5010E-03
   98   7.7330E-03
   99   8.7350E-03
  100   9.9140E-03
  101   1.1726E-02
  102   1.3351E-02
  103   1.4903E-02
  104   1.6723E-02
  105   1.9187E-02
  106   2.1665E-02
  107   2.3711E-02
  108   2.6360E-02
  109   2.9030E-02
  110   3.1413E-02
  111   3.3929E-02
  112   3.6294E-02
  113   3.8219E-02
  114   4.0151E-02
  115   4.1358E-02
  116   4.2928E-02
  117   4.2749E-02
  118   4.3669E-02
  119   4.2957E-02
  120   4.2274E-02
  121   4.1321E-02
  122   4.0634E-02
  123   3.9296E-02
  124   3.7539E-02
  125   3.5739E-02
  126   3.3855E-02
  127   3.1303E-02
  128   2.8726E-02
  129   2.7297E-02
  130   2.9451E-02
  131   3.1960E-02
  132   3.4349E-02
  133   3.6288E-02
  134   3.8019E-02
  135   3.9843E-02
  136   4.0873E-02
  137   4.1658E-02
  138   4.2580E-02
  139   4.3086E-02
  140   4.3680E-02
  141   4.2930E-02
  142   4.2724E-02
  143   4.1092E-02
  144   3.9700E-02
  145   3.7833E-02
  146   3.5955E-02
  147   3.3335E-02
  148   3.0882E-02
  149   2.8478E-02
  150   2.5803E-02
  151   2.3235E-02
  152   2.1140E-02
  153   1.8655E-02
  154   1.6388E-02
  155   1.4553E-02
  156   1.3014E-02
  157   1.1444E-02
  158   9.6520E-03
  159   8.5350E-03
  160   7.6300E-03
  161   6.3470E-03
  162   5.7950E-03
  163   4.8630E-03
  164   4.3440E-03
  165   3.8900E-03
  166   3.5990E-03
  167   3.0250E-03
  168   2.6970E-03
  169   2.5570E-03
  170   2.2960E-03
  171   1.9900E-03
  172   1.9740E-03
  173   1.6680E-03
  174   1.5050E-03
  175   1.3350E-03
  176   1.3140E-03
  177   1.1070E-03
  178   1.0320E-03
  179   8.6200E-04
  180   8.8800E-04
  181   7.7000E-04
  182   6.7400E-04
  183   5.6500E-04
  184   5.5000E-04
  185   4.6900E-04
  186   4.7900E-04
  187   3.7600E-04
  188   3.3100E-04
  189   3.0700E-04
  190   2.7600E-04
