   51   2.0000E-06
   59   2.0000E-06
   61   2.0000E-06
   62   2.0000E-06
   66   3.0000E-06
   67   4.0000E-06
   68   3.0000E-06
   70   3.0000E-06
   71   5.0000E-06
   72   5.0000E-06
   73   3.0000E-06
   74   1.1000E-05
   75   6.0000E-06
   76   7.0000E-06
   77   1.5000E-05
   78   1.2000E-05
   79   2.5000E-05
   80   2.6000E-05
   81   1.8000E-05
   82   4.3000E-05
   83   5.6000E-05
   84   7.8000E-05
   85   9.7000E-05
   86   1.7300E-04
   87   1.9800E-04
   88   2.2400E-04
   89   2.8600E-04
   90   4.2600E-04
   91   5.4100E-04
   92   7.6200E-04
   93   9.8200E-04
   94   1.2480E-03
   95   1.6580E-03
   96   2.3110E-03
   97   2.8860E-03
   98   3.5780E-03
   99   4.8480E-03
  100   5.9360E-03
  101   7.3440E-03
  102   9.3880E-03
  103   1.1248E-02
  104   1.3368E-02
  105   1.6451E-02
  106   2.0100E-02
  107   2.3038E-02
  108   2.6425E-02
  109   3.0698E-02
  110   3.4272E-02
  111   3.8436E-02
  112   4.2086E-02
  113   4.5861E-02
  114   4.8211E-02
  115   5.0508E-02
  116   5.2009E-02
  117   5.3002E-02
  118   5.2783E-02
  119   5.1577E-02
  120   4.9753E-02
  121   4.7507E-02
  122   4.5263E-02
  123   4.1980E-02
  124   3.9089E-02
  125   3.5099E-02
  126   3.0813E-02
  127   2.6371E-02
  128   2.1383E-02
  129   1.8818E-02
  130   2.1383E-02
  131   2.6371E-02
  132   3.0813E-02
  133   3.5099E-02
  134   3.9089E-02
  135   4.1980E-02
  136   4.5263E-02
  137   4.7507E-02
  138   4.9753E-02
  139   5.1577E-02
  140   5.2783E-02
  141   5.3002E-02
  142   5.2009E-02
  143   5.0508E-02
  144   4.8211E-02
  145   4.5861E-02
  146   4.2086E-02
  147   3.8436E-02
  148   3.4272E-02
  149   3.0698E-02
  150   2.6425E-02
  151   2.3038E-02
  152   2.0100E-02
  153   1.6451E-02
  154   1.3368E-02
  155   1.1248E-02
  156   9.3880E-03
  157   7.3440E-03
  158   5.9360E-03
  159   4.8480E-03
  160   3.5780E-03
  161   2.8860E-03
  162   2.3110E-03
  163   1.6580E-03
  164   1.2480E-03
  165   9.8200E-04
  166   7.6200E-04
  167   5.4100E-04
  168   4.2600E-04
  169   2.8600E-04
  170   2.2400E-04
  171   1.9800E-04
  172   1.7300E-04
  173   9.7000E-05
  174   7.8000E-05
  175   5.6000E-05
  176   4.3000E-05
  177   1.8000E-05
  178   2.6000E-05
  179   2.5000E-05
  180   1.2000E-05
  181   1.5000E-05
  182   7.0000E-06
  183   6.0000E-06
  184   1.1000E-05
  185   3.0000E-06
  186   5.0000E-06
  187   5.0000E-06
  188   3.0000E-06
  190   3.0000E-06
