   36   2.0000E-06
   40   2.0000E-06
   41   2.0000E-06
   42   2.0000E-06
   43   2.0000E-06
   45   3.0000E-06
   46   4.0000E-06
   47   6.0000E-06
   48   9.0000E-06
   49   4.0000E-06
   50   8.0000E-06
   51   6.0000E-06
   52   7.0000E-06
   53   8.0000E-06
   54   7.0000E-06
   55   1.1000E-05
   56   2.4000E-05
   57   1.4000E-05
   58   1.6000E-05
   59   1.9000E-05
   60   3.1000E-05
   61   3.3000E-05
   62   4.0000E-05
   63   4.3000E-05
   64   4.2000E-05
   65   4.6000E-05
   66   5.4000E-05
   67   5.1000E-05
   68   6.8000E-05
   69   6.8000E-05
   70   8.3000E-05
   71   9.3000E-05
   72   1.1000E-04
   73   1.3700E-04
   74   1.1900E-04
   75   1.5500E-04
   76   1.7300E-04
   77   1.8600E-04
   78   2.1400E-04
   79   2.1900E-04
   80   2.5800E-04
   81   2.5700E-04
   82   3.1600E-04
   83   3.6900E-04
   84   3.9700E-04
   85   4.7300E-04
   86   5.2300E-04
   87   6.3500E-04
   88   7.6900E-04
   89   8.6000E-04
   90   1.0990E-03
   91   1.3250E-03
   92   1.6560E-03
   93   2.0060E-03
   94   2.5580E-03
   95   3.1420E-03
   96   4.1310E-03
   97   4.9870E-03
   98   5.9910E-03
   99   7.5050E-03
  100   9.1700E-03
  101   1.0974E-02
  102   1.3150E-02
  103   1.5496E-02
  104   1.8138E-02
  105   2.1148E-02
  106   2.4776E-02
  107   2.7725E-02
  108   3.0832E-02
  109   3.4536E-02
  110   3.7714E-02
  111   4.0424E-02
  112   4.3001E-02
  113   4.5825E-02
  114   4.7200E-02
  115   4.8550E-02
  116   4.9531E-02
  117   4.8644E-02
  118   4.7945E-02
  119   4.6761E-02
  120   4.5622E-02
  121   4.2925E-02
  122   4.0595E-02
  123   3.8105E-02
  124   3.5505E-02
  125   3.1574E-02
  126   2.7992E-02
  127   2.3815E-02
  128   2.1748E-02
  129   2.3811E-02
  130   2.7998E-02
  131   3.1570E-02
  132   3.5505E-02
  133   3.8107E-02
  134   4.0596E-02
  135   4.2930E-02
  136   4.5616E-02
  137   4.6762E-02
  138   4.7946E-02
  139   4.8645E-02
  140   4.9528E-02
  141   4.8554E-02
  142   4.7202E-02
  143   4.5818E-02
  144   4.3006E-02
  145   4.0425E-02
  146   3.7711E-02
  147   3.4534E-02
  148   3.0828E-02
  149   2.7729E-02
  150   2.4772E-02
  151   2.1148E-02
  152   1.8141E-02
  153   1.5498E-02
  154   1.3145E-02
  155   1.0974E-02
  156   9.1700E-03
  157   7.5050E-03
  158   5.9910E-03
  159   4.9890E-03
  160   4.1290E-03
  161   3.1420E-03
  162   2.5580E-03
  163   2.0060E-03
  164   1.6560E-03
  165   1.3250E-03
  166   1.0990E-03
  167   8.6000E-04
  168   7.6900E-04
  169   6.3500E-04
  170   5.2300E-04
  171   4.7300E-04
  172   3.9700E-04
  173   3.6900E-04
  174   3.1600E-04
  175   2.5700E-04
  176   2.5800E-04
  177   2.1900E-04
  178   2.1400E-04
  179   1.8600E-04
  180   1.7300E-04
  181   1.5500E-04
  182   1.1900E-04
  183   1.3700E-04
  184   1.1000E-04
  185   9.3000E-05
  186   8.3000E-05
  187   6.8000E-05
  188   6.8000E-05
  189   5.1000E-05
  190   5.4000E-05
