   59   2.0000E-06
   61   2.0000E-06
   64   2.0000E-06
   65   3.0000E-06
   67   4.0000E-06
   69   4.0000E-06
   70   2.0000E-06
   71   3.0000E-06
   72   6.0000E-06
   73   1.0000E-05
   74   1.3000E-05
   75   8.0000E-06
   76   7.0000E-06
   77   1.0000E-05
   78   1.2000E-05
   79   1.9000E-05
   80   2.5000E-05
   81   2.6000E-05
   82   2.8000E-05
   83   3.2000E-05
   84   5.1000E-05
   85   5.7000E-05
   86   8.6000E-05
   87   9.8000E-05
   88   1.0100E-04
   89   1.4200E-04
   90   1.7000E-04
   91   2.4600E-04
   92   3.2100E-04
   93   3.8400E-04
   94   5.5600E-04
   95   6.5000E-04
   96   8.7200E-04
   97   1.0500E-03
   98   1.3300E-03
   99   1.6830E-03
  100   2.1310E-03
  101   2.6630E-03
  102   3.2650E-03
  103   4.1920E-03
  104   5.1860E-03
  105   6.3410E-03
  106   7.9010E-03
  107   9.4320E-03
  108   1.1138E-02
  109   1.3508E-02
  110   1.6205E-02
  111   1.8669E-02
  112   2.1556E-02
  113   2.4817E-02
  114   2.8018E-02
  115   3.1885E-02
  116   3.5418E-02
  117   3.8634E-02
  118   4.1741E-02
  119   4.5184E-02
  120   4.7089E-02
  121   4.9189E-02
  122   5.0602E-02
  123   5.1260E-02
  124   5.0622E-02
  125   5.0104E-02
  126   4.8843E-02
  127   4.7229E-02
  128   4.5417E-02
  129   4.2830E-02
  130   4.0544E-02
  131   3.7205E-02
  132   3.3784E-02
  133   2.9651E-02
  134   2.9782E-02
  135   3.3959E-02
  136   3.7339E-02
  137   4.0568E-02
  138   4.2962E-02
  139   4.5411E-02
  140   4.7266E-02
  141   4.8889E-02
  142   5.0213E-02
  143   5.0596E-02
  144   5.1346E-02
  145   5.0589E-02
  146   4.9114E-02
  147   4.6992E-02
  148   4.5077E-02
  149   4.1648E-02
  150   3.8599E-02
  151   3.5306E-02
  152   3.1762E-02
  153   2.7995E-02
  154   2.4652E-02
  155   2.1506E-02
  156   1.8635E-02
  157   1.6094E-02
  158   1.3411E-02
  159   1.1120E-02
  160   9.3820E-03
  161   7.8570E-03
  162   6.2860E-03
  163   5.1880E-03
  164   4.1530E-03
  165   3.2490E-03
  166   2.6310E-03
  167   2.1260E-03
  168   1.6520E-03
  169   1.3090E-03
  170   1.0460E-03
  171   8.7300E-04
  172   6.3700E-04
  173   5.4200E-04
  174   3.8300E-04
  175   3.1900E-04
  176   2.3500E-04
  177   1.6900E-04
  178   1.4800E-04
  179   9.9000E-05
  180   9.7000E-05
  181   8.0000E-05
  182   5.7000E-05
  183   5.1000E-05
  184   3.2000E-05
  185   2.8000E-05
  186   2.6000E-05
  187   2.5000E-05
  188   1.9000E-05
  189   1.2000E-05
  190   1.0000E-05
