   68   2.0000E-06
   70   2.0000E-06
   71   3.0000E-06
   73   2.0000E-06
   74   2.0000E-06
   76   6.0000E-06
   77   4.0000E-06
   78   5.0000E-06
   79   7.0000E-06
   80   2.1000E-05
   81   2.2000E-05
   82   3.8000E-05
   83   4.2000E-05
   84   4.5000E-05
   85   1.0200E-04
   86   1.0400E-04
   87   1.3200E-04
   88   2.1500E-04
   89   2.4300E-04
   90   3.3700E-04
   91   4.5700E-04
   92   6.1600E-04
   93   7.9200E-04
   94   1.0610E-03
   95   1.3210E-03
   96   1.6070E-03
   97   2.0680E-03
   98   2.7290E-03
   99   3.1210E-03
  100   3.9680E-03
  101   4.9630E-03
  102   6.2320E-03
  103   7.5200E-03
  104   9.0530E-03
  105   1.1048E-02
  106   1.2819E-02
  107   1.5470E-02
  108   1.9032E-02
  109   2.1424E-02
  110   2.5087E-02
  111   2.8368E-02
  112   3.2664E-02
  113   3.5920E-02
  114   4.0177E-02
  115   4.3324E-02
  116   4.6654E-02
  117   4.8506E-02
  118   5.1184E-02
  119   5.2333E-02
  120   5.2398E-02
  121   5.1850E-02
  122   5.1044E-02
  123   4.8632E-02
  124   4.6209E-02
  125   4.3566E-02
  126   4.0761E-02
  127   3.7053E-02
  128   3.3458E-02
  129   2.9172E-02
  130   2.4319E-02
  131   2.1316E-02
  132   2.4319E-02
  133   2.9172E-02
  134   3.3458E-02
  135   3.7053E-02
  136   4.0761E-02
  137   4.3566E-02
  138   4.6209E-02
  139   4.8632E-02
  140   5.1044E-02
  141   5.1850E-02
  142   5.2398E-02
  143   5.2333E-02
  144   5.1184E-02
  145   4.8506E-02
  146   4.6654E-02
  147   4.3324E-02
  148   4.0177E-02
  149   3.5920E-02
  150   3.2664E-02
  151   2.8368E-02
  152   2.5087E-02
  153   2.1424E-02
  154   1.9032E-02
  155   1.5470E-02
  156   1.2819E-02
  157   1.1048E-02
  158   9.0530E-03
  159   7.5200E-03
  160   6.2320E-03
  161   4.9630E-03
  162   3.9680E-03
  163   3.1210E-03
  164   2.7290E-03
  165   2.0680E-03
  166   1.6070E-03
  167   1.3210E-03
  168   1.0610E-03
  169   7.9200E-04
  170   6.1600E-04
  171   4.5700E-04
  172   3.3700E-04
  173   2.4300E-04
  174   2.1500E-04
  175   1.3200E-04
  176   1.0400E-04
  177   1.0200E-04
  178   4.5000E-05
  179   4.2000E-05
  180   3.8000E-05
  181   2.2000E-05
  182   2.1000E-05
  183   7.0000E-06
  184   5.0000E-06
  185   4.0000E-06
  186   6.0000E-06
  188   2.0000E-06
  189   2.0000E-06
