   61   3.0000E-06
   62   2.0000E-06
   68   2.0000E-06
   70   2.0000E-06
   71   4.0000E-06
   72   5.0000E-06
   73   5.0000E-06
   74   5.0000E-06
   75   5.0000E-06
   76   7.0000E-06
   77   8.0000E-06
   78   1.2000E-05
   79   1.1000E-05
   80   2.4000E-05
   81   2.1000E-05
   82   3.9000E-05
   83   3.5000E-05
   84   6.4000E-05
   85   6.6000E-05
   86   9.3000E-05
   87   1.3200E-04
   88   1.9700E-04
   89   2.5300E-04
   90   2.7700E-04
   91   3.8500E-04
   92   5.3200E-04
   93   7.2200E-04
   94   8.6400E-04
   95   1.1410E-03
   96   1.3980E-03
   97   1.8220E-03
   98   2.4760E-03
   99   2.9470E-03
  100   3.5770E-03
  101   4.6580E-03
  102   5.9210E-03
  103   7.2490E-03
  104   8.9220E-03
  105   1.0699E-02
  106   1.2784E-02
  107   1.5563E-02
  108   1.8591E-02
  109   2.1704E-02
  110   2.4846E-02
  111   2.8742E-02
  112   3.2439E-02
  113   3.6127E-02
  114   4.0011E-02
  115   4.3078E-02
  116   4.6121E-02
  117   4.8622E-02
  118   5.0849E-02
  119   5.1678E-02
  120   5.2073E-02
  121   5.1903E-02
  122   5.0417E-02
  123   4.8716E-02
  124   4.6388E-02
  125   4.3816E-02
  126   4.1387E-02
  127   3.8531E-02
  128   3.4304E-02
  129   2.9953E-02
  130   2.5370E-02
  131   2.2736E-02
  132   2.5370E-02
  133   2.9953E-02
  134   3.4304E-02
  135   3.8531E-02
  136   4.1387E-02
  137   4.3816E-02
  138   4.6388E-02
  139   4.8716E-02
  140   5.0417E-02
  141   5.1903E-02
  142   5.2073E-02
  143   5.1678E-02
  144   5.0849E-02
  145   4.8622E-02
  146   4.6121E-02
  147   4.3078E-02
  148   4.0011E-02
  149   3.6127E-02
  150   3.2439E-02
  151   2.8742E-02
  152   2.4846E-02
  153   2.1704E-02
  154   1.8591E-02
  155   1.5563E-02
  156   1.2784E-02
  157   1.0699E-02
  158   8.9220E-03
  159   7.2490E-03
  160   5.9210E-03
  161   4.6580E-03
  162   3.5770E-03
  163   2.9470E-03
  164   2.4760E-03
  165   1.8220E-03
  166   1.3980E-03
  167   1.1410E-03
  168   8.6400E-04
  169   7.2200E-04
  170   5.3200E-04
  171   3.8500E-04
  172   2.7700E-04
  173   2.5300E-04
  174   1.9700E-04
  175   1.3200E-04
  176   9.3000E-05
  177   6.6000E-05
  178   6.4000E-05
  179   3.5000E-05
  180   3.9000E-05
  181   2.1000E-05
  182   2.4000E-05
  183   1.1000E-05
  184   1.2000E-05
  185   8.0000E-06
  186   7.0000E-06
  187   5.0000E-06
  188   5.0000E-06
  189   5.0000E-06
  190   5.0000E-06
