   44   3.0000E-06
   46   4.0000E-06
   48   5.0000E-06
   49   7.0000E-06
   50   2.0000E-06
   52   3.0000E-06
   53   4.0000E-06
   54   6.0000E-06
   55   4.0000E-06
   56   1.4000E-05
   57   1.0000E-05
   58   1.2000E-05
   59   8.0000E-06
   60   1.8000E-05
   61   1.3000E-05
   62   4.0000E-05
   63   2.7000E-05
   64   3.6000E-05
   65   4.2000E-05
   66   4.8000E-05
   67   5.7000E-05
   68   7.0000E-05
   69   6.8000E-05
   70   8.6000E-05
   71   8.6000E-05
   72   9.9000E-05
   73   1.0700E-04
   74   1.4900E-04
   75   1.7300E-04
   76   1.8200E-04
   77   1.6400E-04
   78   2.1400E-04
   79   2.4100E-04
   80   2.6800E-04
   81   3.3700E-04
   82   3.7600E-04
   83   3.8700E-04
   84   4.6700E-04
   85   4.9700E-04
   86   5.0800E-04
   87   6.1600E-04
   88   7.1200E-04
   89   7.4700E-04
   90   9.3900E-04
   91   1.0530E-03
   92   1.1870E-03
   93   1.3210E-03
   94   1.5520E-03
   95   1.8320E-03
   96   2.1630E-03
   97   2.5790E-03
   98   3.0030E-03
   99   3.5120E-03
  100   4.3050E-03
  101   4.9700E-03
  102   5.7660E-03
  103   7.0620E-03
  104   8.7450E-03
  105   9.6620E-03
  106   1.1664E-02
  107   1.3513E-02
  108   1.5780E-02
  109   1.8096E-02
  110   2.1042E-02
  111   2.3467E-02
  112   2.6484E-02
  113   2.9563E-02
  114   3.2686E-02
  115   3.5532E-02
  116   3.8305E-02
  117   4.0932E-02
  118   4.3288E-02
  119   4.5072E-02
  120   4.6472E-02
  121   4.7228E-02
  122   4.7555E-02
  123   4.7052E-02
  124   4.6486E-02
  125   4.5227E-02
  126   4.3582E-02
  127   4.2701E-02
  128   4.0186E-02
  129   3.8229E-02
  130   3.5434E-02
  131   3.2310E-02
  132   3.0013E-02
  133   3.0805E-02
  134   3.3809E-02
  135   3.6838E-02
  136   3.9446E-02
  137   4.1212E-02
  138   4.3326E-02
  139   4.4418E-02
  140   4.6001E-02
  141   4.6876E-02
  142   4.7255E-02
  143   4.7863E-02
  144   4.6788E-02
  145   4.6033E-02
  146   4.4610E-02
  147   4.2194E-02
  148   3.9605E-02
  149   3.7445E-02
  150   3.4268E-02
  151   3.1293E-02
  152   2.8478E-02
  153   2.5091E-02
  154   2.2502E-02
  155   1.9880E-02
  156   1.7298E-02
  157   1.4701E-02
  158   1.2726E-02
  159   1.0952E-02
  160   9.3120E-03
  161   8.1580E-03
  162   6.6390E-03
  163   5.4460E-03
  164   4.6440E-03
  165   4.1230E-03
  166   3.2870E-03
  167   2.9110E-03
  168   2.4080E-03
  169   2.0770E-03
  170   1.8100E-03
  171   1.4700E-03
  172   1.2600E-03
  173   1.1580E-03
  174   1.0340E-03
  175   8.9600E-04
  176   7.3900E-04
  177   6.9500E-04
  178   6.0100E-04
  179   5.1000E-04
  180   4.9700E-04
  181   4.5700E-04
  182   3.8400E-04
  183   3.7300E-04
  184   3.3300E-04
  185   2.6500E-04
  186   2.4200E-04
  187   2.1700E-04
  188   1.6800E-04
  189   1.7800E-04
  190   1.7100E-04
