   44   2.0000E-06
   48   2.0000E-06
   51   4.0000E-06
   52   6.0000E-06
   53   5.0000E-06
   54   3.0000E-06
   55   5.0000E-06
   56   1.2000E-05
   57   9.0000E-06
   58   9.0000E-06
   59   1.3000E-05
   60   1.3000E-05
   61   1.1000E-05
   62   2.5000E-05
   63   1.8000E-05
   64   2.6000E-05
   65   2.7000E-05
   66   3.2000E-05
   67   4.4000E-05
   68   4.7000E-05
   69   4.7000E-05
   70   4.2000E-05
   71   5.7000E-05
   72   6.2000E-05
   73   6.8000E-05
   74   7.6000E-05
   75   9.1000E-05
   76   1.1100E-04
   77   1.1000E-04
   78   1.3500E-04
   79   1.6000E-04
   80   1.7200E-04
   81   1.7800E-04
   82   2.0200E-04
   83   2.1800E-04
   84   2.7300E-04
   85   2.8200E-04
   86   3.5000E-04
   87   3.7500E-04
   88   4.8800E-04
   89   4.8400E-04
   90   6.3700E-04
   91   6.6000E-04
   92   8.1600E-04
   93   9.8400E-04
   94   1.2560E-03
   95   1.4990E-03
   96   1.8200E-03
   97   2.1930E-03
   98   2.8630E-03
   99   3.2920E-03
  100   4.2020E-03
  101   5.0670E-03
  102   6.1920E-03
  103   7.5540E-03
  104   9.0630E-03
  105   1.1080E-02
  106   1.2858E-02
  107   1.5206E-02
  108   1.7851E-02
  109   2.0824E-02
  110   2.3675E-02
  111   2.6685E-02
  112   2.9987E-02
  113   3.3285E-02
  114   3.6797E-02
  115   3.9490E-02
  116   4.2566E-02
  117   4.4591E-02
  118   4.6835E-02
  119   4.8216E-02
  120   4.8466E-02
  121   4.9218E-02
  122   4.8735E-02
  123   4.7837E-02
  124   4.6286E-02
  125   4.4205E-02
  126   4.2614E-02
  127   4.0253E-02
  128   3.7932E-02
  129   3.4561E-02
  130   3.1575E-02
  131   2.7994E-02
  132   2.8489E-02
  133   3.2298E-02
  134   3.5323E-02
  135   3.8442E-02
  136   4.0880E-02
  137   4.3138E-02
  138   4.4660E-02
  139   4.6643E-02
  140   4.8212E-02
  141   4.8821E-02
  142   4.9209E-02
  143   4.8423E-02
  144   4.8109E-02
  145   4.6455E-02
  146   4.4046E-02
  147   4.2070E-02
  148   3.8879E-02
  149   3.6109E-02
  150   3.2659E-02
  151   2.9372E-02
  152   2.6188E-02
  153   2.2899E-02
  154   2.0404E-02
  155   1.7304E-02
  156   1.4808E-02
  157   1.2505E-02
  158   1.0666E-02
  159   8.8300E-03
  160   7.3390E-03
  161   5.9240E-03
  162   4.9210E-03
  163   4.0590E-03
  164   3.2140E-03
  165   2.7460E-03
  166   2.0900E-03
  167   1.8130E-03
  168   1.4590E-03
  169   1.2140E-03
  170   9.5000E-04
  171   7.9100E-04
  172   6.6200E-04
  173   6.1700E-04
  174   4.7800E-04
  175   4.7600E-04
  176   3.7600E-04
  177   3.4700E-04
  178   2.7800E-04
  179   2.6100E-04
  180   2.2200E-04
  181   1.9800E-04
  182   1.8200E-04
  183   1.7000E-04
  184   1.5600E-04
  185   1.3700E-04
  186   1.0800E-04
  187   1.1300E-04
  188   8.9000E-05
  189   7.6000E-05
  190   6.8000E-05
