   74   4.0000E-06
   77   2.0000E-06
   78   2.0000E-06
   79   4.0000E-06
   80   1.2000E-05
   81   7.0000E-06
   82   1.1000E-05
   83   1.3000E-05
   84   3.8000E-05
   85   5.0000E-05
   86   5.3000E-05
   87   1.0400E-04
   88   1.2700E-04
   89   1.8100E-04
   90   2.5500E-04
   91   3.3200E-04
   92   4.0000E-04
   93   5.4100E-04
   94   7.1100E-04
   95   8.8300E-04
   96   1.1710E-03
   97   1.4670E-03
   98   1.8600E-03
   99   2.1620E-03
  100   2.8160E-03
  101   3.3070E-03
  102   3.9970E-03
  103   4.9100E-03
  104   6.1170E-03
  105   6.9460E-03
  106   8.3820E-03
  107   1.0039E-02
  108   1.1697E-02
  109   1.4004E-02
  110   1.6628E-02
  111   1.8790E-02
  112   2.1791E-02
  113   2.4889E-02
  114   2.8539E-02
  115   3.1872E-02
  116   3.5088E-02
  117   3.8699E-02
  118   4.2042E-02
  119   4.4803E-02
  120   4.7160E-02
  121   4.9204E-02
  122   5.0526E-02
  123   5.1332E-02
  124   5.0913E-02
  125   4.9844E-02
  126   4.8886E-02
  127   4.6436E-02
  128   4.4456E-02
  129   4.1974E-02
  130   3.8739E-02
  131   3.5804E-02
  132   3.1373E-02
  133   2.7578E-02
  134   2.7578E-02
  135   3.1373E-02
  136   3.5804E-02
  137   3.8739E-02
  138   4.1974E-02
  139   4.4456E-02
  140   4.6436E-02
  141   4.8886E-02
  142   4.9844E-02
  143   5.0913E-02
  144   5.1332E-02
  145   5.0526E-02
  146   4.9204E-02
  147   4.7160E-02
  148   4.4803E-02
  149   4.2042E-02
  150   3.8699E-02
  151   3.5088E-02
  152   3.1872E-02
  153   2.8539E-02
  154   2.4889E-02
  155   2.1791E-02
  156   1.8790E-02
  157   1.6628E-02
  158   1.4004E-02
  159   1.1697E-02
  160   1.0039E-02
  161   8.3820E-03
  162   6.9460E-03
  163   6.1170E-03
  164   4.9100E-03
  165   3.9970E-03
  166   3.3070E-03
  167   2.8160E-03
  168   2.1620E-03
  169   1.8600E-03
  170   1.4670E-03
  171   1.1710E-03
  172   8.8300E-04
  173   7.1100E-04
  174   5.4100E-04
  175   4.0000E-04
  176   3.3200E-04
  177   2.5500E-04
  178   1.8100E-04
  179   1.2700E-04
  180   1.0400E-04
  181   5.3000E-05
  182   5.0000E-05
  183   3.8000E-05
  184   1.3000E-05
  185   1.1000E-05
  186   7.0000E-06
  187   1.2000E-05
  188   4.0000E-06
  189   2.0000E-06
  190   2.0000E-06
