   37   4.0000E-06
   39   2.0000E-06
   41   4.0000E-06
   42   3.0000E-06
   43   4.0000E-06
   45   2.0000E-06
   46   4.0000E-06
   47   7.0000E-06
   48   8.0000E-06
   49   5.0000E-06
   50   9.0000E-06
   51   1.5000E-05
   52   1.6000E-05
   53   1.3000E-05
   54   2.0000E-05
   55   2.9000E-05
   56   3.1000E-05
   57   3.1000E-05
   58   5.4000E-05
   59   5.2000E-05
   60   6.5000E-05
   61   7.3000E-05
   62   7.5000E-05
   63   9.1000E-05
   64   9.4000E-05
   65   1.1300E-04
   66   1.2900E-04
   67   1.3500E-04
   68   2.1600E-04
   69   2.2000E-04
   70   2.4600E-04
   71   2.8100E-04
   72   3.1900E-04
   73   3.7600E-04
   74   3.9600E-04
   75   4.4100E-04
   76   4.9700E-04
   77   5.5300E-04
   78   6.6200E-04
   79   6.7000E-04
   80   7.6200E-04
   81   8.8100E-04
   82   1.0000E-03
   83   1.0440E-03
   84   1.2420E-03
   85   1.3040E-03
   86   1.4320E-03
   87   1.5680E-03
   88   1.8720E-03
   89   1.9930E-03
   90   2.3570E-03
   91   2.5320E-03
   92   2.7570E-03
   93   3.0690E-03
   94   3.4990E-03
   95   3.8900E-03
   96   4.4300E-03
   97   4.9160E-03
   98   5.6180E-03
   99   6.3170E-03
  100   7.2610E-03
  101   8.2330E-03
  102   9.1680E-03
  103   1.0322E-02
  104   1.1913E-02
  105   1.3429E-02
  106   1.5050E-02
  107   1.7161E-02
  108   1.9144E-02
  109   2.1485E-02
  110   2.3594E-02
  111   2.5760E-02
  112   2.8394E-02
  113   3.0981E-02
  114   3.3501E-02
  115   3.5394E-02
  116   3.7843E-02
  117   3.9470E-02
  118   4.1027E-02
  119   4.2334E-02
  120   4.2411E-02
  121   4.2932E-02
  122   4.2951E-02
  123   4.2826E-02
  124   4.1929E-02
  125   4.1128E-02
  126   4.0056E-02
  127   3.8279E-02
  128   3.6743E-02
  129   3.4934E-02
  130   3.2811E-02
  131   3.1083E-02
  132   3.1781E-02
  133   3.3713E-02
  134   3.5903E-02
  135   3.7724E-02
  136   3.9316E-02
  137   4.0761E-02
  138   4.1763E-02
  139   4.2565E-02
  140   4.2961E-02
  141   4.3542E-02
  142   4.3226E-02
  143   4.2732E-02
  144   4.2195E-02
  145   4.0715E-02
  146   3.9393E-02
  147   3.7066E-02
  148   3.5077E-02
  149   3.2843E-02
  150   3.0330E-02
  151   2.7932E-02
  152   2.5192E-02
  153   2.3042E-02
  154   2.0828E-02
  155   1.8846E-02
  156   1.6710E-02
  157   1.4649E-02
  158   1.3128E-02
  159   1.1713E-02
  160   1.0222E-02
  161   8.9500E-03
  162   8.0680E-03
  163   7.2370E-03
  164   6.5670E-03
  165   5.6220E-03
  166   5.0640E-03
  167   4.4930E-03
  168   3.9830E-03
  169   3.6050E-03
  170   3.2690E-03
  171   2.8950E-03
  172   2.6150E-03
  173   2.4550E-03
  174   2.2770E-03
  175   1.9090E-03
  176   1.7920E-03
  177   1.5290E-03
  178   1.3940E-03
  179   1.2990E-03
  180   1.1850E-03
  181   1.0370E-03
  182   9.9700E-04
  183   8.5100E-04
  184   7.5600E-04
  185   6.6300E-04
  186   6.6300E-04
  187   5.3700E-04
  188   4.8800E-04
  189   4.3600E-04
  190   4.0100E-04
