   58   2.0000E-06
   68   6.0000E-06
   71   4.0000E-06
   73   4.0000E-06
   74   7.0000E-06
   75   4.0000E-06
   76   1.4000E-05
   77   7.0000E-06
   78   1.2000E-05
   79   1.7000E-05
   80   2.1000E-05
   81   2.2000E-05
   82   5.3000E-05
   83   5.3000E-05
   84   5.7000E-05
   85   8.5000E-05
   86   1.0300E-04
   87   1.4200E-04
   88   2.1200E-04
   89   2.6300E-04
   90   3.2100E-04
   91   4.1100E-04
   92   6.4300E-04
   93   6.7000E-04
   94   9.6500E-04
   95   1.2360E-03
   96   1.5830E-03
   97   2.0170E-03
   98   2.6200E-03
   99   3.3080E-03
  100   4.0970E-03
  101   5.0560E-03
  102   6.6180E-03
  103   7.9340E-03
  104   9.7720E-03
  105   1.1920E-02
  106   1.4270E-02
  107   1.7178E-02
  108   2.0494E-02
  109   2.3462E-02
  110   2.6927E-02
  111   3.0710E-02
  112   3.4805E-02
  113   3.8385E-02
  114   4.2010E-02
  115   4.5359E-02
  116   4.8090E-02
  117   5.0059E-02
  118   5.1993E-02
  119   5.2593E-02
  120   5.2158E-02
  121   5.1397E-02
  122   4.9486E-02
  123   4.7711E-02
  124   4.5108E-02
  125   4.2089E-02
  126   3.9572E-02
  127   3.5279E-02
  128   3.1220E-02
  129   2.6953E-02
  130   2.2396E-02
  131   2.2396E-02
  132   2.6953E-02
  133   3.1220E-02
  134   3.5279E-02
  135   3.9572E-02
  136   4.2089E-02
  137   4.5108E-02
  138   4.7711E-02
  139   4.9486E-02
  140   5.1397E-02
  141   5.2158E-02
  142   5.2593E-02
  143   5.1993E-02
  144   5.0059E-02
  145   4.8090E-02
  146   4.5359E-02
  147   4.2010E-02
  148   3.8385E-02
  149   3.4805E-02
  150   3.0710E-02
  151   2.6927E-02
  152   2.3462E-02
  153   2.0494E-02
  154   1.7178E-02
  155   1.4270E-02
  156   1.1920E-02
  157   9.7720E-03
  158   7.9340E-03
  159   6.6180E-03
  160   5.0560E-03
  161   4.0970E-03
  162   3.3080E-03
  163   2.6200E-03
  164   2.0170E-03
  165   1.5830E-03
  166   1.2360E-03
  167   9.6500E-04
  168   6.7000E-04
  169   6.4300E-04
  170   4.1100E-04
  171   3.2100E-04
  172   2.6300E-04
  173   2.1200E-04
  174   1.4200E-04
  175   1.0300E-04
  176   8.5000E-05
  177   5.7000E-05
  178   5.3000E-05
  179   5.3000E-05
  180   2.2000E-05
  181   2.1000E-05
  182   1.7000E-05
  183   1.2000E-05
  184   7.0000E-06
  185   1.4000E-05
  186   4.0000E-06
  187   7.0000E-06
  188   4.0000E-06
  190   4.0000E-06
