   60   5.0000E-06
   67   3.0000E-06
   68   4.0000E-06
   70   2.0000E-06
   71   2.0000E-06
   72   7.0000E-06
   73   7.0000E-06
   74   1.0000E-05
   75   1.0000E-05
   76   4.0000E-06
   77   1.1000E-05
   78   1.5000E-05
   79   1.3000E-05
   80   1.6000E-05
   81   2.0000E-05
   82   3.1000E-05
   83   3.8000E-05
   84   4.5000E-05
   85   6.5000E-05
   86   8.2000E-05
   87   9.7000E-05
   88   1.2600E-04
   89   1.6600E-04
   90   2.3100E-04
   91   2.7300E-04
   92   4.0200E-04
   93   4.8800E-04
   94   7.0200E-04
   95   7.9200E-04
   96   9.5600E-04
   97   1.2580E-03
   98   1.6240E-03
   99   2.0000E-03
  100   2.5140E-03
  101   3.2570E-03
  102   3.9810E-03
  103   5.2120E-03
  104   6.4170E-03
  105   7.6920E-03
  106   9.5620E-03
  107   1.1267E-02
  108   1.3772E-02
  109   1.6200E-02
  110   1.9262E-02
  111   2.2184E-02
  112   2.5242E-02
  113   2.8899E-02
  114   3.2586E-02
  115   3.6341E-02
  116   3.9877E-02
  117   4.2856E-02
  118   4.5612E-02
  119   4.8241E-02
  120   5.0049E-02
  121   5.1005E-02
  122   5.1428E-02
  123   5.0916E-02
  124   5.0153E-02
  125   4.8343E-02
  126   4.6593E-02
  127   4.4511E-02
  128   4.2149E-02
  129   3.9082E-02
  130   3.5712E-02
  131   3.1982E-02
  132   2.7560E-02
  133   2.7560E-02
  134   3.1982E-02
  135   3.5712E-02
  136   3.9082E-02
  137   4.2149E-02
  138   4.4511E-02
  139   4.6593E-02
  140   4.8343E-02
  141   5.0153E-02
  142   5.0916E-02
  143   5.1428E-02
  144   5.1005E-02
  145   5.0049E-02
  146   4.8241E-02
  147   4.5612E-02
  148   4.2856E-02
  149   3.9877E-02
  150   3.6341E-02
  151   3.2586E-02
  152   2.8899E-02
  153   2.5242E-02
  154   2.2184E-02
  155   1.9262E-02
  156   1.6200E-02
  157   1.3772E-02
  158   1.1267E-02
  159   9.5620E-03
  160   7.6920E-03
  161   6.4170E-03
  162   5.2120E-03
  163   3.9810E-03
  164   3.2570E-03
  165   2.5140E-03
  166   2.0000E-03
  167   1.6240E-03
  168   1.2580E-03
  169   9.5600E-04
  170   7.9200E-04
  171   7.0200E-04
  172   4.8800E-04
  173   4.0200E-04
  174   2.7300E-04
  175   2.3100E-04
  176   1.6600E-04
  177   1.2600E-04
  178   9.7000E-05
  179   8.2000E-05
  180   6.5000E-05
  181   4.5000E-05
  182   3.8000E-05
  183   3.1000E-05
  184   2.0000E-05
  185   1.6000E-05
  186   1.3000E-05
  187   1.5000E-05
  188   1.1000E-05
  189   4.0000E-06
  190   1.0000E-05
