   52   2.0000E-06
   61   3.0000E-06
   62   3.0000E-06
   64   2.0000E-06
   66   2.0000E-06
   67   3.0000E-06
   68   3.0000E-06
   69   7.0000E-06
   70   1.1000E-05
   71   8.0000E-06
   72   1.1000E-05
   73   8.0000E-06
   74   1.3000E-05
   75   8.0000E-06
   76   1.6000E-05
   77   2.4000E-05
   78   2.4000E-05
   79   2.7000E-05
   80   3.7000E-05
   81   3.7000E-05
   82   4.5000E-05
   83   5.5000E-05
   84   6.9000E-05
   85   8.0000E-05
   86   8.8000E-05
   87   1.1000E-04
   88   1.7900E-04
   89   2.2800E-04
   90   2.6300E-04
   91   3.4900E-04
   92   4.6300E-04
   93   5.9700E-04
   94   7.6400E-04
   95   9.5200E-04
   96   1.1780E-03
   97   1.4640E-03
   98   2.1250E-03
   99   2.5400E-03
  100   3.2360E-03
  101   4.1950E-03
  102   5.2530E-03
  103   6.3400E-03
  104   8.1300E-03
  105   9.7810E-03
  106   1.1403E-02
  107   1.4170E-02
  108   1.6868E-02
  109   1.9665E-02
  110   2.2666E-02
  111   2.6876E-02
  112   2.9844E-02
  113   3.3759E-02
  114   3.7701E-02
  115   4.0641E-02
  116   4.3557E-02
  117   4.6579E-02
  118   4.8537E-02
  119   5.0078E-02
  120   5.0949E-02
  121   5.1327E-02
  122   5.0932E-02
  123   4.9619E-02
  124   4.7757E-02
  125   4.5387E-02
  126   4.3627E-02
  127   4.0720E-02
  128   3.7982E-02
  129   3.4224E-02
  130   3.0535E-02
  131   2.5827E-02
  132   2.5827E-02
  133   3.0535E-02
  134   3.4224E-02
  135   3.7982E-02
  136   4.0720E-02
  137   4.3627E-02
  138   4.5387E-02
  139   4.7757E-02
  140   4.9619E-02
  141   5.0932E-02
  142   5.1327E-02
  143   5.0949E-02
  144   5.0078E-02
  145   4.8537E-02
  146   4.6579E-02
  147   4.3557E-02
  148   4.0641E-02
  149   3.7701E-02
  150   3.3759E-02
  151   2.9844E-02
  152   2.6876E-02
  153   2.2666E-02
  154   1.9665E-02
  155   1.6868E-02
  156   1.4170E-02
  157   1.1403E-02
  158   9.7810E-03
  159   8.1300E-03
  160   6.3400E-03
  161   5.2530E-03
  162   4.1950E-03
  163   3.2360E-03
  164   2.5400E-03
  165   2.1250E-03
  166   1.4640E-03
  167   1.1780E-03
  168   9.5200E-04
  169   7.6400E-04
  170   5.9700E-04
  171   4.6300E-04
  172   3.4900E-04
  173   2.6300E-04
  174   2.2800E-04
  175   1.7900E-04
  176   1.1000E-04
  177   8.8000E-05
  178   8.0000E-05
  179   6.9000E-05
  180   5.5000E-05
  181   4.5000E-05
  182   3.7000E-05
  183   3.7000E-05
  184   2.7000E-05
  185   2.4000E-05
  186   2.4000E-05
  187   1.6000E-05
  188   8.0000E-06
  189   1.3000E-05
  190   8.0000E-06
