   73   2.0000E-06
   74   3.0000E-06
   77   2.0000E-06
   78   3.0000E-06
   79   7.0000E-06
   80   9.0000E-06
   81   1.1000E-05
   82   1.8000E-05
   83   2.9000E-05
   84   4.9000E-05
   85   5.7000E-05
   86   7.6000E-05
   87   1.1300E-04
   88   1.7100E-04
   89   2.1000E-04
   90   3.0800E-04
   91   3.7200E-04
   92   4.4900E-04
   93   6.1000E-04
   94   8.9500E-04
   95   1.0510E-03
   96   1.2500E-03
   97   1.7040E-03
   98   2.1050E-03
   99   2.6130E-03
  100   3.2280E-03
  101   3.7560E-03
  102   4.5870E-03
  103   5.6410E-03
  104   7.1280E-03
  105   8.2590E-03
  106   9.8010E-03
  107   1.2024E-02
  108   1.4018E-02
  109   1.6577E-02
  110   1.9687E-02
  111   2.2051E-02
  112   2.5303E-02
  113   2.8788E-02
  114   3.3014E-02
  115   3.6418E-02
  116   3.9962E-02
  117   4.3525E-02
  118   4.6086E-02
  119   4.8348E-02
  120   4.9930E-02
  121   5.1318E-02
  122   5.2318E-02
  123   5.0951E-02
  124   4.9856E-02
  125   4.8299E-02
  126   4.5934E-02
  127   4.3689E-02
  128   4.0797E-02
  129   3.7826E-02
  130   3.4131E-02
  131   2.9684E-02
  132   2.4915E-02
  133   2.4915E-02
  134   2.9684E-02
  135   3.4131E-02
  136   3.7826E-02
  137   4.0797E-02
  138   4.3689E-02
  139   4.5934E-02
  140   4.8299E-02
  141   4.9856E-02
  142   5.0951E-02
  143   5.2318E-02
  144   5.1318E-02
  145   4.9930E-02
  146   4.8348E-02
  147   4.6086E-02
  148   4.3525E-02
  149   3.9962E-02
  150   3.6418E-02
  151   3.3014E-02
  152   2.8788E-02
  153   2.5303E-02
  154   2.2051E-02
  155   1.9687E-02
  156   1.6577E-02
  157   1.4018E-02
  158   1.2024E-02
  159   9.8010E-03
  160   8.2590E-03
  161   7.1280E-03
  162   5.6410E-03
  163   4.5870E-03
  164   3.7560E-03
  165   3.2280E-03
  166   2.6130E-03
  167   2.1050E-03
  168   1.7040E-03
  169   1.2500E-03
  170   1.0510E-03
  171   8.9500E-04
  172   6.1000E-04
  173   4.4900E-04
  174   3.7200E-04
  175   3.0800E-04
  176   2.1000E-04
  177   1.7100E-04
  178   1.1300E-04
  179   7.6000E-05
  180   5.7000E-05
  181   4.9000E-05
  182   2.9000E-05
  183   1.8000E-05
  184   1.1000E-05
  185   9.0000E-06
  186   7.0000E-06
  187   3.0000E-06
  188   2.0000E-06
