   68   2.0000E-06
   69   3.0000E-06
   70   2.0000E-06
   72   2.0000E-06
   73   3.0000E-06
   74   5.0000E-06
   75   3.0000E-06
   76   9.0000E-06
   77   9.0000E-06
   78   1.0000E-05
   79   1.1000E-05
   80   1.0000E-05
   81   1.2000E-05
   82   1.6000E-05
   83   2.3000E-05
   84   3.9000E-05
   85   3.6000E-05
   86   4.9000E-05
   87   9.1000E-05
   88   9.7000E-05
   89   1.3700E-04
   90   1.9600E-04
   91   2.4700E-04
   92   2.9400E-04
   93   4.1100E-04
   94   5.2500E-04
   95   6.0400E-04
   96   7.8700E-04
   97   1.1130E-03
   98   1.2430E-03
   99   1.6150E-03
  100   2.1320E-03
  101   2.6360E-03
  102   3.1200E-03
  103   3.8090E-03
  104   4.6390E-03
  105   5.8380E-03
  106   7.1200E-03
  107   8.4520E-03
  108   1.0143E-02
  109   1.2427E-02
  110   1.4665E-02
  111   1.6938E-02
  112   1.9958E-02
  113   2.2741E-02
  114   2.5890E-02
  115   2.9474E-02
  116   3.3414E-02
  117   3.6624E-02
  118   3.9695E-02
  119   4.2959E-02
  120   4.5581E-02
  121   4.8161E-02
  122   4.9757E-02
  123   5.0667E-02
  124   5.1421E-02
  125   5.1002E-02
  126   4.9611E-02
  127   4.8411E-02
  128   4.6441E-02
  129   4.4400E-02
  130   4.2139E-02
  131   3.9428E-02
  132   3.6157E-02
  133   3.2226E-02
  134   2.8950E-02
  135   3.2305E-02
  136   3.6228E-02
  137   3.9422E-02
  138   4.2155E-02
  139   4.4494E-02
  140   4.6419E-02
  141   4.8463E-02
  142   4.9673E-02
  143   5.0988E-02
  144   5.1436E-02
  145   5.0673E-02
  146   4.9671E-02
  147   4.8183E-02
  148   4.5521E-02
  149   4.2929E-02
  150   3.9674E-02
  151   3.6549E-02
  152   3.3388E-02
  153   2.9384E-02
  154   2.5883E-02
  155   2.2712E-02
  156   1.9897E-02
  157   1.6898E-02
  158   1.4630E-02
  159   1.2404E-02
  160   1.0081E-02
  161   8.4650E-03
  162   7.0810E-03
  163   5.8270E-03
  164   4.6260E-03
  165   3.8080E-03
  166   3.0960E-03
  167   2.6330E-03
  168   2.1100E-03
  169   1.6150E-03
  170   1.2290E-03
  171   1.1110E-03
  172   7.8100E-04
  173   6.0500E-04
  174   5.2400E-04
  175   4.0700E-04
  176   2.8900E-04
  177   2.5200E-04
  178   1.8600E-04
  179   1.3700E-04
  180   9.7000E-05
  181   9.1000E-05
  182   5.1000E-05
  183   3.4000E-05
  184   3.9000E-05
  185   2.3000E-05
  186   1.6000E-05
  187   1.2000E-05
  188   1.0000E-05
  189   1.1000E-05
  190   1.0000E-05
