   62   2.0000E-06
   63   5.0000E-06
   64   3.0000E-06
   65   3.0000E-06
   66   4.0000E-06
   67   5.0000E-06
   68   5.0000E-06
   69   8.0000E-06
   70   1.3000E-05
   71   5.0000E-06
   72   9.0000E-06
   73   5.0000E-06
   74   1.4000E-05
   75   9.0000E-06
   76   1.8000E-05
   77   2.5000E-05
   78   2.0000E-05
   79   3.2000E-05
   80   3.4000E-05
   81   4.0000E-05
   82   5.9000E-05
   83   5.1000E-05
   84   5.2000E-05
   85   7.8000E-05
   86   8.4000E-05
   87   1.1100E-04
   88   1.2400E-04
   89   1.3000E-04
   90   2.0000E-04
   91   2.3900E-04
   92   3.1200E-04
   93   3.3200E-04
   94   4.4200E-04
   95   5.5500E-04
   96   6.8200E-04
   97   8.5700E-04
   98   1.0270E-03
   99   1.3130E-03
  100   1.6540E-03
  101   2.0260E-03
  102   2.5370E-03
  103   3.0810E-03
  104   3.5770E-03
  105   4.5010E-03
  106   5.7360E-03
  107   6.7840E-03
  108   8.0410E-03
  109   9.6790E-03
  110   1.1437E-02
  111   1.3581E-02
  112   1.5917E-02
  113   1.8277E-02
  114   2.1209E-02
  115   2.3871E-02
  116   2.7194E-02
  117   3.0605E-02
  118   3.3897E-02
  119   3.7272E-02
  120   4.0196E-02
  121   4.2879E-02
  122   4.5438E-02
  123   4.7388E-02
  124   4.9522E-02
  125   5.0031E-02
  126   5.0087E-02
  127   5.0007E-02
  128   4.9068E-02
  129   4.7938E-02
  130   4.6215E-02
  131   4.4283E-02
  132   4.2205E-02
  133   3.9789E-02
  134   3.7057E-02
  135   3.4199E-02
  136   3.4876E-02
  137   3.8073E-02
  138   4.0509E-02
  139   4.2703E-02
  140   4.4814E-02
  141   4.6591E-02
  142   4.8294E-02
  143   4.9696E-02
  144   4.9732E-02
  145   5.0421E-02
  146   5.0069E-02
  147   4.8908E-02
  148   4.6973E-02
  149   4.4646E-02
  150   4.2450E-02
  151   3.9437E-02
  152   3.6212E-02
  153   3.3103E-02
  154   2.9717E-02
  155   2.6186E-02
  156   2.3369E-02
  157   2.0321E-02
  158   1.7589E-02
  159   1.5264E-02
  160   1.3109E-02
  161   1.0983E-02
  162   9.2030E-03
  163   7.6420E-03
  164   6.5680E-03
  165   5.4020E-03
  166   4.2060E-03
  167   3.4140E-03
  168   2.8910E-03
  169   2.4140E-03
  170   1.9000E-03
  171   1.5340E-03
  172   1.2020E-03
  173   9.8400E-04
  174   7.8000E-04
  175   6.3400E-04
  176   5.2700E-04
  177   3.8200E-04
  178   3.2700E-04
  179   2.8500E-04
  180   2.2400E-04
  181   1.7800E-04
  182   1.3200E-04
  183   1.1300E-04
  184   1.0700E-04
  185   7.7000E-05
  186   7.7000E-05
  187   5.6000E-05
  188   4.9000E-05
  189   5.5000E-05
  190   4.1000E-05
