   53   2.0000E-06
   56   3.0000E-06
   58   2.0000E-06
   60   4.0000E-06
   62   3.0000E-06
   63   8.0000E-06
   64   1.0000E-05
   65   1.2000E-05
   66   1.7000E-05
   67   1.7000E-05
   68   1.5000E-05
   69   1.9000E-05
   70   2.2000E-05
   71   1.7000E-05
   72   3.1000E-05
   73   3.6000E-05
   74   3.2000E-05
   75   5.3000E-05
   76   5.6000E-05
   77   6.6000E-05
   78   6.4000E-05
   79   6.4000E-05
   80   8.0000E-05
   81   8.5000E-05
   82   9.8000E-05
   83   1.3200E-04
   84   1.3700E-04
   85   1.7600E-04
   86   2.2000E-04
   87   2.2200E-04
   88   2.5600E-04
   89   3.0100E-04
   90   3.5700E-04
   91   4.2800E-04
   92   4.8400E-04
   93   5.4200E-04
   94   7.4500E-04
   95   8.9300E-04
   96   1.0210E-03
   97   1.2350E-03
   98   1.4890E-03
   99   1.7820E-03
  100   2.1600E-03
  101   2.5780E-03
  102   3.1650E-03
  103   3.8740E-03
  104   4.4300E-03
  105   5.3950E-03
  106   6.4850E-03
  107   7.5860E-03
  108   8.9890E-03
  109   1.0656E-02
  110   1.2538E-02
  111   1.4653E-02
  112   1.6774E-02
  113   1.9409E-02
  114   2.1691E-02
  115   2.5024E-02
  116   2.7788E-02
  117   3.0865E-02
  118   3.3999E-02
  119   3.7267E-02
  120   3.9832E-02
  121   4.2757E-02
  122   4.4452E-02
  123   4.6794E-02
  124   4.7650E-02
  125   4.8332E-02
  126   4.8746E-02
  127   4.8625E-02
  128   4.7800E-02
  129   4.6839E-02
  130   4.5219E-02
  131   4.3567E-02
  132   4.1375E-02
  133   3.8892E-02
  134   3.6095E-02
  135   3.4022E-02
  136   3.5025E-02
  137   3.7915E-02
  138   4.0260E-02
  139   4.2777E-02
  140   4.4453E-02
  141   4.6173E-02
  142   4.7320E-02
  143   4.8508E-02
  144   4.8573E-02
  145   4.8825E-02
  146   4.8125E-02
  147   4.7231E-02
  148   4.5749E-02
  149   4.3516E-02
  150   4.1407E-02
  151   3.8491E-02
  152   3.5559E-02
  153   3.2531E-02
  154   2.9121E-02
  155   2.6383E-02
  156   2.3464E-02
  157   2.0520E-02
  158   1.8025E-02
  159   1.5921E-02
  160   1.3450E-02
  161   1.1618E-02
  162   9.8400E-03
  163   8.3270E-03
  164   6.9730E-03
  165   5.9900E-03
  166   4.8620E-03
  167   4.1690E-03
  168   3.4930E-03
  169   2.8590E-03
  170   2.3380E-03
  171   1.9390E-03
  172   1.6430E-03
  173   1.3170E-03
  174   1.1710E-03
  175   9.4200E-04
  176   7.8700E-04
  177   6.8000E-04
  178   5.1000E-04
  179   4.4800E-04
  180   4.0600E-04
  181   3.3400E-04
  182   2.7800E-04
  183   2.4100E-04
  184   2.1800E-04
  185   2.2300E-04
  186   1.6400E-04
  187   1.3600E-04
  188   1.2800E-04
  189   9.6000E-05
  190   8.7000E-05
