   48   3.0000E-06
   49   2.0000E-06
   50   2.0000E-06
   51   6.0000E-06
   52   4.0000E-06
   53   4.0000E-06
   54   9.0000E-06
   55   2.0000E-05
   56   2.2000E-05
   57   2.4000E-05
   58   3.7000E-05
   59   3.9000E-05
   60   4.9000E-05
   61   6.3000E-05
   62   6.6000E-05
   63   9.1000E-05
   64   1.2500E-04
   65   1.4400E-04
   66   1.7400E-04
   67   2.2000E-04
   68   2.8400E-04
   69   3.6000E-04
   70   3.7500E-04
   71   4.5300E-04
   72   5.5600E-04
   73   6.9700E-04
   74   8.3500E-04
   75   1.0060E-03
   76   1.2460E-03
   77   1.4110E-03
   78   1.6060E-03
   79   1.9240E-03
   80   2.3210E-03
   81   2.6050E-03
   82   3.2230E-03
   83   3.5140E-03
   84   4.1230E-03
   85   4.6950E-03
   86   5.7090E-03
   87   6.2370E-03
   88   7.0870E-03
   89   7.9130E-03
   90   9.2770E-03
   91   1.0175E-02
   92   1.1506E-02
   93   1.2765E-02
   94   1.4131E-02
   95   1.5388E-02
   96   1.7733E-02
   97   1.9022E-02
   98   2.0248E-02
   99   2.2258E-02
  100   2.4192E-02
  101   2.5749E-02
  102   2.7668E-02
  103   2.9413E-02
  104   3.1106E-02
  105   3.2953E-02
  106   3.4518E-02
  107   3.6068E-02
  108   3.7987E-02
  109   3.9227E-02
  110   4.0560E-02
  111   4.2085E-02
  112   4.2883E-02
  113   4.3783E-02
  114   4.4908E-02
  115   4.5482E-02
  116   4.6319E-02
  117   4.6608E-02
  118   4.7665E-02
  119   4.7503E-02
  120   4.7620E-02
  121   4.7681E-02
  122   4.7567E-02
  123   4.6683E-02
  124   4.6221E-02
  125   4.5629E-02
  126   4.4821E-02
  127   4.3842E-02
  128   4.2998E-02
  129   4.1942E-02
  130   4.0690E-02
  131   3.9183E-02
  132   3.7845E-02
  133   3.6019E-02
  134   3.4419E-02
  135   3.2679E-02
  136   3.0983E-02
  137   2.9292E-02
  138   2.7471E-02
  139   2.5604E-02
  140   2.3897E-02
  141   2.1958E-02
  142   2.0037E-02
  143   1.8828E-02
  144   1.7340E-02
  145   1.5148E-02
  146   1.3940E-02
  147   1.2410E-02
  148   1.1320E-02
  149   9.9870E-03
  150   9.0600E-03
  151   7.7730E-03
  152   6.9250E-03
  153   6.1700E-03
  154   5.5250E-03
  155   4.6090E-03
  156   4.0650E-03
  157   3.4250E-03
  158   3.1830E-03
  159   2.5530E-03
  160   2.2520E-03
  161   1.8780E-03
  162   1.5830E-03
  163   1.4000E-03
  164   1.2150E-03
  165   9.7600E-04
  166   8.3100E-04
  167   6.8500E-04
  168   5.3700E-04
  169   4.4600E-04
  170   3.7100E-04
  171   3.5400E-04
  172   2.7300E-04
  173   2.1200E-04
  174   1.8100E-04
  175   1.4000E-04
  176   1.2100E-04
  177   8.9000E-05
  178   6.7000E-05
  179   6.0000E-05
  180   4.8000E-05
  181   3.6000E-05
  182   3.5000E-05
  183   2.4000E-05
  184   2.7000E-05
  185   1.5000E-05
  186   9.0000E-06
  187   6.0000E-06
  188   2.0000E-06
  189   6.0000E-06
  190   2.0000E-06
