   72   2.0000E-06
   73   4.0000E-06
   74   2.0000E-06
   75   5.0000E-06
   76   1.5000E-05
   77   2.7000E-05
   78   6.4000E-05
   79   8.6000E-05
   80   1.5800E-04
   81   2.4200E-04
   82   3.7000E-04
   83   5.6300E-04
   84   9.6300E-04
   85   1.2310E-03
   86   1.6840E-03
   87   2.3720E-03
   88   3.3930E-03
   89   4.0440E-03
   90   5.0480E-03
   91   6.6890E-03
   92   7.9060E-03
   93   9.6590E-03
   94   1.2318E-02
   95   1.4255E-02
   96   1.6321E-02
   97   2.0214E-02
   98   2.4702E-02
   99   2.7842E-02
  100   3.1859E-02
  101   3.6848E-02
  102   4.0561E-02
  103   4.4743E-02
  104   4.9423E-02
  105   5.1185E-02
  106   5.3729E-02
  107   5.4840E-02
  108   5.4521E-02
  109   5.3572E-02
  110   5.1656E-02
  111   4.9483E-02
  112   4.6853E-02
  113   4.4188E-02
  114   4.0446E-02
  115   3.5233E-02
  116   2.9366E-02
  117   2.3195E-02
  118   1.7370E-02
  119   1.2086E-02
  120   7.9750E-03
  121   5.1540E-03
  122   3.0420E-03
  123   1.8010E-03
  124   1.3480E-03
  125   1.8010E-03
  126   3.0420E-03
  127   5.1540E-03
  128   7.9750E-03
  129   1.2086E-02
  130   1.7370E-02
  131   2.3195E-02
  132   2.9366E-02
  133   3.5233E-02
  134   4.0446E-02
  135   4.4188E-02
  136   4.6853E-02
  137   4.9483E-02
  138   5.1656E-02
  139   5.3572E-02
  140   5.4521E-02
  141   5.4840E-02
  142   5.3729E-02
  143   5.1185E-02
  144   4.9423E-02
  145   4.4743E-02
  146   4.0561E-02
  147   3.6848E-02
  148   3.1859E-02
  149   2.7842E-02
  150   2.4702E-02
  151   2.0214E-02
  152   1.6321E-02
  153   1.4255E-02
  154   1.2318E-02
  155   9.6590E-03
  156   7.9060E-03
  157   6.6890E-03
  158   5.0480E-03
  159   4.0440E-03
  160   3.3930E-03
  161   2.3720E-03
  162   1.6840E-03
  163   1.2310E-03
  164   9.6300E-04
  165   5.6300E-04
  166   3.7000E-04
  167   2.4200E-04
  168   1.5800E-04
  169   8.6000E-05
  170   6.4000E-05
  171   2.7000E-05
  172   1.5000E-05
  173   5.0000E-06
  174   2.0000E-06
  175   4.0000E-06
  176   2.0000E-06
