   55   2.0000E-06
   56   6.0000E-06
   57   9.0000E-06
   58   7.0000E-06
   59   7.0000E-06
   60   1.3000E-05
   61   2.0000E-05
   62   1.1000E-05
   63   1.4000E-05
   64   2.4000E-05
   65   2.8000E-05
   66   5.4000E-05
   67   4.5000E-05
   68   5.4000E-05
   69   8.6000E-05
   70   9.2000E-05
   71   1.1000E-04
   72   1.6100E-04
   73   1.7100E-04
   74   2.0900E-04
   75   2.9000E-04
   76   3.7100E-04
   77   4.4300E-04
   78   5.5200E-04
   79   6.5700E-04
   80   8.0300E-04
   81   1.0150E-03
   82   1.4470E-03
   83   1.6130E-03
   84   2.0180E-03
   85   2.5330E-03
   86   3.3590E-03
   87   3.8790E-03
   88   4.9180E-03
   89   5.8150E-03
   90   7.0170E-03
   91   8.7690E-03
   92   1.1048E-02
   93   1.2440E-02
   94   1.4692E-02
   95   1.7167E-02
   96   2.0135E-02
   97   2.2442E-02
   98   2.5664E-02
   99   2.8494E-02
  100   3.0729E-02
  101   3.3705E-02
  102   3.6740E-02
  103   3.8229E-02
  104   3.9592E-02
  105   4.0811E-02
  106   4.1926E-02
  107   4.1940E-02
  108   4.2019E-02
  109   4.2233E-02
  110   4.1843E-02
  111   4.0858E-02
  112   4.0288E-02
  113   3.8860E-02
  114   3.7084E-02
  115   3.4560E-02
  116   3.2344E-02
  117   3.0084E-02
  118   2.8511E-02
  119   2.6995E-02
  120   2.5445E-02
  121   2.4590E-02
  122   2.3851E-02
  123   2.4613E-02
  124   2.5487E-02
  125   2.7063E-02
  126   2.8589E-02
  127   3.0205E-02
  128   3.2528E-02
  129   3.4672E-02
  130   3.7326E-02
  131   3.8989E-02
  132   4.0458E-02
  133   4.0977E-02
  134   4.1925E-02
  135   4.2236E-02
  136   4.2089E-02
  137   4.2062E-02
  138   4.1947E-02
  139   4.0847E-02
  140   3.9493E-02
  141   3.8204E-02
  142   3.6593E-02
  143   3.3615E-02
  144   3.0623E-02
  145   2.8312E-02
  146   2.5519E-02
  147   2.2389E-02
  148   1.9928E-02
  149   1.6997E-02
  150   1.4670E-02
  151   1.2368E-02
  152   1.0932E-02
  153   8.6770E-03
  154   6.9580E-03
  155   5.7460E-03
  156   4.8750E-03
  157   3.8920E-03
  158   3.3130E-03
  159   2.5080E-03
  160   2.0100E-03
  161   1.6020E-03
  162   1.4310E-03
  163   1.0180E-03
  164   7.9200E-04
  165   6.5900E-04
  166   5.4900E-04
  167   4.4600E-04
  168   3.6800E-04
  169   2.8800E-04
  170   2.1300E-04
  171   1.6700E-04
  172   1.6300E-04
  173   1.0800E-04
  174   9.4000E-05
  175   8.4000E-05
  176   5.4000E-05
  177   4.5000E-05
  178   5.4000E-05
  179   2.8000E-05
  180   2.4000E-05
  181   1.4000E-05
  182   1.1000E-05
  183   2.0000E-05
  184   1.3000E-05
  185   7.0000E-06
  186   7.0000E-06
  187   9.0000E-06
  188   6.0000E-06
  189   2.0000E-06
