   64   3.0000E-06
   66   2.0000E-06
   69   3.0000E-06
   70   2.0000E-06
   71   4.0000E-06
   72   5.0000E-06
   73   9.0000E-06
   74   1.7000E-05
   75   2.6000E-05
   76   2.7000E-05
   77   3.6000E-05
   78   6.5000E-05
   79   7.9000E-05
   80   1.5100E-04
   81   2.0400E-04
   82   2.6300E-04
   83   4.3100E-04
   84   6.3600E-04
   85   8.2300E-04
   86   1.0810E-03
   87   1.5380E-03
   88   2.2300E-03
   89   2.8480E-03
   90   3.4590E-03
   91   4.6210E-03
   92   5.8260E-03
   93   7.4510E-03
   94   9.9870E-03
   95   1.1563E-02
   96   1.3839E-02
   97   1.7523E-02
   98   2.1015E-02
   99   2.4162E-02
  100   2.8404E-02
  101   3.2466E-02
  102   3.5705E-02
  103   4.0360E-02
  104   4.4753E-02
  105   4.7210E-02
  106   4.9406E-02
  107   5.1080E-02
  108   5.2322E-02
  109   5.2147E-02
  110   5.1544E-02
  111   5.0062E-02
  112   4.7832E-02
  113   4.6019E-02
  114   4.3483E-02
  115   4.0278E-02
  116   3.6107E-02
  117   3.1066E-02
  118   2.5245E-02
  119   1.9991E-02
  120   1.5152E-02
  121   1.1262E-02
  122   7.8100E-03
  123   5.9990E-03
  124   4.3360E-03
  125   4.3360E-03
  126   5.9990E-03
  127   7.8100E-03
  128   1.1262E-02
  129   1.5152E-02
  130   1.9991E-02
  131   2.5245E-02
  132   3.1066E-02
  133   3.6107E-02
  134   4.0278E-02
  135   4.3483E-02
  136   4.6019E-02
  137   4.7832E-02
  138   5.0062E-02
  139   5.1544E-02
  140   5.2147E-02
  141   5.2322E-02
  142   5.1080E-02
  143   4.9406E-02
  144   4.7210E-02
  145   4.4753E-02
  146   4.0360E-02
  147   3.5705E-02
  148   3.2466E-02
  149   2.8404E-02
  150   2.4162E-02
  151   2.1015E-02
  152   1.7523E-02
  153   1.3839E-02
  154   1.1563E-02
  155   9.9870E-03
  156   7.4510E-03
  157   5.8260E-03
  158   4.6210E-03
  159   3.4590E-03
  160   2.8480E-03
  161   2.2300E-03
  162   1.5380E-03
  163   1.0810E-03
  164   8.2300E-04
  165   6.3600E-04
  166   4.3100E-04
  167   2.6300E-04
  168   2.0400E-04
  169   1.5100E-04
  170   7.9000E-05
  171   6.5000E-05
  172   3.6000E-05
  173   2.7000E-05
  174   2.6000E-05
  175   1.7000E-05
  176   9.0000E-06
  177   5.0000E-06
  178   4.0000E-06
  179   2.0000E-06
  180   3.0000E-06
  183   2.0000E-06
  185   3.0000E-06
