   69   3.0000E-06
   70   2.0000E-06
   71   2.0000E-06
   72   5.0000E-06
   73   9.0000E-06
   74   9.0000E-06
   75   2.4000E-05
   76   3.2000E-05
   77   4.7000E-05
   78   8.3000E-05
   79   1.2900E-04
   80   2.4400E-04
   81   2.9700E-04
   82   4.9400E-04
   83   7.2500E-04
   84   9.6200E-04
   85   1.3340E-03
   86   1.8780E-03
   87   2.3980E-03
   88   3.5100E-03
   89   4.2410E-03
   90   5.4090E-03
   91   6.8380E-03
   92   9.3430E-03
   93   1.1209E-02
   94   1.4057E-02
   95   1.7015E-02
   96   2.0164E-02
   97   2.4294E-02
   98   2.9240E-02
   99   3.2908E-02
  100   3.6648E-02
  101   4.2145E-02
  102   4.6278E-02
  103   4.9114E-02
  104   5.2111E-02
  105   5.4067E-02
  106   5.4341E-02
  107   5.4537E-02
  108   5.3123E-02
  109   5.1579E-02
  110   4.9274E-02
  111   4.6807E-02
  112   4.3813E-02
  113   4.0453E-02
  114   3.4987E-02
  115   2.9140E-02
  116   2.3199E-02
  117   1.7356E-02
  118   1.2335E-02
  119   8.5200E-03
  120   5.6820E-03
  121   3.8550E-03
  122   2.6730E-03
  123   2.0780E-03
  124   2.6730E-03
  125   3.8550E-03
  126   5.6820E-03
  127   8.5200E-03
  128   1.2335E-02
  129   1.7356E-02
  130   2.3199E-02
  131   2.9140E-02
  132   3.4987E-02
  133   4.0453E-02
  134   4.3813E-02
  135   4.6807E-02
  136   4.9274E-02
  137   5.1579E-02
  138   5.3123E-02
  139   5.4537E-02
  140   5.4341E-02
  141   5.4067E-02
  142   5.2111E-02
  143   4.9114E-02
  144   4.6278E-02
  145   4.2145E-02
  146   3.6648E-02
  147   3.2908E-02
  148   2.9240E-02
  149   2.4294E-02
  150   2.0164E-02
  151   1.7015E-02
  152   1.4057E-02
  153   1.1209E-02
  154   9.3430E-03
  155   6.8380E-03
  156   5.4090E-03
  157   4.2410E-03
  158   3.5100E-03
  159   2.3980E-03
  160   1.8780E-03
  161   1.3340E-03
  162   9.6200E-04
  163   7.2500E-04
  164   4.9400E-04
  165   2.9700E-04
  166   2.4400E-04
  167   1.2900E-04
  168   8.3000E-05
  169   4.7000E-05
  170   3.2000E-05
  171   2.4000E-05
  172   9.0000E-06
  173   9.0000E-06
  174   5.0000E-06
  175   2.0000E-06
  176   2.0000E-06
  177   3.0000E-06
