   59   2.0000E-06
   68   2.0000E-06
   70   6.0000E-06
   71   6.0000E-06
   72   6.0000E-06
   73   1.0000E-05
   74   1.3000E-05
   75   2.5000E-05
   76   3.6000E-05
   77   4.4000E-05
   78   9.3000E-05
   79   1.2600E-04
   80   2.1300E-04
   81   2.9500E-04
   82   4.6300E-04
   83   6.2300E-04
   84   8.7800E-04
   85   1.2550E-03
   86   1.7610E-03
   87   2.2670E-03
   88   3.4030E-03
   89   4.1150E-03
   90   5.1880E-03
   91   6.8230E-03
   92   9.3280E-03
   93   1.1040E-02
   94   1.3726E-02
   95   1.6898E-02
   96   2.0105E-02
   97   2.4012E-02
   98   2.9220E-02
   99   3.2414E-02
  100   3.6044E-02
  101   4.1408E-02
  102   4.5765E-02
  103   4.8834E-02
  104   5.0783E-02
  105   5.3470E-02
  106   5.3870E-02
  107   5.3728E-02
  108   5.3329E-02
  109   5.1453E-02
  110   4.9218E-02
  111   4.6504E-02
  112   4.3559E-02
  113   4.0247E-02
  114   3.5584E-02
  115   2.9905E-02
  116   2.4357E-02
  117   1.8477E-02
  118   1.3635E-02
  119   9.5880E-03
  120   6.6970E-03
  121   4.5940E-03
  122   3.1990E-03
  123   2.6500E-03
  124   3.1990E-03
  125   4.5940E-03
  126   6.6970E-03
  127   9.5880E-03
  128   1.3635E-02
  129   1.8477E-02
  130   2.4357E-02
  131   2.9905E-02
  132   3.5584E-02
  133   4.0247E-02
  134   4.3559E-02
  135   4.6504E-02
  136   4.9218E-02
  137   5.1453E-02
  138   5.3329E-02
  139   5.3728E-02
  140   5.3870E-02
  141   5.3470E-02
  142   5.0783E-02
  143   4.8834E-02
  144   4.5765E-02
  145   4.1408E-02
  146   3.6044E-02
  147   3.2414E-02
  148   2.9220E-02
  149   2.4012E-02
  150   2.0105E-02
  151   1.6898E-02
  152   1.3726E-02
  153   1.1040E-02
  154   9.3280E-03
  155   6.8230E-03
  156   5.1880E-03
  157   4.1150E-03
  158   3.4030E-03
  159   2.2670E-03
  160   1.7610E-03
  161   1.2550E-03
  162   8.7800E-04
  163   6.2300E-04
  164   4.6300E-04
  165   2.9500E-04
  166   2.1300E-04
  167   1.2600E-04
  168   9.3000E-05
  169   4.4000E-05
  170   3.6000E-05
  171   2.5000E-05
  172   1.3000E-05
  173   1.0000E-05
  174   6.0000E-06
  175   6.0000E-06
  176   6.0000E-06
  178   2.0000E-06
  187   2.0000E-06
