   54   2.0000E-06
   56   2.0000E-06
   58   2.0000E-06
   60   4.0000E-06
   61   2.0000E-06
   63   6.0000E-06
   64   5.0000E-06
   65   6.0000E-06
   66   2.0000E-05
   67   1.7000E-05
   68   2.5000E-05
   69   3.2000E-05
   70   3.2000E-05
   71   3.6000E-05
   72   4.3000E-05
   73   6.7000E-05
   74   6.7000E-05
   75   1.0000E-04
   76   1.2700E-04
   77   1.9500E-04
   78   2.5600E-04
   79   3.1900E-04
   80   4.3500E-04
   81   6.7400E-04
   82   9.1800E-04
   83   1.1280E-03
   84   1.4520E-03
   85   2.0760E-03
   86   3.0210E-03
   87   3.7310E-03
   88   4.7730E-03
   89   6.5540E-03
   90   8.2000E-03
   91   1.0447E-02
   92   1.3440E-02
   93   1.5813E-02
   94   1.8481E-02
   95   2.2720E-02
   96   2.7552E-02
   97   3.0624E-02
   98   3.4783E-02
   99   3.8814E-02
  100   4.1896E-02
  101   4.5490E-02
  102   4.9162E-02
  103   4.9624E-02
  104   5.0396E-02
  105   5.1386E-02
  106   5.0559E-02
  107   4.9304E-02
  108   4.7403E-02
  109   4.5850E-02
  110   4.3622E-02
  111   4.0630E-02
  112   3.6997E-02
  113   3.2069E-02
  114   2.7445E-02
  115   2.2327E-02
  116   1.8022E-02
  117   1.4409E-02
  118   1.1445E-02
  119   9.5070E-03
  120   8.1890E-03
  121   7.2450E-03
  122   7.2450E-03
  123   8.1890E-03
  124   9.5070E-03
  125   1.1445E-02
  126   1.4409E-02
  127   1.8022E-02
  128   2.2327E-02
  129   2.7445E-02
  130   3.2069E-02
  131   3.6997E-02
  132   4.0630E-02
  133   4.3622E-02
  134   4.5850E-02
  135   4.7403E-02
  136   4.9304E-02
  137   5.0559E-02
  138   5.1386E-02
  139   5.0396E-02
  140   4.9624E-02
  141   4.9162E-02
  142   4.5490E-02
  143   4.1896E-02
  144   3.8814E-02
  145   3.4783E-02
  146   3.0624E-02
  147   2.7552E-02
  148   2.2720E-02
  149   1.8481E-02
  150   1.5813E-02
  151   1.3440E-02
  152   1.0447E-02
  153   8.2000E-03
  154   6.5540E-03
  155   4.7730E-03
  156   3.7310E-03
  157   3.0210E-03
  158   2.0760E-03
  159   1.4520E-03
  160   1.1280E-03
  161   9.1800E-04
  162   6.7400E-04
  163   4.3500E-04
  164   3.1900E-04
  165   2.5600E-04
  166   1.9500E-04
  167   1.2700E-04
  168   1.0000E-04
  169   6.7000E-05
  170   6.7000E-05
  171   4.3000E-05
  172   3.6000E-05
  173   3.2000E-05
  174   3.2000E-05
  175   2.5000E-05
  176   1.7000E-05
  177   2.0000E-05
  178   6.0000E-06
  179   5.0000E-06
  180   6.0000E-06
  182   2.0000E-06
  183   4.0000E-06
  185   2.0000E-06
  187   2.0000E-06
  189   2.0000E-06
