   73   2.0000E-06
   74   3.0000E-06
   75   1.1000E-05
   76   2.1000E-05
   77   3.1000E-05
   78   7.6000E-05
   79   9.3000E-05
   80   1.7000E-04
   81   2.7100E-04
   82   3.8800E-04
   83   6.1900E-04
   84   9.2900E-04
   85   1.2170E-03
   86   1.6260E-03
   87   2.3140E-03
   88   3.3580E-03
   89   4.0550E-03
   90   4.9990E-03
   91   6.1750E-03
   92   7.8640E-03
   93   9.5650E-03
   94   1.2231E-02
   95   1.4376E-02
   96   1.6359E-02
   97   2.0196E-02
   98   2.4667E-02
   99   2.7361E-02
  100   3.1335E-02
  101   3.6631E-02
  102   3.9994E-02
  103   4.4520E-02
  104   4.8650E-02
  105   5.1391E-02
  106   5.2843E-02
  107   5.4473E-02
  108   5.4519E-02
  109   5.3246E-02
  110   5.1298E-02
  111   4.9655E-02
  112   4.6640E-02
  113   4.3986E-02
  114   4.0991E-02
  115   3.6020E-02
  116   3.0112E-02
  117   2.4193E-02
  118   1.7760E-02
  119   1.2855E-02
  120   8.4030E-03
  121   5.4430E-03
  122   3.3110E-03
  123   1.9850E-03
  124   1.4900E-03
  125   1.9850E-03
  126   3.3110E-03
  127   5.4430E-03
  128   8.4030E-03
  129   1.2855E-02
  130   1.7760E-02
  131   2.4193E-02
  132   3.0112E-02
  133   3.6020E-02
  134   4.0991E-02
  135   4.3986E-02
  136   4.6640E-02
  137   4.9655E-02
  138   5.1298E-02
  139   5.3246E-02
  140   5.4519E-02
  141   5.4473E-02
  142   5.2843E-02
  143   5.1391E-02
  144   4.8650E-02
  145   4.4520E-02
  146   3.9994E-02
  147   3.6631E-02
  148   3.1335E-02
  149   2.7361E-02
  150   2.4667E-02
  151   2.0196E-02
  152   1.6359E-02
  153   1.4376E-02
  154   1.2231E-02
  155   9.5650E-03
  156   7.8640E-03
  157   6.1750E-03
  158   4.9990E-03
  159   4.0550E-03
  160   3.3580E-03
  161   2.3140E-03
  162   1.6260E-03
  163   1.2170E-03
  164   9.2900E-04
  165   6.1900E-04
  166   3.8800E-04
  167   2.7100E-04
  168   1.7000E-04
  169   9.3000E-05
  170   7.6000E-05
  171   3.1000E-05
  172   2.1000E-05
  173   1.1000E-05
  174   3.0000E-06
  175   2.0000E-06
