   62   3.0000E-06
   64   2.0000E-06
   65   3.0000E-06
   66   2.0000E-06
   67   2.0000E-06
   68   7.0000E-06
   69   1.4000E-05
   70   9.0000E-06
   71   2.2000E-05
   72   2.3000E-05
   73   3.0000E-05
   74   3.4000E-05
   75   4.0000E-05
   76   7.5000E-05
   77   9.9000E-05
   78   1.2300E-04
   79   1.9900E-04
   80   2.4300E-04
   81   3.5900E-04
   82   5.2700E-04
   83   7.5400E-04
   84   9.9200E-04
   85   1.4450E-03
   86   1.9710E-03
   87   2.6210E-03
   88   3.6660E-03
   89   4.6280E-03
   90   6.0340E-03
   91   7.7410E-03
   92   1.0423E-02
   93   1.2414E-02
   94   1.4904E-02
   95   1.8741E-02
   96   2.2183E-02
   97   2.6069E-02
   98   3.0987E-02
   99   3.4657E-02
  100   3.8424E-02
  101   4.2773E-02
  102   4.6896E-02
  103   4.8898E-02
  104   5.1162E-02
  105   5.2962E-02
  106   5.2596E-02
  107   5.2803E-02
  108   5.1551E-02
  109   4.8993E-02
  110   4.6942E-02
  111   4.4333E-02
  112   4.2151E-02
  113   3.7775E-02
  114   3.2684E-02
  115   2.7753E-02
  116   2.2000E-02
  117   1.7205E-02
  118   1.2831E-02
  119   9.6800E-03
  120   7.3120E-03
  121   5.6480E-03
  122   4.5510E-03
  123   4.5510E-03
  124   5.6480E-03
  125   7.3120E-03
  126   9.6800E-03
  127   1.2831E-02
  128   1.7205E-02
  129   2.2000E-02
  130   2.7753E-02
  131   3.2684E-02
  132   3.7775E-02
  133   4.2151E-02
  134   4.4333E-02
  135   4.6942E-02
  136   4.8993E-02
  137   5.1551E-02
  138   5.2803E-02
  139   5.2596E-02
  140   5.2962E-02
  141   5.1162E-02
  142   4.8898E-02
  143   4.6896E-02
  144   4.2773E-02
  145   3.8424E-02
  146   3.4657E-02
  147   3.0987E-02
  148   2.6069E-02
  149   2.2183E-02
  150   1.8741E-02
  151   1.4904E-02
  152   1.2414E-02
  153   1.0423E-02
  154   7.7410E-03
  155   6.0340E-03
  156   4.6280E-03
  157   3.6660E-03
  158   2.6210E-03
  159   1.9710E-03
  160   1.4450E-03
  161   9.9200E-04
  162   7.5400E-04
  163   5.2700E-04
  164   3.5900E-04
  165   2.4300E-04
  166   1.9900E-04
  167   1.2300E-04
  168   9.9000E-05
  169   7.5000E-05
  170   4.0000E-05
  171   3.4000E-05
  172   3.0000E-05
  173   2.3000E-05
  174   2.2000E-05
  175   9.0000E-06
  176   1.4000E-05
  177   7.0000E-06
  178   2.0000E-06
  179   2.0000E-06
  180   3.0000E-06
  181   2.0000E-06
  183   3.0000E-06
