   61   3.0000E-06
   63   3.0000E-06
   64   5.0000E-06
   65   3.0000E-06
   66   9.0000E-06
   67   8.0000E-06
   68   7.0000E-06
   69   2.0000E-05
   70   2.5000E-05
   71   2.2000E-05
   72   4.9000E-05
   73   4.9000E-05
   74   4.7000E-05
   75   5.6000E-05
   76   1.1700E-04
   77   1.4100E-04
   78   2.0900E-04
   79   2.5900E-04
   80   3.5700E-04
   81   5.3000E-04
   82   8.1600E-04
   83   1.0160E-03
   84   1.4010E-03
   85   1.9750E-03
   86   2.9570E-03
   87   3.5560E-03
   88   4.6560E-03
   89   6.2960E-03
   90   8.2290E-03
   91   1.0250E-02
   92   1.3634E-02
   93   1.5797E-02
   94   1.9031E-02
   95   2.3172E-02
   96   2.8668E-02
   97   3.1738E-02
   98   3.5390E-02
   99   4.0267E-02
  100   4.3802E-02
  101   4.7606E-02
  102   5.1002E-02
  103   5.1815E-02
  104   5.2558E-02
  105   5.2785E-02
  106   5.2178E-02
  107   5.0546E-02
  108   4.9002E-02
  109   4.6635E-02
  110   4.3917E-02
  111   4.0373E-02
  112   3.6623E-02
  113   3.0912E-02
  114   2.5118E-02
  115   2.0124E-02
  116   1.5690E-02
  117   1.1776E-02
  118   9.0720E-03
  119   6.9620E-03
  120   5.7160E-03
  121   4.9910E-03
  122   4.9910E-03
  123   5.7160E-03
  124   6.9620E-03
  125   9.0720E-03
  126   1.1776E-02
  127   1.5690E-02
  128   2.0124E-02
  129   2.5118E-02
  130   3.0912E-02
  131   3.6623E-02
  132   4.0373E-02
  133   4.3917E-02
  134   4.6635E-02
  135   4.9002E-02
  136   5.0546E-02
  137   5.2178E-02
  138   5.2785E-02
  139   5.2558E-02
  140   5.1815E-02
  141   5.1002E-02
  142   4.7606E-02
  143   4.3802E-02
  144   4.0267E-02
  145   3.5390E-02
  146   3.1738E-02
  147   2.8668E-02
  148   2.3172E-02
  149   1.9031E-02
  150   1.5797E-02
  151   1.3634E-02
  152   1.0250E-02
  153   8.2290E-03
  154   6.2960E-03
  155   4.6560E-03
  156   3.5560E-03
  157   2.9570E-03
  158   1.9750E-03
  159   1.4010E-03
  160   1.0160E-03
  161   8.1600E-04
  162   5.3000E-04
  163   3.5700E-04
  164   2.5900E-04
  165   2.0900E-04
  166   1.4100E-04
  167   1.1700E-04
  168   5.6000E-05
  169   4.7000E-05
  170   4.9000E-05
  171   4.9000E-05
  172   2.2000E-05
  173   2.5000E-05
  174   2.0000E-05
  175   7.0000E-06
  176   8.0000E-06
  177   9.0000E-06
  178   3.0000E-06
  179   5.0000E-06
  180   3.0000E-06
  182   3.0000E-06
