   52   2.0000E-06
   55   9.0000E-06
   56   5.0000E-06
   57   1.0000E-05
   58   4.0000E-06
   59   8.0000E-06
   60   2.1000E-05
   61   1.2000E-05
   62   2.6000E-05
   63   3.3000E-05
   64   3.5000E-05
   65   5.5000E-05
   66   6.4000E-05
   67   7.6000E-05
   68   7.4000E-05
   69   9.9000E-05
   70   1.2400E-04
   71   1.6200E-04
   72   2.0100E-04
   73   2.5800E-04
   74   2.5500E-04
   75   3.4500E-04
   76   4.5000E-04
   77   5.5200E-04
   78   6.7500E-04
   79   8.4900E-04
   80   1.1490E-03
   81   1.3000E-03
   82   1.8240E-03
   83   2.1840E-03
   84   2.7570E-03
   85   3.4670E-03
   86   4.7410E-03
   87   5.4900E-03
   88   6.6440E-03
   89   8.5130E-03
   90   1.0654E-02
   91   1.2363E-02
   92   1.5320E-02
   93   1.7675E-02
   94   2.0723E-02
   95   2.3544E-02
   96   2.7454E-02
   97   3.0134E-02
   98   3.3111E-02
   99   3.6061E-02
  100   3.8498E-02
  101   4.0447E-02
  102   4.2490E-02
  103   4.3582E-02
  104   4.3768E-02
  105   4.3943E-02
  106   4.4047E-02
  107   4.2968E-02
  108   4.2223E-02
  109   4.1517E-02
  110   3.9662E-02
  111   3.7775E-02
  112   3.5330E-02
  113   3.1920E-02
  114   2.9125E-02
  115   2.5958E-02
  116   2.4238E-02
  117   2.2317E-02
  118   2.1015E-02
  119   2.0126E-02
  120   1.9478E-02
  121   1.9478E-02
  122   2.0128E-02
  123   2.1013E-02
  124   2.2317E-02
  125   2.4238E-02
  126   2.5964E-02
  127   2.9128E-02
  128   3.1926E-02
  129   3.5323E-02
  130   3.7784E-02
  131   3.9656E-02
  132   4.1531E-02
  133   4.2224E-02
  134   4.2961E-02
  135   4.4052E-02
  136   4.3956E-02
  137   4.3760E-02
  138   4.3588E-02
  139   4.2487E-02
  140   4.0442E-02
  141   3.8503E-02
  142   3.6059E-02
  143   3.3095E-02
  144   3.0138E-02
  145   2.7456E-02
  146   2.3538E-02
  147   2.0728E-02
  148   1.7665E-02
  149   1.5318E-02
  150   1.2365E-02
  151   1.0652E-02
  152   8.5080E-03
  153   6.6420E-03
  154   5.4900E-03
  155   4.7410E-03
  156   3.4670E-03
  157   2.7570E-03
  158   2.1840E-03
  159   1.8240E-03
  160   1.3000E-03
  161   1.1490E-03
  162   8.4900E-04
  163   6.7500E-04
  164   5.5200E-04
  165   4.5000E-04
  166   3.4500E-04
  167   2.5500E-04
  168   2.5800E-04
  169   2.0100E-04
  170   1.6200E-04
  171   1.2400E-04
  172   9.9000E-05
  173   7.4000E-05
  174   7.6000E-05
  175   6.4000E-05
  176   5.5000E-05
  177   3.5000E-05
  178   3.3000E-05
  179   2.6000E-05
  180   1.2000E-05
  181   2.1000E-05
  182   8.0000E-06
  183   4.0000E-06
  184   1.0000E-05
  185   5.0000E-06
  186   9.0000E-06
  189   2.0000E-06
