   61   4.0000E-06
   62   1.1000E-05
   63   7.0000E-06
   64   3.0000E-06
   65   8.0000E-06
   66   1.5000E-05
   67   7.0000E-06
   68   1.2000E-05
   69   1.3000E-05
   70   2.5000E-05
   71   2.9000E-05
   72   3.2000E-05
   73   4.0000E-05
   74   5.4000E-05
   75   7.9000E-05
   76   1.0500E-04
   77   1.2200E-04
   78   2.0300E-04
   79   2.5100E-04
   80   3.3400E-04
   81   4.4400E-04
   82   6.7600E-04
   83   8.4300E-04
   84   1.1350E-03
   85   1.5490E-03
   86   2.0840E-03
   87   2.6770E-03
   88   3.7670E-03
   89   4.6820E-03
   90   5.9400E-03
   91   7.8210E-03
   92   1.0286E-02
   93   1.2132E-02
   94   1.4948E-02
   95   1.8408E-02
   96   2.1500E-02
   97   2.5268E-02
   98   2.9709E-02
   99   3.3404E-02
  100   3.6645E-02
  101   4.0753E-02
  102   4.4783E-02
  103   4.7079E-02
  104   4.8848E-02
  105   5.0235E-02
  106   5.0876E-02
  107   5.0582E-02
  108   4.9773E-02
  109   4.7772E-02
  110   4.6042E-02
  111   4.4278E-02
  112   4.1914E-02
  113   3.7994E-02
  114   3.4327E-02
  115   2.9321E-02
  116   2.4357E-02
  117   1.9930E-02
  118   1.6073E-02
  119   1.2872E-02
  120   1.0464E-02
  121   8.7470E-03
  122   7.6790E-03
  123   7.6790E-03
  124   8.7470E-03
  125   1.0464E-02
  126   1.2872E-02
  127   1.6073E-02
  128   1.9930E-02
  129   2.4357E-02
  130   2.9321E-02
  131   3.4327E-02
  132   3.7994E-02
  133   4.1914E-02
  134   4.4278E-02
  135   4.6042E-02
  136   4.7772E-02
  137   4.9773E-02
  138   5.0582E-02
  139   5.0876E-02
  140   5.0235E-02
  141   4.8848E-02
  142   4.7079E-02
  143   4.4783E-02
  144   4.0753E-02
  145   3.6645E-02
  146   3.3404E-02
  147   2.9709E-02
  148   2.5268E-02
  149   2.1500E-02
  150   1.8408E-02
  151   1.4948E-02
  152   1.2132E-02
  153   1.0286E-02
  154   7.8210E-03
  155   5.9400E-03
  156   4.6820E-03
  157   3.7670E-03
  158   2.6770E-03
  159   2.0840E-03
  160   1.5490E-03
  161   1.1350E-03
  162   8.4300E-04
  163   6.7600E-04
  164   4.4400E-04
  165   3.3400E-04
  166   2.5100E-04
  167   2.0300E-04
  168   1.2200E-04
  169   1.0500E-04
  170   7.9000E-05
  171   5.4000E-05
  172   4.0000E-05
  173   3.2000E-05
  174   2.9000E-05
  175   2.5000E-05
  176   1.3000E-05
  177   1.2000E-05
  178   7.0000E-06
  179   1.5000E-05
  180   8.0000E-06
  181   3.0000E-06
  182   7.0000E-06
  183   1.1000E-05
  184   4.0000E-06
