   56   2.0000E-06
   57   2.0000E-06
   58   2.0000E-06
   59   2.0000E-06
   61   2.0000E-06
   62   4.0000E-06
   63   6.0000E-06
   64   7.0000E-06
   65   1.3000E-05
   66   1.3000E-05
   67   1.8000E-05
   68   3.2000E-05
   69   4.6000E-05
   70   4.2000E-05
   71   6.4000E-05
   72   8.1000E-05
   73   8.5000E-05
   74   1.3600E-04
   75   1.5900E-04
   76   2.1700E-04
   77   2.3500E-04
   78   3.6800E-04
   79   3.7200E-04
   80   4.9300E-04
   81   7.0300E-04
   82   7.3300E-04
   83   9.5100E-04
   84   1.2460E-03
   85   1.5040E-03
   86   1.8710E-03
   87   2.3680E-03
   88   2.9530E-03
   89   3.4720E-03
   90   4.3120E-03
   91   5.2460E-03
   92   6.3130E-03
   93   7.5060E-03
   94   9.3770E-03
   95   1.0683E-02
   96   1.2467E-02
   97   1.4484E-02
   98   1.7078E-02
   99   1.9266E-02
  100   2.1827E-02
  101   2.4407E-02
  102   2.6644E-02
  103   2.9462E-02
  104   3.2156E-02
  105   3.3919E-02
  106   3.5867E-02
  107   3.7271E-02
  108   3.8709E-02
  109   3.9555E-02
  110   4.0329E-02
  111   4.0541E-02
  112   4.0804E-02
  113   4.1239E-02
  114   4.1057E-02
  115   4.0663E-02
  116   3.9762E-02
  117   3.8269E-02
  118   3.7091E-02
  119   3.5889E-02
  120   3.4760E-02
  121   3.3191E-02
  122   3.2142E-02
  123   3.1665E-02
  124   3.1389E-02
  125   3.1636E-02
  126   3.2640E-02
  127   3.3053E-02
  128   3.4903E-02
  129   3.6534E-02
  130   3.7862E-02
  131   3.9021E-02
  132   4.0517E-02
  133   4.1475E-02
  134   4.1995E-02
  135   4.2180E-02
  136   4.1648E-02
  137   4.1541E-02
  138   4.1255E-02
  139   4.0524E-02
  140   3.9677E-02
  141   3.8132E-02
  142   3.6785E-02
  143   3.5077E-02
  144   3.2853E-02
  145   3.0141E-02
  146   2.7544E-02
  147   2.5001E-02
  148   2.2438E-02
  149   2.0104E-02
  150   1.7579E-02
  151   1.5080E-02
  152   1.2962E-02
  153   1.1278E-02
  154   9.6430E-03
  155   7.9890E-03
  156   6.8040E-03
  157   5.5310E-03
  158   4.6010E-03
  159   3.7960E-03
  160   3.0860E-03
  161   2.6160E-03
  162   2.0670E-03
  163   1.6590E-03
  164   1.3500E-03
  165   1.1430E-03
  166   8.7500E-04
  167   6.6400E-04
  168   6.5300E-04
  169   4.3400E-04
  170   3.6500E-04
  171   3.2800E-04
  172   2.1300E-04
  173   2.0400E-04
  174   1.6700E-04
  175   1.1600E-04
  176   9.2000E-05
  177   7.2000E-05
  178   5.8000E-05
  179   4.1000E-05
  180   4.8000E-05
  181   3.1000E-05
  182   1.2000E-05
  183   1.8000E-05
  184   8.0000E-06
  185   9.0000E-06
  186   4.0000E-06
  187   4.0000E-06
  188   2.0000E-06
  190   2.0000E-06
