   53   1.1000E-05
   54   4.0000E-06
   55   3.0000E-06
   56   1.3000E-05
   57   6.0000E-06
   58   1.5000E-05
   59   2.1000E-05
   60   2.4000E-05
   61   1.7000E-05
   62   3.8000E-05
   63   4.3000E-05
   64   5.9000E-05
   65   5.6000E-05
   66   8.5000E-05
   67   9.7000E-05
   68   1.3700E-04
   69   1.3600E-04
   70   1.8300E-04
   71   2.2900E-04
   72   3.0800E-04
   73   3.4500E-04
   74   4.2500E-04
   75   4.7200E-04
   76   6.7000E-04
   77   7.3700E-04
   78   8.6700E-04
   79   1.0610E-03
   80   1.4080E-03
   81   1.7010E-03
   82   2.2430E-03
   83   2.5410E-03
   84   3.0520E-03
   85   3.8720E-03
   86   4.9810E-03
   87   5.7450E-03
   88   6.8160E-03
   89   8.2940E-03
   90   1.0139E-02
   91   1.1881E-02
   92   1.4077E-02
   93   1.6111E-02
   94   1.8564E-02
   95   2.1451E-02
   96   2.4485E-02
   97   2.6371E-02
   98   2.9016E-02
   99   3.1179E-02
  100   3.3632E-02
  101   3.5788E-02
  102   3.7616E-02
  103   3.8430E-02
  104   3.9508E-02
  105   4.0616E-02
  106   4.0589E-02
  107   4.0855E-02
  108   4.0596E-02
  109   4.0362E-02
  110   4.0290E-02
  111   3.8579E-02
  112   3.7373E-02
  113   3.5879E-02
  114   3.3961E-02
  115   3.1953E-02
  116   3.0752E-02
  117   2.9028E-02
  118   2.8879E-02
  119   2.8104E-02
  120   2.7156E-02
  121   2.7154E-02
  122   2.8110E-02
  123   2.8887E-02
  124   2.9022E-02
  125   3.0757E-02
  126   3.1960E-02
  127   3.3972E-02
  128   3.5891E-02
  129   3.7368E-02
  130   3.8602E-02
  131   4.0303E-02
  132   4.0365E-02
  133   4.0604E-02
  134   4.0855E-02
  135   4.0602E-02
  136   4.0598E-02
  137   3.9496E-02
  138   3.8445E-02
  139   3.7635E-02
  140   3.5770E-02
  141   3.3631E-02
  142   3.1165E-02
  143   2.8998E-02
  144   2.6371E-02
  145   2.4495E-02
  146   2.1427E-02
  147   1.8566E-02
  148   1.6098E-02
  149   1.4057E-02
  150   1.1882E-02
  151   1.0144E-02
  152   8.2920E-03
  153   6.8120E-03
  154   5.7420E-03
  155   4.9780E-03
  156   3.8720E-03
  157   3.0540E-03
  158   2.5370E-03
  159   2.2430E-03
  160   1.7030E-03
  161   1.4060E-03
  162   1.0610E-03
  163   8.6700E-04
  164   7.3700E-04
  165   6.7000E-04
  166   4.7200E-04
  167   4.2500E-04
  168   3.4500E-04
  169   3.0800E-04
  170   2.2900E-04
  171   1.8300E-04
  172   1.3600E-04
  173   1.3700E-04
  174   9.7000E-05
  175   8.5000E-05
  176   5.6000E-05
  177   5.9000E-05
  178   4.3000E-05
  179   3.8000E-05
  180   1.7000E-05
  181   2.4000E-05
  182   2.1000E-05
  183   1.5000E-05
  184   6.0000E-06
  185   1.3000E-05
  186   3.0000E-06
  187   4.0000E-06
  188   1.1000E-05
