   64   2.0000E-06
   66   3.0000E-06
   67   3.0000E-06
   68   7.0000E-06
   69   5.0000E-06
   70   5.0000E-06
   71   1.1000E-05
   72   1.3000E-05
   73   1.6000E-05
   74   1.4000E-05
   75   3.5000E-05
   76   4.7000E-05
   77   5.6000E-05
   78   1.0400E-04
   79   1.3600E-04
   80   1.7500E-04
   81   2.8100E-04
   82   4.0300E-04
   83   5.3000E-04
   84   8.4200E-04
   85   1.0750E-03
   86   1.4600E-03
   87   2.0490E-03
   88   2.9350E-03
   89   3.5690E-03
   90   4.4020E-03
   91   5.9250E-03
   92   7.7180E-03
   93   9.7180E-03
   94   1.2309E-02
   95   1.4882E-02
   96   1.7182E-02
   97   2.1014E-02
   98   2.6325E-02
   99   2.8707E-02
  100   3.2797E-02
  101   3.6767E-02
  102   4.1140E-02
  103   4.4612E-02
  104   4.7850E-02
  105   4.9943E-02
  106   5.1487E-02
  107   5.1631E-02
  108   5.2062E-02
  109   5.0463E-02
  110   4.9086E-02
  111   4.7452E-02
  112   4.4712E-02
  113   4.2411E-02
  114   3.9322E-02
  115   3.4906E-02
  116   2.9858E-02
  117   2.4777E-02
  118   1.9308E-02
  119   1.5125E-02
  120   1.1429E-02
  121   8.8350E-03
  122   6.6310E-03
  123   5.4100E-03
  124   5.4100E-03
  125   6.6310E-03
  126   8.8350E-03
  127   1.1429E-02
  128   1.5125E-02
  129   1.9308E-02
  130   2.4777E-02
  131   2.9858E-02
  132   3.4906E-02
  133   3.9322E-02
  134   4.2411E-02
  135   4.4712E-02
  136   4.7452E-02
  137   4.9086E-02
  138   5.0463E-02
  139   5.2062E-02
  140   5.1631E-02
  141   5.1487E-02
  142   4.9943E-02
  143   4.7850E-02
  144   4.4612E-02
  145   4.1140E-02
  146   3.6767E-02
  147   3.2797E-02
  148   2.8707E-02
  149   2.6325E-02
  150   2.1014E-02
  151   1.7182E-02
  152   1.4882E-02
  153   1.2309E-02
  154   9.7180E-03
  155   7.7180E-03
  156   5.9250E-03
  157   4.4020E-03
  158   3.5690E-03
  159   2.9350E-03
  160   2.0490E-03
  161   1.4600E-03
  162   1.0750E-03
  163   8.4200E-04
  164   5.3000E-04
  165   4.0300E-04
  166   2.8100E-04
  167   1.7500E-04
  168   1.3600E-04
  169   1.0400E-04
  170   5.6000E-05
  171   4.7000E-05
  172   3.5000E-05
  173   1.4000E-05
  174   1.6000E-05
  175   1.3000E-05
  176   1.1000E-05
  177   5.0000E-06
  178   5.0000E-06
  179   7.0000E-06
  180   3.0000E-06
  181   3.0000E-06
  183   2.0000E-06
