   53   2.0000E-06
   54   2.0000E-06
   55   1.2000E-05
   56   7.0000E-06
   57   1.5000E-05
   58   1.3000E-05
   59   7.0000E-06
   60   1.7000E-05
   61   3.4000E-05
   62   3.4000E-05
   63   4.6000E-05
   64   6.3000E-05
   65   7.3000E-05
   66   1.0700E-04
   67   1.3300E-04
   68   1.5400E-04
   69   1.8500E-04
   70   2.4600E-04
   71   2.7200E-04
   72   3.7000E-04
   73   4.1400E-04
   74   4.6700E-04
   75   6.2700E-04
   76   7.8000E-04
   77   9.1400E-04
   78   1.0610E-03
   79   1.2100E-03
   80   1.5270E-03
   81   1.7190E-03
   82   2.3560E-03
   83   2.5750E-03
   84   2.9550E-03
   85   3.5000E-03
   86   4.2810E-03
   87   4.7130E-03
   88   5.7010E-03
   89   6.4590E-03
   90   7.5820E-03
   91   8.5910E-03
   92   1.0171E-02
   93   1.1118E-02
   94   1.2558E-02
   95   1.4403E-02
   96   1.6216E-02
   97   1.7737E-02
   98   1.9645E-02
   99   2.1649E-02
  100   2.3033E-02
  101   2.5031E-02
  102   2.7190E-02
  103   2.8497E-02
  104   3.0270E-02
  105   3.1912E-02
  106   3.3745E-02
  107   3.5152E-02
  108   3.6371E-02
  109   3.7979E-02
  110   3.8750E-02
  111   4.0564E-02
  112   4.1226E-02
  113   4.1792E-02
  114   4.2417E-02
  115   4.2833E-02
  116   4.3178E-02
  117   4.4039E-02
  118   4.4305E-02
  119   4.3644E-02
  120   4.4440E-02
  121   4.4394E-02
  122   4.4667E-02
  123   4.4676E-02
  124   4.3981E-02
  125   4.4505E-02
  126   4.4207E-02
  127   4.3544E-02
  128   4.3183E-02
  129   4.2797E-02
  130   4.2154E-02
  131   4.1395E-02
  132   4.0760E-02
  133   3.8897E-02
  134   3.7888E-02
  135   3.6463E-02
  136   3.5095E-02
  137   3.3303E-02
  138   3.1717E-02
  139   3.0050E-02
  140   2.8266E-02
  141   2.6577E-02
  142   2.4302E-02
  143   2.2609E-02
  144   2.0977E-02
  145   1.8984E-02
  146   1.7263E-02
  147   1.5311E-02
  148   1.3775E-02
  149   1.2071E-02
  150   1.0681E-02
  151   9.5300E-03
  152   8.1900E-03
  153   7.1790E-03
  154   6.1610E-03
  155   5.4450E-03
  156   4.5200E-03
  157   4.0280E-03
  158   3.3240E-03
  159   2.8520E-03
  160   2.4710E-03
  161   2.2340E-03
  162   1.6580E-03
  163   1.4480E-03
  164   1.1770E-03
  165   1.0510E-03
  166   8.6700E-04
  167   7.6500E-04
  168   5.7500E-04
  169   4.5500E-04
  170   4.3200E-04
  171   3.4900E-04
  172   2.5300E-04
  173   2.4200E-04
  174   1.8100E-04
  175   1.5200E-04
  176   1.2200E-04
  177   1.0200E-04
  178   6.4000E-05
  179   6.9000E-05
  180   5.2000E-05
  181   1.8000E-05
  182   3.4000E-05
  183   1.9000E-05
  184   5.0000E-06
  185   1.7000E-05
  186   1.1000E-05
  187   9.0000E-06
  188   1.0000E-05
  189   2.0000E-06
  190   2.0000E-06
