   54   2.0000E-06
   60   7.0000E-06
   61   5.0000E-06
   62   1.3000E-05
   63   1.2000E-05
   64   1.4000E-05
   65   1.2000E-05
   66   3.1000E-05
   67   3.8000E-05
   68   4.9000E-05
   69   5.5000E-05
   70   7.0000E-05
   71   9.0000E-05
   72   1.0200E-04
   73   1.3000E-04
   74   2.0400E-04
   75   2.0300E-04
   76   2.7700E-04
   77   3.1900E-04
   78   4.4000E-04
   79   5.4700E-04
   80   6.3500E-04
   81   7.7400E-04
   82   9.4500E-04
   83   1.1470E-03
   84   1.4650E-03
   85   1.7620E-03
   86   2.2380E-03
   87   2.7040E-03
   88   3.4320E-03
   89   3.9650E-03
   90   4.8980E-03
   91   5.7900E-03
   92   6.9690E-03
   93   8.2550E-03
   94   9.9470E-03
   95   1.1469E-02
   96   1.3081E-02
   97   1.5234E-02
   98   1.7569E-02
   99   1.9577E-02
  100   2.2170E-02
  101   2.4339E-02
  102   2.6651E-02
  103   2.9066E-02
  104   3.1479E-02
  105   3.3109E-02
  106   3.4673E-02
  107   3.6588E-02
  108   3.7665E-02
  109   3.8869E-02
  110   3.9347E-02
  111   3.9752E-02
  112   4.0551E-02
  113   4.0831E-02
  114   4.0847E-02
  115   4.0505E-02
  116   3.9892E-02
  117   3.9283E-02
  118   3.8176E-02
  119   3.7104E-02
  120   3.6082E-02
  121   3.5466E-02
  122   3.4968E-02
  123   3.4586E-02
  124   3.4022E-02
  125   3.4999E-02
  126   3.5718E-02
  127   3.6233E-02
  128   3.7310E-02
  129   3.8421E-02
  130   3.9740E-02
  131   4.0798E-02
  132   4.1465E-02
  133   4.1747E-02
  134   4.1675E-02
  135   4.1753E-02
  136   4.0650E-02
  137   4.0227E-02
  138   3.9961E-02
  139   3.8635E-02
  140   3.7378E-02
  141   3.6328E-02
  142   3.4338E-02
  143   3.2167E-02
  144   3.0154E-02
  145   2.7763E-02
  146   2.5210E-02
  147   2.2832E-02
  148   2.0821E-02
  149   1.8323E-02
  150   1.5957E-02
  151   1.3815E-02
  152   1.2079E-02
  153   1.0380E-02
  154   9.0420E-03
  155   7.5070E-03
  156   6.1490E-03
  157   5.3370E-03
  158   4.2960E-03
  159   3.7280E-03
  160   2.9740E-03
  161   2.5420E-03
  162   2.0500E-03
  163   1.6130E-03
  164   1.3120E-03
  165   1.0730E-03
  166   8.6200E-04
  167   7.2200E-04
  168   6.5700E-04
  169   4.7900E-04
  170   4.0700E-04
  171   3.0000E-04
  172   2.6800E-04
  173   1.9700E-04
  174   1.9500E-04
  175   1.2100E-04
  176   1.0200E-04
  177   8.4000E-05
  178   6.9000E-05
  179   5.3000E-05
  180   4.6000E-05
  181   3.6000E-05
  182   2.6000E-05
  183   1.5000E-05
  184   1.4000E-05
  185   9.0000E-06
  186   1.1000E-05
  187   5.0000E-06
  188   7.0000E-06
