   75   2.0000E-06
   76   2.0000E-06
   78   8.0000E-06
   79   1.0000E-05
   80   3.4000E-05
   81   4.4000E-05
   82   7.2000E-05
   83   1.4600E-04
   84   1.8600E-04
   85   3.5700E-04
   86   5.8800E-04
   87   7.3100E-04
   88   1.1950E-03
   89   1.6480E-03
   90   2.2960E-03
   91   2.9230E-03
   92   4.2190E-03
   93   4.9340E-03
   94   6.1630E-03
   95   7.5780E-03
   96   9.1420E-03
   97   1.0520E-02
   98   1.2676E-02
   99   1.3787E-02
  100   1.5568E-02
  101   1.7575E-02
  102   1.9999E-02
  103   2.1629E-02
  104   2.3669E-02
  105   2.6858E-02
  106   2.8951E-02
  107   3.1998E-02
  108   3.5863E-02
  109   3.7960E-02
  110   4.0755E-02
  111   4.3664E-02
  112   4.4851E-02
  113   4.6495E-02
  114   4.6946E-02
  115   4.6332E-02
  116   4.6090E-02
  117   4.4566E-02
  118   4.3459E-02
  119   4.2157E-02
  120   4.0336E-02
  121   3.7929E-02
  122   3.3863E-02
  123   2.9250E-02
  124   2.3850E-02
  125   1.8328E-02
  126   1.3674E-02
  127   9.5800E-03
  128   6.1580E-03
  129   4.7120E-03
  130   6.1650E-03
  131   9.5870E-03
  132   1.3685E-02
  133   1.8361E-02
  134   2.3866E-02
  135   2.9281E-02
  136   3.3867E-02
  137   3.7955E-02
  138   4.0331E-02
  139   4.2177E-02
  140   4.3443E-02
  141   4.4595E-02
  142   4.6120E-02
  143   4.6295E-02
  144   4.6949E-02
  145   4.6534E-02
  146   4.4801E-02
  147   4.3676E-02
  148   4.0756E-02
  149   3.7933E-02
  150   3.5842E-02
  151   3.2003E-02
  152   2.8949E-02
  153   2.6841E-02
  154   2.3676E-02
  155   2.1617E-02
  156   1.9984E-02
  157   1.7582E-02
  158   1.5569E-02
  159   1.3788E-02
  160   1.2661E-02
  161   1.0505E-02
  162   9.1440E-03
  163   7.5620E-03
  164   6.1610E-03
  165   4.9210E-03
  166   4.2060E-03
  167   2.9160E-03
  168   2.2930E-03
  169   1.6440E-03
  170   1.1900E-03
  171   7.2800E-04
  172   5.9000E-04
  173   3.5500E-04
  174   1.8600E-04
  175   1.4600E-04
  176   7.2000E-05
  177   4.4000E-05
  178   3.4000E-05
  179   1.0000E-05
  180   8.0000E-06
  182   2.0000E-06
  183   2.0000E-06
