   62   2.0000E-06
   63   3.0000E-06
   64   2.0000E-06
   67   7.0000E-06
   68   9.0000E-06
   69   9.0000E-06
   70   1.3000E-05
   71   1.6000E-05
   72   2.2000E-05
   73   3.2000E-05
   74   4.8000E-05
   75   4.1000E-05
   76   9.2000E-05
   77   1.0300E-04
   78   1.1300E-04
   79   1.5600E-04
   80   2.4800E-04
   81   2.5300E-04
   82   3.2900E-04
   83   4.8700E-04
   84   6.3900E-04
   85   8.2800E-04
   86   1.0340E-03
   87   1.2390E-03
   88   1.7090E-03
   89   2.0420E-03
   90   2.8820E-03
   91   3.4180E-03
   92   4.2790E-03
   93   5.1500E-03
   94   6.3890E-03
   95   7.5380E-03
   96   9.5660E-03
   97   1.1003E-02
   98   1.3090E-02
   99   1.5260E-02
  100   1.7940E-02
  101   2.0427E-02
  102   2.3212E-02
  103   2.6257E-02
  104   2.8732E-02
  105   3.1860E-02
  106   3.4625E-02
  107   3.7055E-02
  108   3.9188E-02
  109   4.0931E-02
  110   4.2106E-02
  111   4.2894E-02
  112   4.3051E-02
  113   4.3339E-02
  114   4.2584E-02
  115   4.2380E-02
  116   4.1518E-02
  117   4.0524E-02
  118   3.9206E-02
  119   3.7248E-02
  120   3.4651E-02
  121   3.2555E-02
  122   2.9933E-02
  123   2.8098E-02
  124   2.6432E-02
  125   2.4667E-02
  126   2.3657E-02
  127   2.4536E-02
  128   2.6353E-02
  129   2.8469E-02
  130   3.0512E-02
  131   3.2900E-02
  132   3.5927E-02
  133   3.8071E-02
  134   4.0073E-02
  135   4.1368E-02
  136   4.2049E-02
  137   4.3431E-02
  138   4.3433E-02
  139   4.3887E-02
  140   4.3945E-02
  141   4.3501E-02
  142   4.3000E-02
  143   4.1648E-02
  144   3.9432E-02
  145   3.7734E-02
  146   3.5011E-02
  147   3.2361E-02
  148   2.9186E-02
  149   2.6336E-02
  150   2.3588E-02
  151   2.0799E-02
  152   1.8367E-02
  153   1.5329E-02
  154   1.3298E-02
  155   1.1331E-02
  156   9.7070E-03
  157   7.9410E-03
  158   6.4840E-03
  159   5.3650E-03
  160   4.4120E-03
  161   3.6150E-03
  162   2.9140E-03
  163   2.2450E-03
  164   1.7760E-03
  165   1.3530E-03
  166   1.0700E-03
  167   8.9000E-04
  168   6.8400E-04
  169   5.4100E-04
  170   4.0700E-04
  171   2.9000E-04
  172   2.3900E-04
  173   2.0400E-04
  174   1.3500E-04
  175   1.2400E-04
  176   9.7000E-05
  177   7.4000E-05
  178   4.6000E-05
  179   3.5000E-05
  180   2.9000E-05
  181   2.0000E-05
  182   1.6000E-05
  183   1.5000E-05
  184   7.0000E-06
  185   9.0000E-06
  186   7.0000E-06
  189   2.0000E-06
  190   3.0000E-06
