   74   3.0000E-06
   75   2.0000E-06
   76   6.0000E-06
   77   1.9000E-05
   78   1.6000E-05
   79   5.2000E-05
   80   7.3000E-05
   81   1.3500E-04
   82   1.9200E-04
   83   3.1600E-04
   84   4.7300E-04
   85   7.3700E-04
   86   1.1370E-03
   87   1.6750E-03
   88   2.1400E-03
   89   2.9180E-03
   90   4.3160E-03
   91   4.9660E-03
   92   6.1750E-03
   93   7.7260E-03
   94   9.2610E-03
   95   1.0510E-02
   96   1.2791E-02
   97   1.4460E-02
   98   1.5833E-02
   99   1.8379E-02
  100   2.1534E-02
  101   2.3597E-02
  102   2.6847E-02
  103   3.0808E-02
  104   3.3539E-02
  105   3.7754E-02
  106   4.1987E-02
  107   4.4280E-02
  108   4.6513E-02
  109   4.9376E-02
  110   5.0094E-02
  111   5.0388E-02
  112   4.9679E-02
  113   4.8550E-02
  114   4.6894E-02
  115   4.5239E-02
  116   4.3465E-02
  117   4.0967E-02
  118   3.7094E-02
  119   3.2157E-02
  120   2.6184E-02
  121   2.0386E-02
  122   1.4935E-02
  123   1.0139E-02
  124   6.6870E-03
  125   4.1340E-03
  126   2.4440E-03
  127   2.4440E-03
  128   4.1340E-03
  129   6.6870E-03
  130   1.0139E-02
  131   1.4935E-02
  132   2.0386E-02
  133   2.6184E-02
  134   3.2157E-02
  135   3.7094E-02
  136   4.0967E-02
  137   4.3465E-02
  138   4.5239E-02
  139   4.6894E-02
  140   4.8550E-02
  141   4.9679E-02
  142   5.0388E-02
  143   5.0094E-02
  144   4.9376E-02
  145   4.6513E-02
  146   4.4280E-02
  147   4.1987E-02
  148   3.7754E-02
  149   3.3539E-02
  150   3.0808E-02
  151   2.6847E-02
  152   2.3597E-02
  153   2.1534E-02
  154   1.8379E-02
  155   1.5833E-02
  156   1.4460E-02
  157   1.2791E-02
  158   1.0510E-02
  159   9.2610E-03
  160   7.7260E-03
  161   6.1750E-03
  162   4.9660E-03
  163   4.3160E-03
  164   2.9180E-03
  165   2.1400E-03
  166   1.6750E-03
  167   1.1370E-03
  168   7.3700E-04
  169   4.7300E-04
  170   3.1600E-04
  171   1.9200E-04
  172   1.3500E-04
  173   7.3000E-05
  174   5.2000E-05
  175   1.6000E-05
  176   1.9000E-05
  177   6.0000E-06
  178   2.0000E-06
  179   3.0000E-06
