   78   8.0000E-06
   79   7.0000E-06
   80   1.5000E-05
   81   2.7000E-05
   82   9.2000E-05
   83   1.1500E-04
   84   1.8800E-04
   85   3.0900E-04
   86   5.6400E-04
   87   7.8600E-04
   88   1.2090E-03
   89   1.9290E-03
   90   2.6270E-03
   91   3.6320E-03
   92   5.4150E-03
   93   6.6780E-03
   94   8.1990E-03
   95   1.0597E-02
   96   1.2281E-02
   97   1.4185E-02
   98   1.7205E-02
   99   1.7892E-02
  100   1.9369E-02
  101   2.1384E-02
  102   2.2966E-02
  103   2.3634E-02
  104   2.4912E-02
  105   2.6485E-02
  106   2.7645E-02
  107   2.9986E-02
  108   3.2597E-02
  109   3.4131E-02
  110   3.6348E-02
  111   3.8784E-02
  112   4.0567E-02
  113   4.1823E-02
  114   4.2826E-02
  115   4.2946E-02
  116   4.2263E-02
  117   4.2146E-02
  118   4.1282E-02
  119   4.0022E-02
  120   3.9326E-02
  121   3.7854E-02
  122   3.4959E-02
  123   3.0773E-02
  124   2.5929E-02
  125   1.9975E-02
  126   1.4508E-02
  127   1.0077E-02
  128   6.4710E-03
  129   4.0310E-03
  130   4.0310E-03
  131   6.4710E-03
  132   1.0077E-02
  133   1.4508E-02
  134   1.9975E-02
  135   2.5929E-02
  136   3.0773E-02
  137   3.4959E-02
  138   3.7854E-02
  139   3.9326E-02
  140   4.0022E-02
  141   4.1282E-02
  142   4.2146E-02
  143   4.2263E-02
  144   4.2946E-02
  145   4.2826E-02
  146   4.1823E-02
  147   4.0567E-02
  148   3.8784E-02
  149   3.6348E-02
  150   3.4131E-02
  151   3.2597E-02
  152   2.9986E-02
  153   2.7645E-02
  154   2.6485E-02
  155   2.4912E-02
  156   2.3634E-02
  157   2.2966E-02
  158   2.1384E-02
  159   1.9369E-02
  160   1.7892E-02
  161   1.7205E-02
  162   1.4185E-02
  163   1.2281E-02
  164   1.0597E-02
  165   8.1990E-03
  166   6.6780E-03
  167   5.4150E-03
  168   3.6320E-03
  169   2.6270E-03
  170   1.9290E-03
  171   1.2090E-03
  172   7.8600E-04
  173   5.6400E-04
  174   3.0900E-04
  175   1.8800E-04
  176   1.1500E-04
  177   9.2000E-05
  178   2.7000E-05
  179   1.5000E-05
  180   7.0000E-06
  181   8.0000E-06
