   72   2.0000E-06
   73   2.0000E-06
   74   4.0000E-06
   75   4.0000E-06
   76   1.1000E-05
   77   1.4000E-05
   78   2.9000E-05
   79   4.2000E-05
   80   7.5000E-05
   81   1.0800E-04
   82   1.7100E-04
   83   2.8400E-04
   84   4.1900E-04
   85   5.6600E-04
   86   8.5900E-04
   87   1.1140E-03
   88   1.4680E-03
   89   2.0010E-03
   90   2.9890E-03
   91   3.4750E-03
   92   4.2630E-03
   93   5.5070E-03
   94   6.8830E-03
   95   8.0820E-03
   96   1.0243E-02
   97   1.2111E-02
   98   1.3844E-02
   99   1.6993E-02
  100   2.0099E-02
  101   2.2688E-02
  102   2.6310E-02
  103   2.9745E-02
  104   3.3851E-02
  105   3.7345E-02
  106   4.1944E-02
  107   4.4642E-02
  108   4.7510E-02
  109   4.9945E-02
  110   5.1055E-02
  111   5.1580E-02
  112   5.0258E-02
  113   4.9811E-02
  114   4.7733E-02
  115   4.6023E-02
  116   4.3901E-02
  117   4.1815E-02
  118   3.8022E-02
  119   3.3898E-02
  120   2.8329E-02
  121   2.2768E-02
  122   1.7579E-02
  123   1.2573E-02
  124   8.9860E-03
  125   5.9660E-03
  126   4.0390E-03
  127   4.0390E-03
  128   5.9660E-03
  129   8.9860E-03
  130   1.2573E-02
  131   1.7579E-02
  132   2.2768E-02
  133   2.8329E-02
  134   3.3898E-02
  135   3.8022E-02
  136   4.1815E-02
  137   4.3901E-02
  138   4.6023E-02
  139   4.7733E-02
  140   4.9811E-02
  141   5.0258E-02
  142   5.1580E-02
  143   5.1055E-02
  144   4.9945E-02
  145   4.7510E-02
  146   4.4642E-02
  147   4.1944E-02
  148   3.7345E-02
  149   3.3851E-02
  150   2.9745E-02
  151   2.6310E-02
  152   2.2688E-02
  153   2.0099E-02
  154   1.6993E-02
  155   1.3844E-02
  156   1.2111E-02
  157   1.0243E-02
  158   8.0820E-03
  159   6.8830E-03
  160   5.5070E-03
  161   4.2630E-03
  162   3.4750E-03
  163   2.9890E-03
  164   2.0010E-03
  165   1.4680E-03
  166   1.1140E-03
  167   8.5900E-04
  168   5.6600E-04
  169   4.1900E-04
  170   2.8400E-04
  171   1.7100E-04
  172   1.0800E-04
  173   7.5000E-05
  174   4.2000E-05
  175   2.9000E-05
  176   1.4000E-05
  177   1.1000E-05
  178   4.0000E-06
  179   4.0000E-06
  180   2.0000E-06
  181   2.0000E-06
