   70   2.0000E-06
   74   7.0000E-06
   75   5.0000E-06
   76   9.0000E-06
   77   1.5000E-05
   78   2.4000E-05
   79   4.9000E-05
   80   8.1000E-05
   81   1.4200E-04
   82   2.0200E-04
   83   3.2600E-04
   84   5.3300E-04
   85   7.3900E-04
   86   1.0200E-03
   87   1.4680E-03
   88   1.9560E-03
   89   2.5670E-03
   90   3.6040E-03
   91   4.3190E-03
   92   5.1540E-03
   93   6.5370E-03
   94   8.2850E-03
   95   9.7870E-03
   96   1.1452E-02
   97   1.3730E-02
   98   1.5781E-02
   99   1.8833E-02
  100   2.2489E-02
  101   2.5637E-02
  102   2.9014E-02
  103   3.2785E-02
  104   3.6409E-02
  105   4.0240E-02
  106   4.4439E-02
  107   4.6471E-02
  108   4.9252E-02
  109   5.0780E-02
  110   5.1546E-02
  111   5.1477E-02
  112   5.0100E-02
  113   4.8834E-02
  114   4.6680E-02
  115   4.4807E-02
  116   4.3163E-02
  117   3.9474E-02
  118   3.4876E-02
  119   2.9414E-02
  120   2.3852E-02
  121   1.8144E-02
  122   1.3313E-02
  123   9.0320E-03
  124   5.8560E-03
  125   3.8010E-03
  126   2.9360E-03
  127   3.8010E-03
  128   5.8560E-03
  129   9.0320E-03
  130   1.3313E-02
  131   1.8144E-02
  132   2.3852E-02
  133   2.9414E-02
  134   3.4876E-02
  135   3.9474E-02
  136   4.3163E-02
  137   4.4807E-02
  138   4.6680E-02
  139   4.8834E-02
  140   5.0100E-02
  141   5.1477E-02
  142   5.1546E-02
  143   5.0780E-02
  144   4.9252E-02
  145   4.6471E-02
  146   4.4439E-02
  147   4.0240E-02
  148   3.6409E-02
  149   3.2785E-02
  150   2.9014E-02
  151   2.5637E-02
  152   2.2489E-02
  153   1.8833E-02
  154   1.5781E-02
  155   1.3730E-02
  156   1.1452E-02
  157   9.7870E-03
  158   8.2850E-03
  159   6.5370E-03
  160   5.1540E-03
  161   4.3190E-03
  162   3.6040E-03
  163   2.5670E-03
  164   1.9560E-03
  165   1.4680E-03
  166   1.0200E-03
  167   7.3900E-04
  168   5.3300E-04
  169   3.2600E-04
  170   2.0200E-04
  171   1.4200E-04
  172   8.1000E-05
  173   4.9000E-05
  174   2.4000E-05
  175   1.5000E-05
  176   9.0000E-06
  177   5.0000E-06
  178   7.0000E-06
  182   2.0000E-06
