   75   3.0000E-06
   76   2.0000E-06
   77   1.2000E-05
   78   1.0000E-05
   79   1.7000E-05
   80   4.1000E-05
   81   8.5000E-05
   82   1.4300E-04
   83   2.1400E-04
   84   3.7000E-04
   85   5.3900E-04
   86   9.0000E-04
   87   1.1800E-03
   88   1.6130E-03
   89   2.3130E-03
   90   3.2970E-03
   91   3.9960E-03
   92   5.1420E-03
   93   6.3350E-03
   94   7.4210E-03
   95   8.9350E-03
   96   1.1352E-02
   97   1.2079E-02
   98   1.3795E-02
   99   1.6228E-02
  100   1.8374E-02
  101   2.0449E-02
  102   2.3757E-02
  103   2.6397E-02
  104   2.8690E-02
  105   3.2661E-02
  106   3.6224E-02
  107   3.9444E-02
  108   4.2044E-02
  109   4.5153E-02
  110   4.7041E-02
  111   4.8406E-02
  112   4.9810E-02
  113   4.8481E-02
  114   4.7652E-02
  115   4.6633E-02
  116   4.5363E-02
  117   4.3374E-02
  118   4.1446E-02
  119   3.8662E-02
  120   3.3973E-02
  121   2.8977E-02
  122   2.3457E-02
  123   1.7408E-02
  124   1.2510E-02
  125   8.6050E-03
  126   5.5900E-03
  127   3.3790E-03
  128   3.3790E-03
  129   5.5900E-03
  130   8.6050E-03
  131   1.2510E-02
  132   1.7408E-02
  133   2.3457E-02
  134   2.8977E-02
  135   3.3973E-02
  136   3.8662E-02
  137   4.1446E-02
  138   4.3374E-02
  139   4.5363E-02
  140   4.6633E-02
  141   4.7652E-02
  142   4.8481E-02
  143   4.9810E-02
  144   4.8406E-02
  145   4.7041E-02
  146   4.5153E-02
  147   4.2044E-02
  148   3.9444E-02
  149   3.6224E-02
  150   3.2661E-02
  151   2.8690E-02
  152   2.6397E-02
  153   2.3757E-02
  154   2.0449E-02
  155   1.8374E-02
  156   1.6228E-02
  157   1.3795E-02
  158   1.2079E-02
  159   1.1352E-02
  160   8.9350E-03
  161   7.4210E-03
  162   6.3350E-03
  163   5.1420E-03
  164   3.9960E-03
  165   3.2970E-03
  166   2.3130E-03
  167   1.6130E-03
  168   1.1800E-03
  169   9.0000E-04
  170   5.3900E-04
  171   3.7000E-04
  172   2.1400E-04
  173   1.4300E-04
  174   8.5000E-05
  175   4.1000E-05
  176   1.7000E-05
  177   1.0000E-05
  178   1.2000E-05
  179   2.0000E-06
  180   3.0000E-06
