   63   2.0000E-06
   72   2.0000E-06
   74   2.0000E-06
   75   6.0000E-06
   76   9.0000E-06
   77   2.0000E-05
   78   2.5000E-05
   79   4.8000E-05
   80   8.6000E-05
   81   1.0300E-04
   82   1.6400E-04
   83   2.3400E-04
   84   3.5800E-04
   85   4.9800E-04
   86   7.0400E-04
   87   9.7100E-04
   88   1.2590E-03
   89   1.7040E-03
   90   2.3360E-03
   91   2.9140E-03
   92   3.7020E-03
   93   4.8530E-03
   94   6.1260E-03
   95   7.5590E-03
   96   9.5230E-03
   97   1.1173E-02
   98   1.3172E-02
   99   1.6281E-02
  100   1.9920E-02
  101   2.2514E-02
  102   2.6102E-02
  103   3.0247E-02
  104   3.3274E-02
  105   3.7753E-02
  106   4.1813E-02
  107   4.4393E-02
  108   4.6757E-02
  109   4.9450E-02
  110   5.0377E-02
  111   5.1283E-02
  112   5.0455E-02
  113   4.9364E-02
  114   4.8041E-02
  115   4.6332E-02
  116   4.4199E-02
  117   4.1455E-02
  118   3.8269E-02
  119   3.4200E-02
  120   2.9304E-02
  121   2.3853E-02
  122   1.9078E-02
  123   1.4251E-02
  124   1.0444E-02
  125   7.5930E-03
  126   5.4120E-03
  127   5.4300E-03
  128   7.6100E-03
  129   1.0470E-02
  130   1.4289E-02
  131   1.9173E-02
  132   2.3922E-02
  133   2.9385E-02
  134   3.4253E-02
  135   3.8344E-02
  136   4.1535E-02
  137   4.4269E-02
  138   4.6322E-02
  139   4.8079E-02
  140   4.9416E-02
  141   5.0458E-02
  142   5.1287E-02
  143   5.0394E-02
  144   4.9354E-02
  145   4.6801E-02
  146   4.4332E-02
  147   4.1759E-02
  148   3.7738E-02
  149   3.3186E-02
  150   3.0193E-02
  151   2.6073E-02
  152   2.2452E-02
  153   1.9862E-02
  154   1.6274E-02
  155   1.3135E-02
  156   1.1154E-02
  157   9.4940E-03
  158   7.5420E-03
  159   6.1000E-03
  160   4.8230E-03
  161   3.6910E-03
  162   2.8990E-03
  163   2.3060E-03
  164   1.7050E-03
  165   1.2450E-03
  166   9.5700E-04
  167   7.0500E-04
  168   4.9100E-04
  169   3.5600E-04
  170   2.3100E-04
  171   1.6400E-04
  172   1.0100E-04
  173   8.6000E-05
  174   4.8000E-05
  175   2.5000E-05
  176   2.0000E-05
  177   9.0000E-06
  178   6.0000E-06
  179   2.0000E-06
  181   2.0000E-06
  190   2.0000E-06
