   62   2.0000E-06
   63   2.0000E-06
   65   4.0000E-06
   67   4.0000E-06
   68   9.0000E-06
   69   4.0000E-06
   70   7.0000E-06
   71   1.8000E-05
   72   1.9000E-05
   73   2.9000E-05
   74   3.9000E-05
   75   4.9000E-05
   76   6.2000E-05
   77   9.5000E-05
   78   9.3000E-05
   79   1.4500E-04
   80   1.7300E-04
   81   2.3600E-04
   82   3.0900E-04
   83   3.6800E-04
   84   4.9600E-04
   85   6.7800E-04
   86   9.1200E-04
   87   1.1680E-03
   88   1.4070E-03
   89   1.9060E-03
   90   2.6400E-03
   91   3.1760E-03
   92   3.8960E-03
   93   4.6690E-03
   94   5.8880E-03
   95   7.1730E-03
   96   8.8470E-03
   97   1.0157E-02
   98   1.1854E-02
   99   1.4216E-02
  100   1.6719E-02
  101   1.8783E-02
  102   2.2175E-02
  103   2.4625E-02
  104   2.7498E-02
  105   3.0649E-02
  106   3.3673E-02
  107   3.6219E-02
  108   3.8465E-02
  109   4.0551E-02
  110   4.1877E-02
  111   4.3061E-02
  112   4.3620E-02
  113   4.3258E-02
  114   4.3162E-02
  115   4.3131E-02
  116   4.2300E-02
  117   4.1462E-02
  118   4.0135E-02
  119   3.8121E-02
  120   3.5811E-02
  121   3.3358E-02
  122   3.0755E-02
  123   2.8262E-02
  124   2.6269E-02
  125   2.4123E-02
  126   2.2926E-02
  127   2.2942E-02
  128   2.4065E-02
  129   2.6182E-02
  130   2.8606E-02
  131   3.1214E-02
  132   3.3852E-02
  133   3.6178E-02
  134   3.9049E-02
  135   4.1126E-02
  136   4.2218E-02
  137   4.3065E-02
  138   4.3271E-02
  139   4.3920E-02
  140   4.4052E-02
  141   4.4244E-02
  142   4.3943E-02
  143   4.2448E-02
  144   4.1036E-02
  145   3.9000E-02
  146   3.6864E-02
  147   3.4183E-02
  148   3.0986E-02
  149   2.8116E-02
  150   2.4936E-02
  151   2.2303E-02
  152   1.9514E-02
  153   1.6981E-02
  154   1.4534E-02
  155   1.2227E-02
  156   1.0501E-02
  157   9.0380E-03
  158   7.4620E-03
  159   6.0020E-03
  160   4.9070E-03
  161   3.9840E-03
  162   3.4110E-03
  163   2.7060E-03
  164   2.0390E-03
  165   1.5200E-03
  166   1.1900E-03
  167   9.5300E-04
  168   7.6700E-04
  169   5.6500E-04
  170   4.0700E-04
  171   3.3000E-04
  172   2.4800E-04
  173   2.0700E-04
  174   1.5500E-04
  175   1.2600E-04
  176   9.2000E-05
  177   8.3000E-05
  178   6.5000E-05
  179   3.9000E-05
  180   4.7000E-05
  181   1.8000E-05
  182   2.5000E-05
  183   1.2000E-05
  184   5.0000E-06
  185   6.0000E-06
  186   7.0000E-06
  187   4.0000E-06
  189   4.0000E-06
