   60   2.0000E-06
   67   2.0000E-06
   69   2.0000E-06
   71   4.0000E-06
   72   6.0000E-06
   73   9.0000E-06
   74   1.2000E-05
   75   1.0000E-05
   76   1.2000E-05
   77   3.4000E-05
   78   6.1000E-05
   79   5.7000E-05
   80   8.5000E-05
   81   1.1800E-04
   82   1.7800E-04
   83   3.1800E-04
   84   4.2800E-04
   85   5.7800E-04
   86   8.3300E-04
   87   1.0890E-03
   88   1.5140E-03
   89   1.8920E-03
   90   2.7460E-03
   91   3.2990E-03
   92   4.1440E-03
   93   5.4930E-03
   94   7.0470E-03
   95   8.4050E-03
   96   1.0288E-02
   97   1.2607E-02
   98   1.4911E-02
   99   1.8129E-02
  100   2.1915E-02
  101   2.4565E-02
  102   2.8069E-02
  103   3.2068E-02
  104   3.5940E-02
  105   3.9430E-02
  106   4.3009E-02
  107   4.5784E-02
  108   4.7651E-02
  109   4.9250E-02
  110   5.0082E-02
  111   5.0158E-02
  112   4.9212E-02
  113   4.8006E-02
  114   4.6350E-02
  115   4.4290E-02
  116   4.2296E-02
  117   3.9705E-02
  118   3.5860E-02
  119   3.1385E-02
  120   2.6373E-02
  121   2.1591E-02
  122   1.7399E-02
  123   1.3637E-02
  124   1.0385E-02
  125   8.0270E-03
  126   6.9090E-03
  127   8.3020E-03
  128   1.0817E-02
  129   1.4236E-02
  130   1.8131E-02
  131   2.2578E-02
  132   2.7517E-02
  133   3.2511E-02
  134   3.6661E-02
  135   4.0883E-02
  136   4.2705E-02
  137   4.4788E-02
  138   4.6639E-02
  139   4.8362E-02
  140   4.9552E-02
  141   5.0306E-02
  142   5.0058E-02
  143   4.8858E-02
  144   4.7590E-02
  145   4.5228E-02
  146   4.2309E-02
  147   3.8858E-02
  148   3.5112E-02
  149   3.1214E-02
  150   2.7233E-02
  151   2.4274E-02
  152   2.1069E-02
  153   1.7538E-02
  154   1.4514E-02
  155   1.2081E-02
  156   9.9270E-03
  157   8.1630E-03
  158   6.6920E-03
  159   5.1930E-03
  160   3.9250E-03
  161   3.1540E-03
  162   2.5540E-03
  163   1.8090E-03
  164   1.4000E-03
  165   1.0000E-03
  166   7.4700E-04
  167   5.2100E-04
  168   3.9300E-04
  169   2.8200E-04
  170   1.7300E-04
  171   1.1400E-04
  172   7.7000E-05
  173   5.3000E-05
  174   5.2000E-05
  175   3.1000E-05
  176   1.2000E-05
  177   1.0000E-05
  178   1.2000E-05
  179   9.0000E-06
  180   6.0000E-06
  181   4.0000E-06
  183   2.0000E-06
  185   2.0000E-06
