   77   3.0000E-06
   78   5.0000E-06
   79   1.0000E-05
   80   2.7000E-05
   81   4.2000E-05
   82   8.4000E-05
   83   1.4000E-04
   84   1.9700E-04
   85   3.7700E-04
   86   6.9400E-04
   87   9.5500E-04
   88   1.4370E-03
   89   2.0290E-03
   90   2.9090E-03
   91   3.8980E-03
   92   5.6990E-03
   93   6.8060E-03
   94   8.3340E-03
   95   1.0534E-02
   96   1.2329E-02
   97   1.3914E-02
   98   1.6083E-02
   99   1.7535E-02
  100   1.8764E-02
  101   2.0438E-02
  102   2.2746E-02
  103   2.3652E-02
  104   2.5324E-02
  105   2.7354E-02
  106   2.9439E-02
  107   3.1749E-02
  108   3.4771E-02
  109   3.6752E-02
  110   3.8587E-02
  111   4.1254E-02
  112   4.2736E-02
  113   4.3773E-02
  114   4.4613E-02
  115   4.4006E-02
  116   4.3293E-02
  117   4.2411E-02
  118   4.1601E-02
  119   4.0353E-02
  120   3.8849E-02
  121   3.6761E-02
  122   3.2992E-02
  123   2.7929E-02
  124   2.2661E-02
  125   1.6841E-02
  126   1.1737E-02
  127   8.0180E-03
  128   4.9070E-03
  129   3.2660E-03
  130   4.9070E-03
  131   8.0180E-03
  132   1.1737E-02
  133   1.6841E-02
  134   2.2661E-02
  135   2.7929E-02
  136   3.2992E-02
  137   3.6761E-02
  138   3.8849E-02
  139   4.0353E-02
  140   4.1601E-02
  141   4.2411E-02
  142   4.3293E-02
  143   4.4006E-02
  144   4.4613E-02
  145   4.3773E-02
  146   4.2736E-02
  147   4.1254E-02
  148   3.8587E-02
  149   3.6752E-02
  150   3.4771E-02
  151   3.1749E-02
  152   2.9439E-02
  153   2.7354E-02
  154   2.5324E-02
  155   2.3652E-02
  156   2.2746E-02
  157   2.0438E-02
  158   1.8764E-02
  159   1.7535E-02
  160   1.6083E-02
  161   1.3914E-02
  162   1.2329E-02
  163   1.0534E-02
  164   8.3340E-03
  165   6.8060E-03
  166   5.6990E-03
  167   3.8980E-03
  168   2.9090E-03
  169   2.0290E-03
  170   1.4370E-03
  171   9.5500E-04
  172   6.9400E-04
  173   3.7700E-04
  174   1.9700E-04
  175   1.4000E-04
  176   8.4000E-05
  177   4.2000E-05
  178   2.7000E-05
  179   1.0000E-05
  180   5.0000E-06
  181   3.0000E-06
