   68   2.0000E-06
   69   2.0000E-06
   71   2.0000E-06
   73   2.0000E-06
   74   8.0000E-06
   75   1.5000E-05
   76   1.6000E-05
   77   2.0000E-05
   78   4.1000E-05
   79   3.5000E-05
   80   4.8000E-05
   81   6.9000E-05
   82   1.1000E-04
   83   1.6400E-04
   84   1.9400E-04
   85   2.9100E-04
   86   4.1800E-04
   87   5.8200E-04
   88   8.5000E-04
   89   1.2180E-03
   90   1.4350E-03
   91   1.9710E-03
   92   2.6460E-03
   93   3.1830E-03
   94   4.0960E-03
   95   4.9700E-03
   96   6.1180E-03
   97   7.2500E-03
   98   8.8070E-03
   99   1.0140E-02
  100   1.1651E-02
  101   1.3955E-02
  102   1.6035E-02
  103   1.8127E-02
  104   2.0786E-02
  105   2.3393E-02
  106   2.6255E-02
  107   2.9247E-02
  108   3.2245E-02
  109   3.4904E-02
  110   3.7511E-02
  111   4.0014E-02
  112   4.1837E-02
  113   4.2975E-02
  114   4.4230E-02
  115   4.4512E-02
  116   4.3996E-02
  117   4.3976E-02
  118   4.3200E-02
  119   4.2974E-02
  120   4.1464E-02
  121   3.9745E-02
  122   3.7326E-02
  123   3.4231E-02
  124   3.1172E-02
  125   2.7890E-02
  126   2.4953E-02
  127   2.2292E-02
  128   1.9800E-02
  129   1.8922E-02
  130   2.0143E-02
  131   2.2891E-02
  132   2.5611E-02
  133   2.9199E-02
  134   3.2380E-02
  135   3.5241E-02
  136   3.8444E-02
  137   4.0733E-02
  138   4.2358E-02
  139   4.3382E-02
  140   4.4115E-02
  141   4.4521E-02
  142   4.4937E-02
  143   4.4983E-02
  144   4.4573E-02
  145   4.3251E-02
  146   4.1973E-02
  147   4.0083E-02
  148   3.7464E-02
  149   3.4868E-02
  150   3.2092E-02
  151   2.9025E-02
  152   2.6143E-02
  153   2.3367E-02
  154   2.0451E-02
  155   1.8234E-02
  156   1.5727E-02
  157   1.3910E-02
  158   1.1650E-02
  159   9.8960E-03
  160   8.7310E-03
  161   7.1920E-03
  162   5.9630E-03
  163   4.8170E-03
  164   4.0200E-03
  165   3.1230E-03
  166   2.5490E-03
  167   1.9080E-03
  168   1.4330E-03
  169   1.0880E-03
  170   8.2100E-04
  171   6.1600E-04
  172   3.9200E-04
  173   2.7000E-04
  174   2.2400E-04
  175   1.4200E-04
  176   1.1300E-04
  177   9.2000E-05
  178   5.2000E-05
  179   3.5000E-05
  180   4.0000E-05
  181   3.2000E-05
  182   1.9000E-05
  183   1.3000E-05
  184   1.1000E-05
  185   8.0000E-06
  186   2.0000E-06
  188   2.0000E-06
  190   2.0000E-06
