   74   2.0000E-06
   76   5.0000E-06
   77   4.0000E-06
   78   1.7000E-05
   79   2.9000E-05
   80   7.0000E-05
   81   1.2900E-04
   82   2.1100E-04
   83   3.4400E-04
   84   6.3700E-04
   85   9.3100E-04
   86   1.3540E-03
   87   1.9490E-03
   88   2.7710E-03
   89   3.6730E-03
   90   5.3650E-03
   91   6.2580E-03
   92   7.4720E-03
   93   9.3840E-03
   94   1.1384E-02
   95   1.2511E-02
   96   1.4613E-02
   97   1.6321E-02
   98   1.8080E-02
   99   2.0557E-02
  100   2.3986E-02
  101   2.6172E-02
  102   2.9359E-02
  103   3.3622E-02
  104   3.7540E-02
  105   4.1359E-02
  106   4.4998E-02
  107   4.8059E-02
  108   5.0829E-02
  109   5.2480E-02
  110   5.3631E-02
  111   5.2972E-02
  112   5.1020E-02
  113   4.8705E-02
  114   4.6009E-02
  115   4.3309E-02
  116   4.0006E-02
  117   3.6160E-02
  118   3.0549E-02
  119   2.4618E-02
  120   1.8497E-02
  121   1.2979E-02
  122   8.5480E-03
  123   5.2200E-03
  124   3.1090E-03
  125   1.6450E-03
  126   1.0620E-03
  127   1.6450E-03
  128   3.1090E-03
  129   5.2200E-03
  130   8.5480E-03
  131   1.2979E-02
  132   1.8497E-02
  133   2.4618E-02
  134   3.0549E-02
  135   3.6160E-02
  136   4.0006E-02
  137   4.3309E-02
  138   4.6009E-02
  139   4.8705E-02
  140   5.1020E-02
  141   5.2972E-02
  142   5.3631E-02
  143   5.2480E-02
  144   5.0829E-02
  145   4.8059E-02
  146   4.4998E-02
  147   4.1359E-02
  148   3.7540E-02
  149   3.3622E-02
  150   2.9359E-02
  151   2.6172E-02
  152   2.3986E-02
  153   2.0557E-02
  154   1.8080E-02
  155   1.6321E-02
  156   1.4613E-02
  157   1.2511E-02
  158   1.1384E-02
  159   9.3840E-03
  160   7.4720E-03
  161   6.2580E-03
  162   5.3650E-03
  163   3.6730E-03
  164   2.7710E-03
  165   1.9490E-03
  166   1.3540E-03
  167   9.3100E-04
  168   6.3700E-04
  169   3.4400E-04
  170   2.1100E-04
  171   1.2900E-04
  172   7.0000E-05
  173   2.9000E-05
  174   1.7000E-05
  175   4.0000E-06
  176   5.0000E-06
  178   2.0000E-06
