   78   3.0000E-06
   79   1.5000E-05
   80   1.9000E-05
   81   3.4000E-05
   82   7.2000E-05
   83   1.0900E-04
   84   2.2800E-04
   85   4.0300E-04
   86   6.6900E-04
   87   1.0240E-03
   88   1.5760E-03
   89   2.3220E-03
   90   3.1500E-03
   91   4.4150E-03
   92   6.5640E-03
   93   7.8610E-03
   94   9.6010E-03
   95   1.2325E-02
   96   1.4204E-02
   97   1.6083E-02
   98   1.8613E-02
   99   1.9861E-02
  100   2.1028E-02
  101   2.2836E-02
  102   2.4479E-02
  103   2.5039E-02
  104   2.6444E-02
  105   2.8069E-02
  106   2.9568E-02
  107   3.1338E-02
  108   3.4266E-02
  109   3.5598E-02
  110   3.7727E-02
  111   3.9805E-02
  112   4.1252E-02
  113   4.2338E-02
  114   4.2672E-02
  115   4.2757E-02
  116   4.1764E-02
  117   4.0734E-02
  118   4.0161E-02
  119   3.9201E-02
  120   3.7925E-02
  121   3.6134E-02
  122   3.1967E-02
  123   2.7135E-02
  124   2.1229E-02
  125   1.5834E-02
  126   1.0868E-02
  127   7.0350E-03
  128   4.2260E-03
  129   2.8100E-03
  130   4.2260E-03
  131   7.0350E-03
  132   1.0868E-02
  133   1.5834E-02
  134   2.1229E-02
  135   2.7135E-02
  136   3.1967E-02
  137   3.6134E-02
  138   3.7925E-02
  139   3.9201E-02
  140   4.0161E-02
  141   4.0734E-02
  142   4.1764E-02
  143   4.2757E-02
  144   4.2672E-02
  145   4.2338E-02
  146   4.1252E-02
  147   3.9805E-02
  148   3.7727E-02
  149   3.5598E-02
  150   3.4266E-02
  151   3.1338E-02
  152   2.9568E-02
  153   2.8069E-02
  154   2.6444E-02
  155   2.5039E-02
  156   2.4479E-02
  157   2.2836E-02
  158   2.1028E-02
  159   1.9861E-02
  160   1.8613E-02
  161   1.6083E-02
  162   1.4204E-02
  163   1.2325E-02
  164   9.6010E-03
  165   7.8610E-03
  166   6.5640E-03
  167   4.4150E-03
  168   3.1500E-03
  169   2.3220E-03
  170   1.5760E-03
  171   1.0240E-03
  172   6.6900E-04
  173   4.0300E-04
  174   2.2800E-04
  175   1.0900E-04
  176   7.2000E-05
  177   3.4000E-05
  178   1.9000E-05
  179   1.5000E-05
  180   3.0000E-06
