   74   3.0000E-06
   75   2.0000E-06
   76   8.0000E-06
   77   1.3000E-05
   78   2.1000E-05
   79   5.0000E-05
   80   7.4000E-05
   81   1.2600E-04
   82   2.1100E-04
   83   3.0800E-04
   84   5.5800E-04
   85   7.9900E-04
   86   1.2140E-03
   87   1.6680E-03
   88   2.2750E-03
   89   3.0670E-03
   90   4.6520E-03
   91   5.3230E-03
   92   6.3710E-03
   93   8.1820E-03
   94   9.7740E-03
   95   1.1206E-02
   96   1.3517E-02
   97   1.4896E-02
   98   1.6390E-02
   99   1.9360E-02
  100   2.2214E-02
  101   2.3990E-02
  102   2.7234E-02
  103   3.0577E-02
  104   3.3575E-02
  105   3.7356E-02
  106   4.1668E-02
  107   4.3462E-02
  108   4.6478E-02
  109   4.9031E-02
  110   5.0031E-02
  111   5.0077E-02
  112   4.9911E-02
  113   4.8466E-02
  114   4.6514E-02
  115   4.4943E-02
  116   4.3192E-02
  117   4.0483E-02
  118   3.6896E-02
  119   3.1869E-02
  120   2.5600E-02
  121   1.9788E-02
  122   1.4362E-02
  123   9.9210E-03
  124   6.2640E-03
  125   3.7660E-03
  126   2.2460E-03
  127   2.2460E-03
  128   3.7660E-03
  129   6.2640E-03
  130   9.9210E-03
  131   1.4362E-02
  132   1.9788E-02
  133   2.5600E-02
  134   3.1869E-02
  135   3.6896E-02
  136   4.0483E-02
  137   4.3192E-02
  138   4.4943E-02
  139   4.6514E-02
  140   4.8466E-02
  141   4.9911E-02
  142   5.0077E-02
  143   5.0031E-02
  144   4.9031E-02
  145   4.6478E-02
  146   4.3462E-02
  147   4.1668E-02
  148   3.7356E-02
  149   3.3575E-02
  150   3.0577E-02
  151   2.7234E-02
  152   2.3990E-02
  153   2.2214E-02
  154   1.9360E-02
  155   1.6390E-02
  156   1.4896E-02
  157   1.3517E-02
  158   1.1206E-02
  159   9.7740E-03
  160   8.1820E-03
  161   6.3710E-03
  162   5.3230E-03
  163   4.6520E-03
  164   3.0670E-03
  165   2.2750E-03
  166   1.6680E-03
  167   1.2140E-03
  168   7.9900E-04
  169   5.5800E-04
  170   3.0800E-04
  171   2.1100E-04
  172   1.2600E-04
  173   7.4000E-05
  174   5.0000E-05
  175   2.1000E-05
  176   1.3000E-05
  177   8.0000E-06
  178   2.0000E-06
  179   3.0000E-06
