   63   2.0000E-06
   68   2.0000E-06
   69   3.0000E-06
   70   2.0000E-06
   71   3.0000E-06
   72   2.0000E-06
   73   5.0000E-06
   74   7.0000E-06
   75   8.0000E-06
   76   2.5000E-05
   77   1.7000E-05
   78   3.6000E-05
   79   4.1000E-05
   80   6.9000E-05
   81   7.1000E-05
   82   1.3900E-04
   83   1.9600E-04
   84   2.7600E-04
   85   3.6900E-04
   86   5.3500E-04
   87   7.2800E-04
   88   9.0800E-04
   89   1.3360E-03
   90   1.7890E-03
   91   2.1930E-03
   92   2.9240E-03
   93   3.6120E-03
   94   4.4460E-03
   95   5.6020E-03
   96   7.1920E-03
   97   8.3490E-03
   98   9.9860E-03
   99   1.2392E-02
  100   1.4587E-02
  101   1.6798E-02
  102   2.0095E-02
  103   2.2746E-02
  104   2.5576E-02
  105   2.9723E-02
  106   3.2984E-02
  107   3.5986E-02
  108   3.9401E-02
  109   4.2388E-02
  110   4.4248E-02
  111   4.5761E-02
  112   4.7002E-02
  113   4.7409E-02
  114   4.7540E-02
  115   4.7022E-02
  116   4.5335E-02
  117   4.4385E-02
  118   4.2311E-02
  119   4.0160E-02
  120   3.8134E-02
  121   3.4231E-02
  122   3.0365E-02
  123   2.6808E-02
  124   2.2325E-02
  125   1.9037E-02
  126   1.5934E-02
  127   1.3287E-02
  128   1.2506E-02
  129   1.4213E-02
  130   1.7206E-02
  131   2.0790E-02
  132   2.4435E-02
  133   2.9098E-02
  134   3.2534E-02
  135   3.6541E-02
  136   3.9447E-02
  137   4.1641E-02
  138   4.3246E-02
  139   4.4892E-02
  140   4.6257E-02
  141   4.7646E-02
  142   4.7813E-02
  143   4.7413E-02
  144   4.6656E-02
  145   4.5092E-02
  146   4.3650E-02
  147   4.1135E-02
  148   3.7830E-02
  149   3.4793E-02
  150   3.1114E-02
  151   2.7956E-02
  152   2.4465E-02
  153   2.1667E-02
  154   1.8651E-02
  155   1.5883E-02
  156   1.3510E-02
  157   1.1252E-02
  158   9.2580E-03
  159   7.8130E-03
  160   6.3850E-03
  161   5.0150E-03
  162   4.0480E-03
  163   3.2180E-03
  164   2.4910E-03
  165   1.9300E-03
  166   1.5400E-03
  167   1.0510E-03
  168   7.9500E-04
  169   6.0100E-04
  170   4.4400E-04
  171   3.0800E-04
  172   2.1400E-04
  173   1.7100E-04
  174   1.0900E-04
  175   8.0000E-05
  176   5.6000E-05
  177   3.6000E-05
  178   2.6000E-05
  179   2.6000E-05
  180   1.8000E-05
  181   6.0000E-06
  182   7.0000E-06
  183   5.0000E-06
  184   2.0000E-06
  185   3.0000E-06
  186   2.0000E-06
  187   3.0000E-06
  188   2.0000E-06
