   62   2.0000E-06
   64   2.0000E-06
   65   4.0000E-06
   66   5.0000E-06
   68   5.0000E-06
   71   6.0000E-06
   72   1.7000E-05
   73   1.0000E-05
   74   1.6000E-05
   75   2.2000E-05
   76   3.9000E-05
   77   4.9000E-05
   78   8.6000E-05
   79   9.2000E-05
   80   1.6400E-04
   81   2.1800E-04
   82   3.5600E-04
   83   4.7700E-04
   84   6.6900E-04
   85   9.2900E-04
   86   1.4140E-03
   87   1.7840E-03
   88   2.4570E-03
   89   3.2670E-03
   90   4.0380E-03
   91   5.2810E-03
   92   7.3370E-03
   93   8.8730E-03
   94   1.0844E-02
   95   1.3583E-02
   96   1.6861E-02
   97   2.0358E-02
   98   2.4319E-02
   99   2.8574E-02
  100   3.1659E-02
  101   3.6732E-02
  102   4.1851E-02
  103   4.5175E-02
  104   4.8277E-02
  105   5.1593E-02
  106   5.3000E-02
  107   5.4489E-02
  108   5.4079E-02
  109   5.3112E-02
  110   5.1463E-02
  111   4.8946E-02
  112   4.6266E-02
  113   4.3812E-02
  114   4.0187E-02
  115   3.5962E-02
  116   2.9939E-02
  117   2.3974E-02
  118   1.8786E-02
  119   1.3932E-02
  120   1.0113E-02
  121   6.7130E-03
  122   4.6570E-03
  123   3.0930E-03
  124   3.0930E-03
  125   4.6570E-03
  126   6.7130E-03
  127   1.0113E-02
  128   1.3932E-02
  129   1.8786E-02
  130   2.3974E-02
  131   2.9939E-02
  132   3.5962E-02
  133   4.0187E-02
  134   4.3812E-02
  135   4.6266E-02
  136   4.8946E-02
  137   5.1463E-02
  138   5.3112E-02
  139   5.4079E-02
  140   5.4489E-02
  141   5.3000E-02
  142   5.1593E-02
  143   4.8277E-02
  144   4.5175E-02
  145   4.1851E-02
  146   3.6732E-02
  147   3.1659E-02
  148   2.8574E-02
  149   2.4319E-02
  150   2.0358E-02
  151   1.6861E-02
  152   1.3583E-02
  153   1.0844E-02
  154   8.8730E-03
  155   7.3370E-03
  156   5.2810E-03
  157   4.0380E-03
  158   3.2670E-03
  159   2.4570E-03
  160   1.7840E-03
  161   1.4140E-03
  162   9.2900E-04
  163   6.6900E-04
  164   4.7700E-04
  165   3.5600E-04
  166   2.1800E-04
  167   1.6400E-04
  168   9.2000E-05
  169   8.6000E-05
  170   4.9000E-05
  171   3.9000E-05
  172   2.2000E-05
  173   1.6000E-05
  174   1.0000E-05
  175   1.7000E-05
  176   6.0000E-06
  179   5.0000E-06
  181   5.0000E-06
  182   4.0000E-06
  183   2.0000E-06
  185   2.0000E-06
