   47   3.0000E-06
   51   5.0000E-06
   52   5.0000E-06
   53   4.0000E-06
   54   4.0000E-06
   55   5.0000E-06
   56   1.1000E-05
   57   1.0000E-05
   58   2.0000E-05
   59   2.1000E-05
   60   3.3000E-05
   61   2.2000E-05
   62   5.3000E-05
   63   6.2000E-05
   64   6.7000E-05
   65   8.0000E-05
   66   1.0100E-04
   67   1.2700E-04
   68   1.7300E-04
   69   1.9400E-04
   70   2.2800E-04
   71   2.7800E-04
   72   4.0300E-04
   73   4.1800E-04
   74   5.2200E-04
   75   6.6400E-04
   76   7.6000E-04
   77   8.4200E-04
   78   1.0670E-03
   79   1.2160E-03
   80   1.4160E-03
   81   1.6600E-03
   82   1.9860E-03
   83   2.2230E-03
   84   2.7000E-03
   85   3.1270E-03
   86   3.8120E-03
   87   4.1740E-03
   88   5.0210E-03
   89   5.5580E-03
   90   6.3300E-03
   91   7.2760E-03
   92   8.5090E-03
   93   9.4390E-03
   94   1.0638E-02
   95   1.2493E-02
   96   1.3702E-02
   97   1.5386E-02
   98   1.7242E-02
   99   1.8964E-02
  100   2.0446E-02
  101   2.2587E-02
  102   2.4608E-02
  103   2.6794E-02
  104   2.8105E-02
  105   2.9793E-02
  106   3.1265E-02
  107   3.2849E-02
  108   3.4325E-02
  109   3.5326E-02
  110   3.7118E-02
  111   3.7690E-02
  112   3.8597E-02
  113   3.9118E-02
  114   3.9998E-02
  115   4.0453E-02
  116   4.0542E-02
  117   4.0843E-02
  118   4.0648E-02
  119   4.0847E-02
  120   4.0533E-02
  121   4.0295E-02
  122   4.0734E-02
  123   3.9977E-02
  124   4.0208E-02
  125   4.0994E-02
  126   4.0633E-02
  127   4.0933E-02
  128   4.1376E-02
  129   4.1144E-02
  130   4.1267E-02
  131   4.1111E-02
  132   4.1065E-02
  133   4.0197E-02
  134   3.9365E-02
  135   3.8825E-02
  136   3.7866E-02
  137   3.7041E-02
  138   3.5426E-02
  139   3.4010E-02
  140   3.2796E-02
  141   3.0786E-02
  142   2.9475E-02
  143   2.7709E-02
  144   2.6221E-02
  145   2.3875E-02
  146   2.1687E-02
  147   2.0040E-02
  148   1.8321E-02
  149   1.6460E-02
  150   1.4796E-02
  151   1.3211E-02
  152   1.1922E-02
  153   1.0202E-02
  154   9.1120E-03
  155   8.0810E-03
  156   7.0390E-03
  157   6.0370E-03
  158   5.4250E-03
  159   4.8320E-03
  160   4.0340E-03
  161   3.6740E-03
  162   3.0200E-03
  163   2.6090E-03
  164   2.1700E-03
  165   1.9270E-03
  166   1.5750E-03
  167   1.4210E-03
  168   1.2110E-03
  169   1.0130E-03
  170   8.4300E-04
  171   7.3800E-04
  172   6.3500E-04
  173   5.1200E-04
  174   4.2500E-04
  175   3.9400E-04
  176   2.5800E-04
  177   2.2100E-04
  178   1.9200E-04
  179   1.7200E-04
  180   1.2500E-04
  181   9.8000E-05
  182   7.5000E-05
  183   6.5000E-05
  184   6.0000E-05
  185   5.1000E-05
  186   1.8000E-05
  187   3.3000E-05
  188   2.3000E-05
  189   1.8000E-05
  190   1.0000E-05
