   50   2.0000E-06
   51   2.0000E-06
   53   3.0000E-06
   55   2.0000E-06
   56   2.0000E-06
   57   6.0000E-06
   58   1.0000E-05
   59   7.0000E-06
   60   2.0000E-06
   61   2.3000E-05
   62   2.4000E-05
   63   1.5000E-05
   64   1.9000E-05
   65   3.0000E-05
   66   3.4000E-05
   67   4.2000E-05
   68   4.9000E-05
   69   5.9000E-05
   70   8.2000E-05
   71   9.0000E-05
   72   1.0600E-04
   73   1.4800E-04
   74   1.5700E-04
   75   2.1000E-04
   76   2.8500E-04
   77   3.0600E-04
   78   3.9900E-04
   79   4.7100E-04
   80   5.4000E-04
   81   6.7300E-04
   82   9.3500E-04
   83   1.1200E-03
   84   1.3370E-03
   85   1.6960E-03
   86   2.2990E-03
   87   2.7330E-03
   88   3.5890E-03
   89   4.4830E-03
   90   5.3900E-03
   91   6.9820E-03
   92   8.9070E-03
   93   1.0436E-02
   94   1.2368E-02
   95   1.5104E-02
   96   1.8234E-02
   97   2.0441E-02
   98   2.4152E-02
   99   2.7402E-02
  100   3.0229E-02
  101   3.3708E-02
  102   3.7657E-02
  103   4.0141E-02
  104   4.2069E-02
  105   4.4418E-02
  106   4.5476E-02
  107   4.6345E-02
  108   4.6646E-02
  109   4.6059E-02
  110   4.5469E-02
  111   4.3995E-02
  112   4.2649E-02
  113   4.1085E-02
  114   3.8580E-02
  115   3.5800E-02
  116   3.2647E-02
  117   2.9199E-02
  118   2.5334E-02
  119   2.1962E-02
  120   1.9229E-02
  121   1.7159E-02
  122   1.5424E-02
  123   1.4544E-02
  124   1.5434E-02
  125   1.7176E-02
  126   1.9237E-02
  127   2.1996E-02
  128   2.5375E-02
  129   2.9257E-02
  130   3.2698E-02
  131   3.5812E-02
  132   3.8654E-02
  133   4.1104E-02
  134   4.2644E-02
  135   4.4033E-02
  136   4.5517E-02
  137   4.6060E-02
  138   4.6679E-02
  139   4.6310E-02
  140   4.5499E-02
  141   4.4378E-02
  142   4.2088E-02
  143   4.0104E-02
  144   3.7590E-02
  145   3.3685E-02
  146   3.0206E-02
  147   2.7354E-02
  148   2.4119E-02
  149   2.0405E-02
  150   1.8192E-02
  151   1.5118E-02
  152   1.2323E-02
  153   1.0444E-02
  154   8.8660E-03
  155   6.9660E-03
  156   5.3850E-03
  157   4.4800E-03
  158   3.5760E-03
  159   2.7380E-03
  160   2.2900E-03
  161   1.6880E-03
  162   1.3460E-03
  163   1.1110E-03
  164   9.3800E-04
  165   6.7400E-04
  166   5.3600E-04
  167   4.7100E-04
  168   3.9900E-04
  169   3.0800E-04
  170   2.8300E-04
  171   2.1000E-04
  172   1.5700E-04
  173   1.4800E-04
  174   1.0600E-04
  175   9.0000E-05
  176   8.2000E-05
  177   5.9000E-05
  178   4.9000E-05
  179   4.2000E-05
  180   3.4000E-05
  181   3.0000E-05
  182   1.9000E-05
  183   1.5000E-05
  184   2.4000E-05
  185   2.3000E-05
  186   2.0000E-06
  187   7.0000E-06
  188   1.0000E-05
  189   6.0000E-06
  190   2.0000E-06
