   69   2.0000E-06
   72   2.0000E-06
   76   2.0000E-06
   77   1.0000E-05
   78   1.5000E-05
   79   2.3000E-05
   80   4.2000E-05
   81   6.8000E-05
   82   1.0400E-04
   83   1.8300E-04
   84   2.6100E-04
   85   3.9600E-04
   86   6.3000E-04
   87   8.3100E-04
   88   1.1060E-03
   89   1.4850E-03
   90   2.1930E-03
   91   2.6340E-03
   92   3.3740E-03
   93   4.2460E-03
   94   5.2320E-03
   95   6.3780E-03
   96   8.1970E-03
   97   9.2600E-03
   98   1.0546E-02
   99   1.2813E-02
  100   1.5351E-02
  101   1.7174E-02
  102   2.0041E-02
  103   2.2848E-02
  104   2.5459E-02
  105   2.8796E-02
  106   3.3262E-02
  107   3.6235E-02
  108   3.9481E-02
  109   4.2817E-02
  110   4.5732E-02
  111   4.8063E-02
  112   4.9232E-02
  113   4.9780E-02
  114   5.0039E-02
  115   4.8593E-02
  116   4.7148E-02
  117   4.5672E-02
  118   4.3481E-02
  119   4.1682E-02
  120   3.8419E-02
  121   3.4495E-02
  122   2.9790E-02
  123   2.4121E-02
  124   1.9012E-02
  125   1.3889E-02
  126   9.9860E-03
  127   6.8520E-03
  128   4.9780E-03
  129   6.8520E-03
  130   9.9860E-03
  131   1.3889E-02
  132   1.9012E-02
  133   2.4121E-02
  134   2.9790E-02
  135   3.4495E-02
  136   3.8419E-02
  137   4.1682E-02
  138   4.3481E-02
  139   4.5672E-02
  140   4.7148E-02
  141   4.8593E-02
  142   5.0039E-02
  143   4.9780E-02
  144   4.9232E-02
  145   4.8063E-02
  146   4.5732E-02
  147   4.2817E-02
  148   3.9481E-02
  149   3.6235E-02
  150   3.3262E-02
  151   2.8796E-02
  152   2.5459E-02
  153   2.2848E-02
  154   2.0041E-02
  155   1.7174E-02
  156   1.5351E-02
  157   1.2813E-02
  158   1.0546E-02
  159   9.2600E-03
  160   8.1970E-03
  161   6.3780E-03
  162   5.2320E-03
  163   4.2460E-03
  164   3.3740E-03
  165   2.6340E-03
  166   2.1930E-03
  167   1.4850E-03
  168   1.1060E-03
  169   8.3100E-04
  170   6.3000E-04
  171   3.9600E-04
  172   2.6100E-04
  173   1.8300E-04
  174   1.0400E-04
  175   6.8000E-05
  176   4.2000E-05
  177   2.3000E-05
  178   1.5000E-05
  179   1.0000E-05
  180   2.0000E-06
  184   2.0000E-06
  187   2.0000E-06
