   72   2.0000E-06
   73   2.0000E-06
   74   2.0000E-06
   76   4.0000E-06
   77   9.0000E-06
   78   1.2000E-05
   79   1.8000E-05
   80   4.5000E-05
   81   6.9000E-05
   82   1.0800E-04
   83   1.8700E-04
   84   2.9100E-04
   85   4.0000E-04
   86   6.6800E-04
   87   9.2600E-04
   88   1.2800E-03
   89   1.6310E-03
   90   2.5130E-03
   91   3.0160E-03
   92   3.7200E-03
   93   4.8210E-03
   94   6.0360E-03
   95   7.1870E-03
   96   8.9970E-03
   97   1.0101E-02
   98   1.1507E-02
   99   1.3621E-02
  100   1.6204E-02
  101   1.7699E-02
  102   2.0459E-02
  103   2.3453E-02
  104   2.6058E-02
  105   2.9235E-02
  106   3.3444E-02
  107   3.5932E-02
  108   3.9021E-02
  109   4.2572E-02
  110   4.5347E-02
  111   4.7589E-02
  112   4.8713E-02
  113   4.9220E-02
  114   4.9405E-02
  115   4.8308E-02
  116   4.6832E-02
  117   4.4823E-02
  118   4.3086E-02
  119   4.1450E-02
  120   3.7778E-02
  121   3.3826E-02
  122   2.9295E-02
  123   2.3462E-02
  124   1.8272E-02
  125   1.3461E-02
  126   9.5100E-03
  127   6.0650E-03
  128   4.5760E-03
  129   6.0650E-03
  130   9.5100E-03
  131   1.3461E-02
  132   1.8272E-02
  133   2.3462E-02
  134   2.9295E-02
  135   3.3826E-02
  136   3.7778E-02
  137   4.1450E-02
  138   4.3086E-02
  139   4.4823E-02
  140   4.6832E-02
  141   4.8308E-02
  142   4.9405E-02
  143   4.9220E-02
  144   4.8713E-02
  145   4.7589E-02
  146   4.5347E-02
  147   4.2572E-02
  148   3.9021E-02
  149   3.5932E-02
  150   3.3444E-02
  151   2.9235E-02
  152   2.6058E-02
  153   2.3453E-02
  154   2.0459E-02
  155   1.7699E-02
  156   1.6204E-02
  157   1.3621E-02
  158   1.1507E-02
  159   1.0101E-02
  160   8.9970E-03
  161   7.1870E-03
  162   6.0360E-03
  163   4.8210E-03
  164   3.7200E-03
  165   3.0160E-03
  166   2.5130E-03
  167   1.6310E-03
  168   1.2800E-03
  169   9.2600E-04
  170   6.6800E-04
  171   4.0000E-04
  172   2.9100E-04
  173   1.8700E-04
  174   1.0800E-04
  175   6.9000E-05
  176   4.5000E-05
  177   1.8000E-05
  178   1.2000E-05
  179   9.0000E-06
  180   4.0000E-06
  182   2.0000E-06
  183   2.0000E-06
  184   2.0000E-06
