   72   2.0000E-06
   73   4.0000E-06
   75   3.0000E-06
   76   1.2000E-05
   77   1.1000E-05
   78   2.8000E-05
   79   6.2000E-05
   80   1.1000E-04
   81   1.6000E-04
   82   2.3500E-04
   83   3.9000E-04
   84   5.9500E-04
   85   7.9600E-04
   86   1.0130E-03
   87   1.4370E-03
   88   2.3040E-03
   89   2.7620E-03
   90   3.4750E-03
   91   4.4660E-03
   92   5.7670E-03
   93   6.8990E-03
   94   8.8800E-03
   95   1.0035E-02
   96   1.1545E-02
   97   1.4416E-02
   98   1.7564E-02
   99   1.9870E-02
  100   2.2860E-02
  101   2.6627E-02
  102   3.0359E-02
  103   3.4249E-02
  104   3.9377E-02
  105   4.2155E-02
  106   4.5446E-02
  107   4.9272E-02
  108   5.1284E-02
  109   5.3004E-02
  110   5.3360E-02
  111   5.2968E-02
  112   5.0838E-02
  113   4.9592E-02
  114   4.6876E-02
  115   4.3836E-02
  116   4.0935E-02
  117   3.7111E-02
  118   3.1360E-02
  119   2.5856E-02
  120   2.0499E-02
  121   1.4862E-02
  122   1.0364E-02
  123   6.8710E-03
  124   4.4130E-03
  125   2.7640E-03
  126   2.7640E-03
  127   4.4130E-03
  128   6.8710E-03
  129   1.0364E-02
  130   1.4862E-02
  131   2.0499E-02
  132   2.5856E-02
  133   3.1360E-02
  134   3.7111E-02
  135   4.0935E-02
  136   4.3836E-02
  137   4.6876E-02
  138   4.9592E-02
  139   5.0838E-02
  140   5.2968E-02
  141   5.3360E-02
  142   5.3004E-02
  143   5.1284E-02
  144   4.9272E-02
  145   4.5446E-02
  146   4.2155E-02
  147   3.9377E-02
  148   3.4249E-02
  149   3.0359E-02
  150   2.6627E-02
  151   2.2860E-02
  152   1.9870E-02
  153   1.7564E-02
  154   1.4416E-02
  155   1.1545E-02
  156   1.0035E-02
  157   8.8800E-03
  158   6.8990E-03
  159   5.7670E-03
  160   4.4660E-03
  161   3.4750E-03
  162   2.7620E-03
  163   2.3040E-03
  164   1.4370E-03
  165   1.0130E-03
  166   7.9600E-04
  167   5.9500E-04
  168   3.9000E-04
  169   2.3500E-04
  170   1.6000E-04
  171   1.1000E-04
  172   6.2000E-05
  173   2.8000E-05
  174   1.1000E-05
  175   1.2000E-05
  176   3.0000E-06
  178   4.0000E-06
  179   2.0000E-06
