   62   2.0000E-06
   63   3.0000E-06
   64   5.0000E-06
   65   2.0000E-06
   67   1.1000E-05
   68   1.0000E-05
   69   1.0000E-05
   70   1.1000E-05
   71   2.2000E-05
   72   2.6000E-05
   73   4.3000E-05
   74   5.2000E-05
   75   6.7000E-05
   76   7.0000E-05
   77   8.2000E-05
   78   9.5000E-05
   79   1.2100E-04
   80   1.9500E-04
   81   2.0000E-04
   82   2.6700E-04
   83   3.2500E-04
   84   4.5500E-04
   85   5.0300E-04
   86   6.7100E-04
   87   8.9400E-04
   88   1.0670E-03
   89   1.3680E-03
   90   1.8220E-03
   91   2.0990E-03
   92   2.7080E-03
   93   3.1860E-03
   94   3.9560E-03
   95   4.7070E-03
   96   6.0510E-03
   97   6.9090E-03
   98   8.4910E-03
   99   9.6320E-03
  100   1.1496E-02
  101   1.3283E-02
  102   1.5673E-02
  103   1.7521E-02
  104   1.9970E-02
  105   2.2918E-02
  106   2.5753E-02
  107   2.8246E-02
  108   3.1398E-02
  109   3.3822E-02
  110   3.6081E-02
  111   3.8728E-02
  112   4.0383E-02
  113   4.1704E-02
  114   4.2965E-02
  115   4.3661E-02
  116   4.3126E-02
  117   4.3166E-02
  118   4.2911E-02
  119   4.1605E-02
  120   4.1664E-02
  121   4.0262E-02
  122   3.8180E-02
  123   3.6157E-02
  124   3.3690E-02
  125   3.1163E-02
  126   2.8943E-02
  127   2.6521E-02
  128   2.4730E-02
  129   2.4777E-02
  130   2.6416E-02
  131   2.9361E-02
  132   3.1498E-02
  133   3.4239E-02
  134   3.6654E-02
  135   3.8804E-02
  136   4.1018E-02
  137   4.1878E-02
  138   4.2515E-02
  139   4.3361E-02
  140   4.3836E-02
  141   4.3890E-02
  142   4.3872E-02
  143   4.3601E-02
  144   4.2446E-02
  145   4.0832E-02
  146   3.9380E-02
  147   3.6592E-02
  148   3.4372E-02
  149   3.1832E-02
  150   2.8973E-02
  151   2.5915E-02
  152   2.3155E-02
  153   2.0454E-02
  154   1.7937E-02
  155   1.5854E-02
  156   1.3849E-02
  157   1.1680E-02
  158   1.0098E-02
  159   8.5610E-03
  160   7.3460E-03
  161   6.1440E-03
  162   5.0160E-03
  163   4.1720E-03
  164   3.2800E-03
  165   2.7740E-03
  166   2.3370E-03
  167   1.8380E-03
  168   1.5180E-03
  169   1.1350E-03
  170   9.8100E-04
  171   7.7800E-04
  172   5.6100E-04
  173   4.7000E-04
  174   3.8100E-04
  175   3.0800E-04
  176   2.4400E-04
  177   2.0500E-04
  178   1.6400E-04
  179   1.0000E-04
  180   9.3000E-05
  181   8.6000E-05
  182   7.3000E-05
  183   6.1000E-05
  184   4.1000E-05
  185   4.3000E-05
  186   2.6000E-05
  187   1.9000E-05
  188   1.4000E-05
  189   1.4000E-05
  190   6.0000E-06
