   76   2.0000E-06
   77   3.0000E-06
   78   1.3000E-05
   79   1.8000E-05
   80   4.5000E-05
   81   8.4000E-05
   82   1.0500E-04
   83   1.9300E-04
   84   3.5500E-04
   85   4.6500E-04
   86   7.0800E-04
   87   1.0720E-03
   88   1.4100E-03
   89   2.0300E-03
   90   2.9250E-03
   91   3.5460E-03
   92   4.4130E-03
   93   5.6310E-03
   94   6.9290E-03
   95   8.3450E-03
   96   1.0430E-02
   97   1.1381E-02
   98   1.2885E-02
   99   1.4798E-02
  100   1.7583E-02
  101   1.8856E-02
  102   2.0996E-02
  103   2.3597E-02
  104   2.6002E-02
  105   2.9401E-02
  106   3.3626E-02
  107   3.6067E-02
  108   3.8591E-02
  109   4.2552E-02
  110   4.4616E-02
  111   4.7033E-02
  112   4.7941E-02
  113   4.8668E-02
  114   4.8311E-02
  115   4.7617E-02
  116   4.6624E-02
  117   4.4416E-02
  118   4.2210E-02
  119   4.0784E-02
  120   3.7410E-02
  121   3.2971E-02
  122   2.8389E-02
  123   2.2374E-02
  124   1.7173E-02
  125   1.2569E-02
  126   8.3880E-03
  127   5.4220E-03
  128   4.0100E-03
  129   5.4220E-03
  130   8.3880E-03
  131   1.2569E-02
  132   1.7173E-02
  133   2.2374E-02
  134   2.8389E-02
  135   3.2971E-02
  136   3.7410E-02
  137   4.0784E-02
  138   4.2210E-02
  139   4.4416E-02
  140   4.6624E-02
  141   4.7617E-02
  142   4.8311E-02
  143   4.8668E-02
  144   4.7941E-02
  145   4.7033E-02
  146   4.4616E-02
  147   4.2552E-02
  148   3.8591E-02
  149   3.6067E-02
  150   3.3626E-02
  151   2.9401E-02
  152   2.6002E-02
  153   2.3597E-02
  154   2.0996E-02
  155   1.8856E-02
  156   1.7583E-02
  157   1.4798E-02
  158   1.2885E-02
  159   1.1381E-02
  160   1.0430E-02
  161   8.3450E-03
  162   6.9290E-03
  163   5.6310E-03
  164   4.4130E-03
  165   3.5460E-03
  166   2.9250E-03
  167   2.0300E-03
  168   1.4100E-03
  169   1.0720E-03
  170   7.0800E-04
  171   4.6500E-04
  172   3.5500E-04
  173   1.9300E-04
  174   1.0500E-04
  175   8.4000E-05
  176   4.5000E-05
  177   1.8000E-05
  178   1.3000E-05
  179   3.0000E-06
  180   2.0000E-06
