   74   2.0000E-06
   76   2.0000E-06
   77   6.0000E-06
   78   1.2000E-05
   79   2.6000E-05
   80   4.9000E-05
   81   7.4000E-05
   82   1.4200E-04
   83   2.4900E-04
   84   4.1900E-04
   85   5.3400E-04
   86   8.8400E-04
   87   1.1920E-03
   88   1.7250E-03
   89   2.2950E-03
   90   3.5580E-03
   91   4.2390E-03
   92   5.2430E-03
   93   6.6140E-03
   94   8.3180E-03
   95   9.6460E-03
   96   1.1526E-02
   97   1.2760E-02
   98   1.4351E-02
   99   1.6372E-02
  100   1.9417E-02
  101   2.0866E-02
  102   2.2664E-02
  103   2.6097E-02
  104   2.8582E-02
  105   3.1669E-02
  106   3.5486E-02
  107   3.8172E-02
  108   4.0837E-02
  109   4.4034E-02
  110   4.6882E-02
  111   4.8045E-02
  112   4.9257E-02
  113   4.9227E-02
  114   4.8318E-02
  115   4.7096E-02
  116   4.5360E-02
  117   4.3165E-02
  118   4.0709E-02
  119   3.8239E-02
  120   3.3866E-02
  121   2.8955E-02
  122   2.3491E-02
  123   1.8147E-02
  124   1.2971E-02
  125   8.8080E-03
  126   5.7440E-03
  127   3.6400E-03
  128   3.6400E-03
  129   5.7440E-03
  130   8.8080E-03
  131   1.2971E-02
  132   1.8147E-02
  133   2.3491E-02
  134   2.8955E-02
  135   3.3866E-02
  136   3.8239E-02
  137   4.0709E-02
  138   4.3165E-02
  139   4.5360E-02
  140   4.7096E-02
  141   4.8318E-02
  142   4.9227E-02
  143   4.9257E-02
  144   4.8045E-02
  145   4.6882E-02
  146   4.4034E-02
  147   4.0837E-02
  148   3.8172E-02
  149   3.5486E-02
  150   3.1669E-02
  151   2.8582E-02
  152   2.6097E-02
  153   2.2664E-02
  154   2.0866E-02
  155   1.9417E-02
  156   1.6372E-02
  157   1.4351E-02
  158   1.2760E-02
  159   1.1526E-02
  160   9.6460E-03
  161   8.3180E-03
  162   6.6140E-03
  163   5.2430E-03
  164   4.2390E-03
  165   3.5580E-03
  166   2.2950E-03
  167   1.7250E-03
  168   1.1920E-03
  169   8.8400E-04
  170   5.3400E-04
  171   4.1900E-04
  172   2.4900E-04
  173   1.4200E-04
  174   7.4000E-05
  175   4.9000E-05
  176   2.6000E-05
  177   1.2000E-05
  178   6.0000E-06
  179   2.0000E-06
  181   2.0000E-06
