   71   3.0000E-06
   74   7.0000E-06
   75   4.0000E-06
   76   9.0000E-06
   77   2.1000E-05
   78   2.2000E-05
   79   5.2000E-05
   80   7.9000E-05
   81   1.2000E-04
   82   1.8400E-04
   83   2.7400E-04
   84   4.8800E-04
   85   6.2800E-04
   86   8.3800E-04
   87   1.2280E-03
   88   1.8440E-03
   89   2.2210E-03
   90   2.9840E-03
   91   3.6690E-03
   92   4.6540E-03
   93   5.8220E-03
   94   7.3980E-03
   95   8.7200E-03
   96   1.0325E-02
   97   1.2700E-02
   98   1.5360E-02
   99   1.7645E-02
  100   2.0924E-02
  101   2.3848E-02
  102   2.7109E-02
  103   3.1523E-02
  104   3.6056E-02
  105   3.9508E-02
  106   4.3055E-02
  107   4.6985E-02
  108   4.9046E-02
  109   5.1359E-02
  110   5.2046E-02
  111   5.1998E-02
  112   5.1426E-02
  113   4.9874E-02
  114   4.8332E-02
  115   4.5426E-02
  116   4.3231E-02
  117   4.0337E-02
  118   3.6435E-02
  119   3.0939E-02
  120   2.5440E-02
  121   1.9804E-02
  122   1.4571E-02
  123   1.0432E-02
  124   6.9750E-03
  125   4.3960E-03
  126   3.2000E-03
  127   4.3960E-03
  128   6.9750E-03
  129   1.0432E-02
  130   1.4571E-02
  131   1.9804E-02
  132   2.5440E-02
  133   3.0939E-02
  134   3.6435E-02
  135   4.0337E-02
  136   4.3231E-02
  137   4.5426E-02
  138   4.8332E-02
  139   4.9874E-02
  140   5.1426E-02
  141   5.1998E-02
  142   5.2046E-02
  143   5.1359E-02
  144   4.9046E-02
  145   4.6985E-02
  146   4.3055E-02
  147   3.9508E-02
  148   3.6056E-02
  149   3.1523E-02
  150   2.7109E-02
  151   2.3848E-02
  152   2.0924E-02
  153   1.7645E-02
  154   1.5360E-02
  155   1.2700E-02
  156   1.0325E-02
  157   8.7200E-03
  158   7.3980E-03
  159   5.8220E-03
  160   4.6540E-03
  161   3.6690E-03
  162   2.9840E-03
  163   2.2210E-03
  164   1.8440E-03
  165   1.2280E-03
  166   8.3800E-04
  167   6.2800E-04
  168   4.8800E-04
  169   2.7400E-04
  170   1.8400E-04
  171   1.2000E-04
  172   7.9000E-05
  173   5.2000E-05
  174   2.2000E-05
  175   2.1000E-05
  176   9.0000E-06
  177   4.0000E-06
  178   7.0000E-06
  181   3.0000E-06
