   75   3.0000E-06
   76   8.0000E-06
   77   6.0000E-06
   78   2.2000E-05
   79   3.7000E-05
   80   5.6000E-05
   81   1.0500E-04
   82   1.6800E-04
   83   2.3200E-04
   84   4.2600E-04
   85   5.5200E-04
   86   8.5000E-04
   87   1.2100E-03
   88   1.8250E-03
   89   2.2130E-03
   90   3.1780E-03
   91   3.9410E-03
   92   4.8230E-03
   93   6.1720E-03
   94   7.7760E-03
   95   8.7640E-03
   96   1.0396E-02
   97   1.2290E-02
   98   1.3798E-02
   99   1.6320E-02
  100   1.9276E-02
  101   2.0930E-02
  102   2.3550E-02
  103   2.7358E-02
  104   3.0761E-02
  105   3.3941E-02
  106   3.7803E-02
  107   4.1313E-02
  108   4.3925E-02
  109   4.6661E-02
  110   5.0177E-02
  111   5.0533E-02
  112   5.0344E-02
  113   5.0143E-02
  114   4.8525E-02
  115   4.6846E-02
  116   4.4939E-02
  117   4.3013E-02
  118   3.9908E-02
  119   3.6561E-02
  120   3.2293E-02
  121   2.6079E-02
  122   2.0367E-02
  123   1.5443E-02
  124   1.0697E-02
  125   7.1960E-03
  126   4.5770E-03
  127   3.3020E-03
  128   4.5770E-03
  129   7.1960E-03
  130   1.0697E-02
  131   1.5443E-02
  132   2.0367E-02
  133   2.6079E-02
  134   3.2293E-02
  135   3.6561E-02
  136   3.9908E-02
  137   4.3013E-02
  138   4.4939E-02
  139   4.6846E-02
  140   4.8525E-02
  141   5.0143E-02
  142   5.0344E-02
  143   5.0533E-02
  144   5.0177E-02
  145   4.6661E-02
  146   4.3925E-02
  147   4.1313E-02
  148   3.7803E-02
  149   3.3941E-02
  150   3.0761E-02
  151   2.7358E-02
  152   2.3550E-02
  153   2.0930E-02
  154   1.9276E-02
  155   1.6320E-02
  156   1.3798E-02
  157   1.2290E-02
  158   1.0396E-02
  159   8.7640E-03
  160   7.7760E-03
  161   6.1720E-03
  162   4.8230E-03
  163   3.9410E-03
  164   3.1780E-03
  165   2.2130E-03
  166   1.8250E-03
  167   1.2100E-03
  168   8.5000E-04
  169   5.5200E-04
  170   4.2600E-04
  171   2.3200E-04
  172   1.6800E-04
  173   1.0500E-04
  174   5.6000E-05
  175   3.7000E-05
  176   2.2000E-05
  177   6.0000E-06
  178   8.0000E-06
  179   3.0000E-06
