   67   2.0000E-06
   73   2.0000E-06
   74   5.0000E-06
   75   5.0000E-06
   76   1.2000E-05
   77   2.0000E-05
   78   3.4000E-05
   79   3.3000E-05
   80   7.1000E-05
   81   7.5000E-05
   82   1.3400E-04
   83   2.1500E-04
   84   3.2000E-04
   85   4.2000E-04
   86   5.6900E-04
   87   7.6600E-04
   88   1.0960E-03
   89   1.4030E-03
   90   2.0200E-03
   91   2.5040E-03
   92   2.9920E-03
   93   3.9630E-03
   94   5.2090E-03
   95   6.4090E-03
   96   7.7480E-03
   97   9.4020E-03
   98   1.1280E-02
   99   1.3672E-02
  100   1.6971E-02
  101   1.9273E-02
  102   2.2335E-02
  103   2.6315E-02
  104   3.0228E-02
  105   3.3602E-02
  106   3.7926E-02
  107   4.1193E-02
  108   4.3993E-02
  109   4.7106E-02
  110   5.0080E-02
  111   5.0420E-02
  112   5.0664E-02
  113   5.0675E-02
  114   5.0270E-02
  115   4.8323E-02
  116   4.6495E-02
  117   4.4154E-02
  118   4.1534E-02
  119   3.8440E-02
  120   3.3772E-02
  121   2.9035E-02
  122   2.4055E-02
  123   1.8541E-02
  124   1.4237E-02
  125   1.0176E-02
  126   7.0680E-03
  127   5.4340E-03
  128   7.0680E-03
  129   1.0176E-02
  130   1.4237E-02
  131   1.8541E-02
  132   2.4055E-02
  133   2.9035E-02
  134   3.3772E-02
  135   3.8440E-02
  136   4.1534E-02
  137   4.4154E-02
  138   4.6495E-02
  139   4.8323E-02
  140   5.0270E-02
  141   5.0675E-02
  142   5.0664E-02
  143   5.0420E-02
  144   5.0080E-02
  145   4.7106E-02
  146   4.3993E-02
  147   4.1193E-02
  148   3.7926E-02
  149   3.3602E-02
  150   3.0228E-02
  151   2.6315E-02
  152   2.2335E-02
  153   1.9273E-02
  154   1.6971E-02
  155   1.3672E-02
  156   1.1280E-02
  157   9.4020E-03
  158   7.7480E-03
  159   6.4090E-03
  160   5.2090E-03
  161   3.9630E-03
  162   2.9920E-03
  163   2.5040E-03
  164   2.0200E-03
  165   1.4030E-03
  166   1.0960E-03
  167   7.6600E-04
  168   5.6900E-04
  169   4.2000E-04
  170   3.2000E-04
  171   2.1500E-04
  172   1.3400E-04
  173   7.5000E-05
  174   7.1000E-05
  175   3.3000E-05
  176   3.4000E-05
  177   2.0000E-05
  178   1.2000E-05
  179   5.0000E-06
  180   5.0000E-06
  181   2.0000E-06
  187   2.0000E-06
