   75   5.0000E-06
   76   4.0000E-06
   77   5.0000E-06
   78   1.2000E-05
   79   2.6000E-05
   80   4.5000E-05
   81   7.5000E-05
   82   1.3600E-04
   83   2.0400E-04
   84   3.7400E-04
   85   5.2700E-04
   86   8.7200E-04
   87   1.2370E-03
   88   1.8290E-03
   89   2.4770E-03
   90   3.6040E-03
   91   4.4290E-03
   92   5.4060E-03
   93   6.9650E-03
   94   8.8970E-03
   95   1.0127E-02
   96   1.2107E-02
   97   1.3586E-02
   98   1.4998E-02
   99   1.6956E-02
  100   1.9618E-02
  101   2.1034E-02
  102   2.3312E-02
  103   2.6205E-02
  104   2.9198E-02
  105   3.1596E-02
  106   3.5673E-02
  107   3.8402E-02
  108   4.1392E-02
  109   4.4559E-02
  110   4.7034E-02
  111   4.8855E-02
  112   4.9516E-02
  113   4.9566E-02
  114   4.7992E-02
  115   4.6812E-02
  116   4.5133E-02
  117   4.2745E-02
  118   3.9819E-02
  119   3.7229E-02
  120   3.2673E-02
  121   2.8772E-02
  122   2.2393E-02
  123   1.7014E-02
  124   1.2170E-02
  125   8.1950E-03
  126   5.0850E-03
  127   3.0900E-03
  128   3.0900E-03
  129   5.0850E-03
  130   8.1950E-03
  131   1.2170E-02
  132   1.7014E-02
  133   2.2393E-02
  134   2.8772E-02
  135   3.2673E-02
  136   3.7229E-02
  137   3.9819E-02
  138   4.2745E-02
  139   4.5133E-02
  140   4.6812E-02
  141   4.7992E-02
  142   4.9566E-02
  143   4.9516E-02
  144   4.8855E-02
  145   4.7034E-02
  146   4.4559E-02
  147   4.1392E-02
  148   3.8402E-02
  149   3.5673E-02
  150   3.1596E-02
  151   2.9198E-02
  152   2.6205E-02
  153   2.3312E-02
  154   2.1034E-02
  155   1.9618E-02
  156   1.6956E-02
  157   1.4998E-02
  158   1.3586E-02
  159   1.2107E-02
  160   1.0127E-02
  161   8.8970E-03
  162   6.9650E-03
  163   5.4060E-03
  164   4.4290E-03
  165   3.6040E-03
  166   2.4770E-03
  167   1.8290E-03
  168   1.2370E-03
  169   8.7200E-04
  170   5.2700E-04
  171   3.7400E-04
  172   2.0400E-04
  173   1.3600E-04
  174   7.5000E-05
  175   4.5000E-05
  176   2.6000E-05
  177   1.2000E-05
  178   5.0000E-06
  179   4.0000E-06
  180   5.0000E-06
