   73   2.0000E-06
   75   2.0000E-06
   76   9.0000E-06
   78   2.2000E-05
   79   3.6000E-05
   80   4.2000E-05
   81   7.0000E-05
   82   1.1000E-04
   83   2.3900E-04
   84   3.6900E-04
   85   5.6500E-04
   86   8.5200E-04
   87   1.1750E-03
   88   1.5460E-03
   89   2.2760E-03
   90   3.3620E-03
   91   4.0770E-03
   92   4.9450E-03
   93   6.3020E-03
   94   7.9500E-03
   95   9.0920E-03
   96   1.0693E-02
   97   1.2525E-02
   98   1.3204E-02
   99   1.5737E-02
  100   1.8832E-02
  101   2.0260E-02
  102   2.2460E-02
  103   2.5578E-02
  104   2.8396E-02
  105   3.1833E-02
  106   3.5368E-02
  107   3.8309E-02
  108   4.1157E-02
  109   4.4355E-02
  110   4.6910E-02
  111   4.8530E-02
  112   4.8996E-02
  113   4.9537E-02
  114   4.8595E-02
  115   4.6625E-02
  116   4.5562E-02
  117   4.3171E-02
  118   4.1046E-02
  119   3.8417E-02
  120   3.4708E-02
  121   2.9848E-02
  122   2.4469E-02
  123   1.8781E-02
  124   1.3677E-02
  125   9.3660E-03
  126   6.1590E-03
  127   3.8320E-03
  128   3.8320E-03
  129   6.1590E-03
  130   9.3660E-03
  131   1.3677E-02
  132   1.8781E-02
  133   2.4469E-02
  134   2.9848E-02
  135   3.4708E-02
  136   3.8417E-02
  137   4.1046E-02
  138   4.3171E-02
  139   4.5562E-02
  140   4.6625E-02
  141   4.8595E-02
  142   4.9537E-02
  143   4.8996E-02
  144   4.8530E-02
  145   4.6910E-02
  146   4.4355E-02
  147   4.1157E-02
  148   3.8309E-02
  149   3.5368E-02
  150   3.1833E-02
  151   2.8396E-02
  152   2.5578E-02
  153   2.2460E-02
  154   2.0260E-02
  155   1.8832E-02
  156   1.5737E-02
  157   1.3204E-02
  158   1.2525E-02
  159   1.0693E-02
  160   9.0920E-03
  161   7.9500E-03
  162   6.3020E-03
  163   4.9450E-03
  164   4.0770E-03
  165   3.3620E-03
  166   2.2760E-03
  167   1.5460E-03
  168   1.1750E-03
  169   8.5200E-04
  170   5.6500E-04
  171   3.6900E-04
  172   2.3900E-04
  173   1.1000E-04
  174   7.0000E-05
  175   4.2000E-05
  176   3.6000E-05
  177   2.2000E-05
  179   9.0000E-06
  180   2.0000E-06
  182   2.0000E-06
