   69   2.0000E-06
   72   6.0000E-06
   73   3.0000E-06
   74   2.0000E-06
   75   9.0000E-06
   76   1.2000E-05
   77   1.1000E-05
   78   9.0000E-06
   79   4.7000E-05
   80   4.7000E-05
   81   5.4000E-05
   82   1.0400E-04
   83   1.4300E-04
   84   2.2900E-04
   85   3.0900E-04
   86   4.6000E-04
   87   6.0700E-04
   88   7.9200E-04
   89   1.0760E-03
   90   1.5880E-03
   91   1.9360E-03
   92   2.4800E-03
   93   3.2520E-03
   94   4.2200E-03
   95   5.1460E-03
   96   6.6440E-03
   97   7.6870E-03
   98   9.1970E-03
   99   1.1377E-02
  100   1.3939E-02
  101   1.6099E-02
  102   1.9002E-02
  103   2.1972E-02
  104   2.4832E-02
  105   2.8715E-02
  106   3.2714E-02
  107   3.6121E-02
  108   3.9333E-02
  109   4.2962E-02
  110   4.5707E-02
  111   4.8319E-02
  112   4.9383E-02
  113   4.9861E-02
  114   5.0018E-02
  115   4.9287E-02
  116   4.8281E-02
  117   4.5530E-02
  118   4.3994E-02
  119   4.1960E-02
  120   3.9018E-02
  121   3.5400E-02
  122   3.0833E-02
  123   2.5900E-02
  124   2.1386E-02
  125   1.6654E-02
  126   1.2515E-02
  127   9.2350E-03
  128   7.3970E-03
  129   9.4260E-03
  130   1.2779E-02
  131   1.7091E-02
  132   2.1742E-02
  133   2.6475E-02
  134   3.1380E-02
  135   3.5808E-02
  136   3.9405E-02
  137   4.2303E-02
  138   4.4190E-02
  139   4.5836E-02
  140   4.8322E-02
  141   4.9407E-02
  142   5.0099E-02
  143   4.9822E-02
  144   4.9468E-02
  145   4.8126E-02
  146   4.5417E-02
  147   4.2677E-02
  148   3.8907E-02
  149   3.6053E-02
  150   3.2244E-02
  151   2.8429E-02
  152   2.4722E-02
  153   2.1643E-02
  154   1.8848E-02
  155   1.5936E-02
  156   1.3678E-02
  157   1.1146E-02
  158   9.0480E-03
  159   7.5830E-03
  160   6.4850E-03
  161   5.0490E-03
  162   4.0380E-03
  163   3.1360E-03
  164   2.3480E-03
  165   1.8540E-03
  166   1.4930E-03
  167   1.0120E-03
  168   7.3900E-04
  169   5.8900E-04
  170   4.2400E-04
  171   2.9200E-04
  172   2.1800E-04
  173   1.3100E-04
  174   1.0300E-04
  175   5.1000E-05
  176   4.1000E-05
  177   4.7000E-05
  178   9.0000E-06
  179   1.1000E-05
  180   1.2000E-05
  181   9.0000E-06
  182   2.0000E-06
  183   3.0000E-06
  184   6.0000E-06
  187   2.0000E-06
