   64   2.0000E-06
   65   2.0000E-06
   68   3.0000E-06
   69   2.0000E-06
   70   2.0000E-06
   71   6.0000E-06
   72   1.1000E-05
   73   1.5000E-05
   74   2.2000E-05
   75   1.9000E-05
   76   2.5000E-05
   77   3.7000E-05
   78   4.0000E-05
   79   5.5000E-05
   80   7.9000E-05
   81   8.8000E-05
   82   1.6000E-04
   83   1.5900E-04
   84   2.0400E-04
   85   2.7800E-04
   86   4.0200E-04
   87   4.9300E-04
   88   6.8900E-04
   89   8.4800E-04
   90   1.1450E-03
   91   1.4440E-03
   92   1.9450E-03
   93   2.4100E-03
   94   3.0590E-03
   95   3.9210E-03
   96   4.7470E-03
   97   5.7800E-03
   98   6.9480E-03
   99   8.1340E-03
  100   9.1880E-03
  101   1.1103E-02
  102   1.2979E-02
  103   1.4661E-02
  104   1.6880E-02
  105   1.9275E-02
  106   2.1777E-02
  107   2.4470E-02
  108   2.7237E-02
  109   3.0075E-02
  110   3.3145E-02
  111   3.5802E-02
  112   3.8038E-02
  113   4.0592E-02
  114   4.2385E-02
  115   4.3318E-02
  116   4.4431E-02
  117   4.4153E-02
  118   4.4187E-02
  119   4.3863E-02
  120   4.3044E-02
  121   4.2284E-02
  122   4.0757E-02
  123   3.9263E-02
  124   3.7082E-02
  125   3.4179E-02
  126   3.0895E-02
  127   2.7782E-02
  128   2.5287E-02
  129   2.2504E-02
  130   2.0829E-02
  131   2.2370E-02
  132   2.5324E-02
  133   2.8055E-02
  134   3.1039E-02
  135   3.4734E-02
  136   3.7331E-02
  137   3.9646E-02
  138   4.1280E-02
  139   4.2329E-02
  140   4.3464E-02
  141   4.4383E-02
  142   4.4293E-02
  143   4.5011E-02
  144   4.4635E-02
  145   4.4069E-02
  146   4.2498E-02
  147   4.1161E-02
  148   3.8341E-02
  149   3.6230E-02
  150   3.3508E-02
  151   3.0523E-02
  152   2.7655E-02
  153   2.4786E-02
  154   2.2106E-02
  155   1.9634E-02
  156   1.7240E-02
  157   1.4971E-02
  158   1.3298E-02
  159   1.1275E-02
  160   9.5750E-03
  161   8.2200E-03
  162   7.1060E-03
  163   6.0360E-03
  164   4.7700E-03
  165   3.9380E-03
  166   3.2040E-03
  167   2.4910E-03
  168   1.9420E-03
  169   1.5080E-03
  170   1.1440E-03
  171   8.8100E-04
  172   6.9200E-04
  173   5.5100E-04
  174   4.2100E-04
  175   3.0600E-04
  176   2.2600E-04
  177   1.7800E-04
  178   1.2700E-04
  179   1.4800E-04
  180   8.9000E-05
  181   6.3000E-05
  182   5.0000E-05
  183   4.0000E-05
  184   3.1000E-05
  185   2.4000E-05
  186   1.9000E-05
  187   2.3000E-05
  188   1.1000E-05
  189   1.4000E-05
  190   3.0000E-06
