   60   1.2000E-05
   61   1.6000E-05
   62   3.7000E-05
   63   7.7000E-05
   64   1.6000E-04
   65   2.3800E-04
   66   3.6200E-04
   67   5.1400E-04
   68   6.9100E-04
   69   6.8500E-04
   70   9.6900E-04
   71   8.9600E-04
   72   9.0900E-04
   73   9.8700E-04
   74   1.2150E-03
   75   9.9300E-04
   76   9.2300E-04
   77   9.5600E-04
   78   1.2300E-03
   79   1.6110E-03
   80   2.6660E-03
   81   3.9970E-03
   82   6.7920E-03
   83   1.0540E-02
   84   1.5529E-02
   85   2.1234E-02
   86   2.9186E-02
   87   3.4220E-02
   88   3.8148E-02
   89   4.2496E-02
   90   4.4729E-02
   91   4.3069E-02
   92   4.1191E-02
   93   4.0696E-02
   94   4.0037E-02
   95   4.2137E-02
   96   4.6318E-02
   97   5.2858E-02
   98   6.0783E-02
   99   7.0201E-02
  100   7.8295E-02
  101   8.5671E-02
  102   9.0235E-02
  103   9.0952E-02
  104   9.0235E-02
  105   8.5671E-02
  106   7.8295E-02
  107   7.0201E-02
  108   6.0783E-02
  109   5.2858E-02
  110   4.6318E-02
  111   4.2137E-02
  112   4.0037E-02
  113   4.0696E-02
  114   4.1191E-02
  115   4.3069E-02
  116   4.4729E-02
  117   4.2496E-02
  118   3.8148E-02
  119   3.4220E-02
  120   2.9186E-02
  121   2.1234E-02
  122   1.5529E-02
  123   1.0540E-02
  124   6.7920E-03
  125   3.9970E-03
  126   2.6660E-03
  127   1.6110E-03
  128   1.2300E-03
  129   9.5600E-04
  130   9.2300E-04
  131   9.9300E-04
  132   1.2150E-03
  133   9.8700E-04
  134   9.0900E-04
  135   8.9600E-04
  136   9.6900E-04
  137   6.8500E-04
  138   6.9100E-04
  139   5.1400E-04
  140   3.6200E-04
  141   2.3800E-04
  142   1.6000E-04
  143   7.7000E-05
  144   3.7000E-05
  145   1.6000E-05
  146   1.2000E-05
