   62   2.0000E-05
   63   5.2000E-05
   64   1.0200E-04
   65   2.3100E-04
   66   4.7100E-04
   67   8.4700E-04
   68   1.3370E-03
   69   1.9260E-03
   70   2.6170E-03
   71   3.1910E-03
   72   3.7550E-03
   73   4.0640E-03
   74   4.2820E-03
   75   4.5320E-03
   76   4.4490E-03
   77   4.3200E-03
   78   4.1610E-03
   79   3.7410E-03
   80   3.5330E-03
   81   3.3420E-03
   82   3.5010E-03
   83   4.4040E-03
   84   6.3980E-03
   85   1.0106E-02
   86   1.5692E-02
   87   2.3515E-02
   88   3.2460E-02
   89   4.2748E-02
   90   5.1744E-02
   91   5.8798E-02
   92   6.2456E-02
   93   6.1909E-02
   94   5.7580E-02
   95   5.0920E-02
   96   4.4623E-02
   97   3.9206E-02
   98   3.6592E-02
   99   3.7530E-02
  100   4.1252E-02
  101   4.7877E-02
  102   5.5421E-02
  103   6.2317E-02
  104   6.7428E-02
  105   6.9066E-02
  106   6.7428E-02
  107   6.2317E-02
  108   5.5421E-02
  109   4.7877E-02
  110   4.1252E-02
  111   3.7530E-02
  112   3.6592E-02
  113   3.9206E-02
  114   4.4623E-02
  115   5.0920E-02
  116   5.7580E-02
  117   6.1909E-02
  118   6.2456E-02
  119   5.8798E-02
  120   5.1744E-02
  121   4.2748E-02
  122   3.2460E-02
  123   2.3515E-02
  124   1.5692E-02
  125   1.0106E-02
  126   6.3980E-03
  127   4.4040E-03
  128   3.5010E-03
  129   3.3420E-03
  130   3.5330E-03
  131   3.7410E-03
  132   4.1610E-03
  133   4.3200E-03
  134   4.4490E-03
  135   4.5320E-03
  136   4.2820E-03
  137   4.0640E-03
  138   3.7550E-03
  139   3.1910E-03
  140   2.6170E-03
  141   1.9260E-03
  142   1.3370E-03
  143   8.4700E-04
  144   4.7100E-04
  145   2.3100E-04
  146   1.0200E-04
  147   5.2000E-05
  148   2.0000E-05
