   57   3.0000E-06
   58   3.0000E-06
   59   6.0000E-06
   60   1.1000E-05
   61   2.9000E-05
   62   4.3000E-05
   63   7.9000E-05
   64   1.4600E-04
   65   2.4900E-04
   66   3.5100E-04
   67   4.9400E-04
   68   6.3300E-04
   69   7.4700E-04
   70   1.0090E-03
   71   1.0620E-03
   72   1.2190E-03
   73   1.4060E-03
   74   1.7830E-03
   75   1.8960E-03
   76   2.2500E-03
   77   2.7310E-03
   78   3.5040E-03
   79   4.4330E-03
   80   6.1140E-03
   81   7.6230E-03
   82   9.5970E-03
   83   1.2815E-02
   84   1.6216E-02
   85   2.0027E-02
   86   2.4836E-02
   87   2.8831E-02
   88   3.2921E-02
   89   3.7051E-02
   90   4.0622E-02
   91   4.3040E-02
   92   4.5112E-02
   93   4.7489E-02
   94   4.9614E-02
   95   5.2674E-02
   96   5.5123E-02
   97   5.8230E-02
   98   6.1323E-02
   99   6.5059E-02
  100   6.7250E-02
  101   6.9534E-02
  102   7.1219E-02
  103   7.0998E-02
  104   7.0997E-02
  105   7.0274E-02
  106   6.8084E-02
  107   6.5532E-02
  108   6.2851E-02
  109   5.9542E-02
  110   5.6509E-02
  111   5.4295E-02
  112   5.1373E-02
  113   4.9469E-02
  114   4.6860E-02
  115   4.4765E-02
  116   4.2667E-02
  117   3.8780E-02
  118   3.5040E-02
  119   3.0637E-02
  120   2.6555E-02
  121   2.1722E-02
  122   1.7524E-02
  123   1.4302E-02
  124   1.1054E-02
  125   8.4950E-03
  126   6.9580E-03
  127   5.4250E-03
  128   4.1700E-03
  129   3.2730E-03
  130   2.5940E-03
  131   2.2830E-03
  132   1.9670E-03
  133   1.6500E-03
  134   1.3780E-03
  135   1.1840E-03
  136   1.1170E-03
  137   8.0300E-04
  138   6.9400E-04
  139   5.6900E-04
  140   3.5100E-04
  141   2.8200E-04
  142   1.6700E-04
  143   8.8000E-05
  144   4.7000E-05
  145   3.7000E-05
  146   2.4000E-05
  147   8.0000E-06
  148   3.0000E-06
  149   3.0000E-06
  150   3.0000E-06
