   59   2.0000E-06
   60   5.0000E-06
   61   1.4000E-05
   62   3.4000E-05
   63   5.8000E-05
   64   1.1100E-04
   65   1.9300E-04
   66   3.3400E-04
   67   4.4300E-04
   68   5.7900E-04
   69   7.2400E-04
   70   1.0850E-03
   71   1.1350E-03
   72   1.3700E-03
   73   1.6070E-03
   74   1.8670E-03
   75   1.8700E-03
   76   2.3250E-03
   77   2.3860E-03
   78   2.7970E-03
   79   3.5430E-03
   80   4.8170E-03
   81   5.9190E-03
   82   8.1510E-03
   83   9.8960E-03
   84   1.2291E-02
   85   1.5807E-02
   86   2.0546E-02
   87   2.3601E-02
   88   2.8279E-02
   89   3.3664E-02
   90   3.7441E-02
   91   4.1126E-02
   92   4.5219E-02
   93   4.8240E-02
   94   4.9999E-02
   95   5.1941E-02
   96   5.5064E-02
   97   5.5577E-02
   98   5.6990E-02
   99   5.9753E-02
  100   6.1187E-02
  101   6.1300E-02
  102   6.2705E-02
  103   6.4117E-02
  104   6.3876E-02
  105   6.3876E-02
  106   6.4117E-02
  107   6.2705E-02
  108   6.1300E-02
  109   6.1187E-02
  110   5.9753E-02
  111   5.6990E-02
  112   5.5577E-02
  113   5.5064E-02
  114   5.1941E-02
  115   4.9999E-02
  116   4.8240E-02
  117   4.5219E-02
  118   4.1126E-02
  119   3.7441E-02
  120   3.3664E-02
  121   2.8279E-02
  122   2.3601E-02
  123   2.0546E-02
  124   1.5807E-02
  125   1.2291E-02
  126   9.8960E-03
  127   8.1510E-03
  128   5.9190E-03
  129   4.8170E-03
  130   3.5430E-03
  131   2.7970E-03
  132   2.3860E-03
  133   2.3250E-03
  134   1.8700E-03
  135   1.8670E-03
  136   1.6070E-03
  137   1.3700E-03
  138   1.1350E-03
  139   1.0850E-03
  140   7.2400E-04
  141   5.7900E-04
  142   4.4300E-04
  143   3.3400E-04
  144   1.9300E-04
  145   1.1100E-04
  146   5.8000E-05
  147   3.4000E-05
  148   1.4000E-05
  149   5.0000E-06
  150   2.0000E-06
