   60   7.0000E-06
   61   1.6000E-05
   62   3.5000E-05
   63   9.3000E-05
   64   2.8300E-04
   65   2.2900E-04
   66   6.5600E-04
   67   7.3900E-04
   68   1.1140E-03
   69   9.3100E-04
   70   2.0590E-03
   71   1.3520E-03
   72   1.5300E-03
   73   1.5860E-03
   74   2.4270E-03
   75   1.3540E-03
   76   1.7950E-03
   77   1.6760E-03
   78   1.6670E-03
   79   1.6000E-03
   80   2.8440E-03
   81   2.6400E-03
   82   5.9660E-03
   83   9.0940E-03
   84   1.1630E-02
   85   1.6794E-02
   86   3.2009E-02
   87   3.1066E-02
   88   3.3896E-02
   89   4.8322E-02
   90   5.2339E-02
   91   4.0461E-02
   92   4.6205E-02
   93   5.0338E-02
   94   4.0468E-02
   95   3.6576E-02
   96   4.5969E-02
   97   5.3423E-02
   98   4.7345E-02
   99   5.5682E-02
  100   7.9548E-02
  101   7.5084E-02
  102   6.8819E-02
  103   9.2319E-02
  104   9.2319E-02
  105   6.8819E-02
  106   7.5084E-02
  107   7.9548E-02
  108   5.5682E-02
  109   4.7345E-02
  110   5.3423E-02
  111   4.5969E-02
  112   3.6576E-02
  113   4.0468E-02
  114   5.0338E-02
  115   4.6205E-02
  116   4.0461E-02
  117   5.2339E-02
  118   4.8322E-02
  119   3.3896E-02
  120   3.1066E-02
  121   3.2009E-02
  122   1.6794E-02
  123   1.1630E-02
  124   9.0940E-03
  125   5.9660E-03
  126   2.6400E-03
  127   2.8440E-03
  128   1.6000E-03
  129   1.6670E-03
  130   1.6760E-03
  131   1.7950E-03
  132   1.3540E-03
  133   2.4270E-03
  134   1.5860E-03
  135   1.5300E-03
  136   1.3520E-03
  137   2.0590E-03
  138   9.3100E-04
  139   1.1140E-03
  140   7.3900E-04
  141   6.5600E-04
  142   2.2900E-04
  143   2.8300E-04
  144   9.3000E-05
  145   3.5000E-05
  146   1.6000E-05
  147   7.0000E-06
