   60   7.0000E-06
   61   4.0000E-06
   62   1.7000E-05
   63   2.1000E-05
   64   9.8000E-05
   65   8.8000E-05
   66   1.9900E-04
   67   1.9500E-04
   68   4.0900E-04
   69   2.6200E-04
   70   5.9800E-04
   71   3.7900E-04
   72   4.7700E-04
   73   3.4500E-04
   74   7.6800E-04
   75   3.7400E-04
   76   4.7600E-04
   77   4.3900E-04
   78   7.4100E-04
   79   9.3600E-04
   80   2.1370E-03
   81   3.2410E-03
   82   6.0160E-03
   83   9.3430E-03
   84   1.4193E-02
   85   2.0054E-02
   86   2.9816E-02
   87   3.3518E-02
   88   3.7005E-02
   89   4.1731E-02
   90   4.3572E-02
   91   3.9475E-02
   92   3.5879E-02
   93   3.3525E-02
   94   3.1466E-02
   95   3.2973E-02
   96   3.8194E-02
   97   4.7574E-02
   98   5.9681E-02
   99   7.5249E-02
  100   8.9832E-02
  101   1.0175E-01
  102   1.1029E-01
  103   1.1329E-01
  104   1.1029E-01
  105   1.0175E-01
  106   8.9832E-02
  107   7.5249E-02
  108   5.9681E-02
  109   4.7574E-02
  110   3.8194E-02
  111   3.2973E-02
  112   3.1466E-02
  113   3.3525E-02
  114   3.5879E-02
  115   3.9475E-02
  116   4.3572E-02
  117   4.1731E-02
  118   3.7005E-02
  119   3.3518E-02
  120   2.9816E-02
  121   2.0054E-02
  122   1.4193E-02
  123   9.3430E-03
  124   6.0160E-03
  125   3.2410E-03
  126   2.1370E-03
  127   9.3600E-04
  128   7.4100E-04
  129   4.3900E-04
  130   4.7600E-04
  131   3.7400E-04
  132   7.6800E-04
  133   3.4500E-04
  134   4.7700E-04
  135   3.7900E-04
  136   5.9800E-04
  137   2.6200E-04
  138   4.0900E-04
  139   1.9500E-04
  140   1.9900E-04
  141   8.8000E-05
  142   9.8000E-05
  143   2.1000E-05
  144   1.7000E-05
  145   4.0000E-06
  146   7.0000E-06
