   59   3.0000E-06
   60   4.0000E-06
   61   1.9000E-05
   62   2.3000E-05
   63   6.9000E-05
   64   1.1400E-04
   65   2.7400E-04
   66   5.8100E-04
   67   8.2900E-04
   68   1.1610E-03
   69   1.6250E-03
   70   2.3820E-03
   71   2.7460E-03
   72   3.2850E-03
   73   3.5660E-03
   74   3.7570E-03
   75   4.0010E-03
   76   4.4960E-03
   77   4.2050E-03
   78   4.2210E-03
   79   4.6730E-03
   80   4.9450E-03
   81   5.7950E-03
   82   7.5050E-03
   83   8.8460E-03
   84   1.0481E-02
   85   1.3580E-02
   86   1.7032E-02
   87   2.2094E-02
   88   2.7589E-02
   89   3.3361E-02
   90   3.8704E-02
   91   4.3670E-02
   92   4.7982E-02
   93   5.0234E-02
   94   5.1907E-02
   95   5.2779E-02
   96   5.3072E-02
   97   5.3261E-02
   98   5.2599E-02
   99   5.4150E-02
  100   5.4009E-02
  101   5.5464E-02
  102   5.5794E-02
  103   5.7046E-02
  104   5.7507E-02
  105   5.7092E-02
  106   5.7507E-02
  107   5.7046E-02
  108   5.5794E-02
  109   5.5464E-02
  110   5.4009E-02
  111   5.4150E-02
  112   5.2599E-02
  113   5.3261E-02
  114   5.3072E-02
  115   5.2779E-02
  116   5.1907E-02
  117   5.0234E-02
  118   4.7982E-02
  119   4.3670E-02
  120   3.8704E-02
  121   3.3361E-02
  122   2.7589E-02
  123   2.2094E-02
  124   1.7032E-02
  125   1.3580E-02
  126   1.0481E-02
  127   8.8460E-03
  128   7.5050E-03
  129   5.7950E-03
  130   4.9450E-03
  131   4.6730E-03
  132   4.2210E-03
  133   4.2050E-03
  134   4.4960E-03
  135   4.0010E-03
  136   3.7570E-03
  137   3.5660E-03
  138   3.2850E-03
  139   2.7460E-03
  140   2.3820E-03
  141   1.6250E-03
  142   1.1610E-03
  143   8.2900E-04
  144   5.8100E-04
  145   2.7400E-04
  146   1.1400E-04
  147   6.9000E-05
  148   2.3000E-05
  149   1.9000E-05
  150   4.0000E-06
  151   3.0000E-06
