   60   8.0000E-06
   61   2.2000E-05
   62   3.1000E-05
   63   7.8000E-05
   64   1.4000E-04
   65   1.9000E-04
   66   3.5700E-04
   67   4.8000E-04
   68   5.9700E-04
   69   7.9200E-04
   70   1.1380E-03
   71   1.1070E-03
   72   1.2740E-03
   73   1.5380E-03
   74   1.8030E-03
   75   1.8140E-03
   76   2.1080E-03
   77   2.3580E-03
   78   2.7400E-03
   79   3.5640E-03
   80   4.9490E-03
   81   6.2710E-03
   82   8.3400E-03
   83   1.0819E-02
   84   1.3033E-02
   85   1.7077E-02
   86   2.2221E-02
   87   2.6083E-02
   88   3.0229E-02
   89   3.5537E-02
   90   4.0052E-02
   91   4.3191E-02
   92   4.6446E-02
   93   4.9342E-02
   94   5.1254E-02
   95   5.2723E-02
   96   5.4590E-02
   97   5.7028E-02
   98   5.8873E-02
   99   6.0279E-02
  100   6.2680E-02
  101   6.3546E-02
  102   6.4846E-02
  103   6.5864E-02
  104   6.5176E-02
  105   6.5837E-02
  106   6.4852E-02
  107   6.3558E-02
  108   6.2661E-02
  109   6.0281E-02
  110   5.8871E-02
  111   5.7028E-02
  112   5.4586E-02
  113   5.2725E-02
  114   5.1256E-02
  115   4.9341E-02
  116   4.6443E-02
  117   4.3207E-02
  118   4.0042E-02
  119   3.5526E-02
  120   3.0234E-02
  121   2.6079E-02
  122   2.2224E-02
  123   1.7068E-02
  124   1.3033E-02
  125   1.0823E-02
  126   8.3360E-03
  127   6.2710E-03
  128   4.9490E-03
  129   3.5640E-03
  130   2.7400E-03
  131   2.3580E-03
  132   2.1080E-03
  133   1.8140E-03
  134   1.8030E-03
  135   1.5380E-03
  136   1.2740E-03
  137   1.1070E-03
  138   1.1380E-03
  139   7.9200E-04
  140   5.9700E-04
  141   4.8000E-04
  142   3.5700E-04
  143   1.9000E-04
  144   1.4000E-04
  145   7.8000E-05
  146   3.1000E-05
  147   2.2000E-05
  148   8.0000E-06
