   62   4.0000E-06
   63   7.0000E-06
   64   1.4000E-05
   65   3.7000E-05
   66   9.1000E-05
   67   1.8700E-04
   68   4.1100E-04
   69   6.2700E-04
   70   9.8700E-04
   71   1.5110E-03
   72   2.6020E-03
   73   2.9590E-03
   74   3.5570E-03
   75   4.4810E-03
   76   5.4180E-03
   77   5.5100E-03
   78   6.4250E-03
   79   6.0490E-03
   80   6.2730E-03
   81   6.7920E-03
   82   7.4500E-03
   83   8.1400E-03
   84   9.7890E-03
   85   1.1366E-02
   86   1.2749E-02
   87   1.4622E-02
   88   1.7444E-02
   89   2.0470E-02
   90   2.5736E-02
   91   3.1179E-02
   92   3.8130E-02
   93   4.3171E-02
   94   4.8597E-02
   95   5.2087E-02
   96   5.4072E-02
   97   5.5269E-02
   98   5.5404E-02
   99   5.4808E-02
  100   5.3425E-02
  101   5.2128E-02
  102   5.1840E-02
  103   5.1185E-02
  104   5.0819E-02
  105   5.0642E-02
  106   5.0550E-02
  107   4.9942E-02
  108   5.0550E-02
  109   5.0642E-02
  110   5.0819E-02
  111   5.1185E-02
  112   5.1840E-02
  113   5.2128E-02
  114   5.3425E-02
  115   5.4808E-02
  116   5.5404E-02
  117   5.5269E-02
  118   5.4072E-02
  119   5.2087E-02
  120   4.8597E-02
  121   4.3171E-02
  122   3.8130E-02
  123   3.1179E-02
  124   2.5736E-02
  125   2.0470E-02
  126   1.7444E-02
  127   1.4622E-02
  128   1.2749E-02
  129   1.1366E-02
  130   9.7890E-03
  131   8.1400E-03
  132   7.4500E-03
  133   6.7920E-03
  134   6.2730E-03
  135   6.0490E-03
  136   6.4250E-03
  137   5.5100E-03
  138   5.4180E-03
  139   4.4810E-03
  140   3.5570E-03
  141   2.9590E-03
  142   2.6020E-03
  143   1.5110E-03
  144   9.8700E-04
  145   6.2700E-04
  146   4.1100E-04
  147   1.8700E-04
  148   9.1000E-05
  149   3.7000E-05
  150   1.4000E-05
  151   7.0000E-06
  152   4.0000E-06
