   62   3.0000E-06
   63   1.7000E-05
   64   5.7000E-05
   65   1.4600E-04
   66   2.7500E-04
   67   6.7000E-04
   68   1.1750E-03
   69   1.9430E-03
   70   2.8380E-03
   71   3.9020E-03
   72   5.0560E-03
   73   5.7640E-03
   74   6.5470E-03
   75   6.8600E-03
   76   7.1040E-03
   77   7.1900E-03
   78   7.1090E-03
   79   6.8340E-03
   80   6.4070E-03
   81   5.6550E-03
   82   5.3530E-03
   83   5.0980E-03
   84   5.4570E-03
   85   6.5780E-03
   86   9.4240E-03
   87   1.4175E-02
   88   2.1884E-02
   89   3.0589E-02
   90   4.0896E-02
   91   5.1196E-02
   92   5.9385E-02
   93   6.5544E-02
   94   6.5937E-02
   95   6.3441E-02
   96   5.7953E-02
   97   5.0044E-02
   98   4.3112E-02
   99   3.7977E-02
  100   3.6130E-02
  101   3.6994E-02
  102   4.0831E-02
  103   4.5158E-02
  104   5.0144E-02
  105   5.3960E-02
  106   5.4348E-02
  107   5.3960E-02
  108   5.0144E-02
  109   4.5158E-02
  110   4.0831E-02
  111   3.6994E-02
  112   3.6130E-02
  113   3.7977E-02
  114   4.3112E-02
  115   5.0044E-02
  116   5.7953E-02
  117   6.3441E-02
  118   6.5937E-02
  119   6.5544E-02
  120   5.9385E-02
  121   5.1196E-02
  122   4.0896E-02
  123   3.0589E-02
  124   2.1884E-02
  125   1.4175E-02
  126   9.4240E-03
  127   6.5780E-03
  128   5.4570E-03
  129   5.0980E-03
  130   5.3530E-03
  131   5.6550E-03
  132   6.4070E-03
  133   6.8340E-03
  134   7.1090E-03
  135   7.1900E-03
  136   7.1040E-03
  137   6.8600E-03
  138   6.5470E-03
  139   5.7640E-03
  140   5.0560E-03
  141   3.9020E-03
  142   2.8380E-03
  143   1.9430E-03
  144   1.1750E-03
  145   6.7000E-04
  146   2.7500E-04
  147   1.4600E-04
  148   5.7000E-05
  149   1.7000E-05
  150   3.0000E-06
