   62   1.1000E-05
   63   4.1000E-05
   64   5.6000E-05
   65   1.7100E-04
   66   5.8300E-04
   67   7.5200E-04
   68   8.8100E-04
   69   2.5920E-03
   70   3.3330E-03
   71   2.5050E-03
   72   4.8190E-03
   73   6.4790E-03
   74   4.1350E-03
   75   4.7970E-03
   76   7.7770E-03
   77   5.4400E-03
   78   4.0330E-03
   79   7.0920E-03
   80   3.9740E-03
   81   4.1140E-03
   82   5.3670E-03
   83   4.0420E-03
   84   4.6530E-03
   85   1.0452E-02
   86   1.1173E-02
   87   1.3953E-02
   88   3.4711E-02
   89   4.0190E-02
   90   3.1800E-02
   91   6.2739E-02
   92   7.6892E-02
   93   4.6101E-02
   94   5.9050E-02
   95   7.6034E-02
   96   4.4578E-02
   97   3.4141E-02
   98   4.6728E-02
   99   4.3241E-02
  100   2.9949E-02
  101   3.4929E-02
  102   6.0920E-02
  103   5.3066E-02
  104   3.9867E-02
  105   7.1828E-02
  106   7.1828E-02
  107   3.9867E-02
  108   5.3066E-02
  109   6.0920E-02
  110   3.4929E-02
  111   2.9949E-02
  112   4.3241E-02
  113   4.6728E-02
  114   3.4141E-02
  115   4.4578E-02
  116   7.6034E-02
  117   5.9050E-02
  118   4.6101E-02
  119   7.6892E-02
  120   6.2739E-02
  121   3.1800E-02
  122   4.0190E-02
  123   3.4711E-02
  124   1.3953E-02
  125   1.1173E-02
  126   1.0452E-02
  127   4.6530E-03
  128   4.0420E-03
  129   5.3670E-03
  130   4.1140E-03
  131   3.9740E-03
  132   7.0920E-03
  133   4.0330E-03
  134   5.4400E-03
  135   7.7770E-03
  136   4.7970E-03
  137   4.1350E-03
  138   6.4790E-03
  139   4.8190E-03
  140   2.5050E-03
  141   3.3330E-03
  142   2.5920E-03
  143   8.8100E-04
  144   7.5200E-04
  145   5.8300E-04
  146   1.7100E-04
  147   5.6000E-05
  148   4.1000E-05
  149   1.1000E-05
