   60   2.0000E-06
   61   2.0000E-06
   62   1.5000E-05
   63   4.0000E-05
   64   5.9000E-05
   65   1.5600E-04
   66   4.6600E-04
   67   7.6200E-04
   68   1.4270E-03
   69   2.1400E-03
   70   3.1870E-03
   71   4.1380E-03
   72   5.8450E-03
   73   6.3720E-03
   74   6.6820E-03
   75   7.4970E-03
   76   9.0540E-03
   77   7.9130E-03
   78   8.1630E-03
   79   8.0300E-03
   80   7.4510E-03
   81   8.0080E-03
   82   8.9830E-03
   83   9.5250E-03
   84   1.0376E-02
   85   1.0994E-02
   86   1.2004E-02
   87   1.5294E-02
   88   2.0558E-02
   89   2.6323E-02
   90   3.2989E-02
   91   4.0102E-02
   92   4.6751E-02
   93   5.1231E-02
   94   5.3516E-02
   95   5.4916E-02
   96   5.4375E-02
   97   5.2652E-02
   98   5.0351E-02
   99   4.8372E-02
  100   4.7490E-02
  101   4.6997E-02
  102   4.7588E-02
  103   4.8085E-02
  104   4.8872E-02
  105   4.9643E-02
  106   4.9176E-02
  107   4.9643E-02
  108   4.8872E-02
  109   4.8085E-02
  110   4.7588E-02
  111   4.6997E-02
  112   4.7490E-02
  113   4.8372E-02
  114   5.0351E-02
  115   5.2652E-02
  116   5.4375E-02
  117   5.4916E-02
  118   5.3516E-02
  119   5.1231E-02
  120   4.6751E-02
  121   4.0102E-02
  122   3.2989E-02
  123   2.6323E-02
  124   2.0558E-02
  125   1.5294E-02
  126   1.2004E-02
  127   1.0994E-02
  128   1.0376E-02
  129   9.5250E-03
  130   8.9830E-03
  131   8.0080E-03
  132   7.4510E-03
  133   8.0300E-03
  134   8.1630E-03
  135   7.9130E-03
  136   9.0540E-03
  137   7.4970E-03
  138   6.6820E-03
  139   6.3720E-03
  140   5.8450E-03
  141   4.1380E-03
  142   3.1870E-03
  143   2.1400E-03
  144   1.4270E-03
  145   7.6200E-04
  146   4.6600E-04
  147   1.5600E-04
  148   5.9000E-05
  149   4.0000E-05
  150   1.5000E-05
  151   2.0000E-06
  152   2.0000E-06
