   60   2.0000E-06
   62   5.0000E-06
   63   1.2000E-05
   64   4.5000E-05
   65   1.2100E-04
   66   3.0900E-04
   67   6.3700E-04
   68   1.1600E-03
   69   1.9090E-03
   70   2.8840E-03
   71   3.9560E-03
   72   5.0040E-03
   73   5.9020E-03
   74   6.4480E-03
   75   6.6870E-03
   76   7.0180E-03
   77   7.1670E-03
   78   7.0380E-03
   79   6.7880E-03
   80   6.4280E-03
   81   5.6900E-03
   82   5.2960E-03
   83   4.9760E-03
   84   5.4120E-03
   85   6.4860E-03
   86   9.4990E-03
   87   1.4350E-02
   88   2.1680E-02
   89   3.0777E-02
   90   4.1137E-02
   91   5.0808E-02
   92   5.9496E-02
   93   6.5108E-02
   94   6.5963E-02
   95   6.3928E-02
   96   5.7777E-02
   97   5.0042E-02
   98   4.3574E-02
   99   3.8067E-02
  100   3.6038E-02
  101   3.6811E-02
  102   4.0535E-02
  103   4.5501E-02
  104   5.0220E-02
  105   5.3864E-02
  106   5.4860E-02
  107   5.3864E-02
  108   5.0220E-02
  109   4.5501E-02
  110   4.0535E-02
  111   3.6811E-02
  112   3.6038E-02
  113   3.8067E-02
  114   4.3574E-02
  115   5.0042E-02
  116   5.7777E-02
  117   6.3928E-02
  118   6.5963E-02
  119   6.5108E-02
  120   5.9496E-02
  121   5.0808E-02
  122   4.1137E-02
  123   3.0777E-02
  124   2.1680E-02
  125   1.4350E-02
  126   9.4990E-03
  127   6.4860E-03
  128   5.4120E-03
  129   4.9760E-03
  130   5.2960E-03
  131   5.6900E-03
  132   6.4280E-03
  133   6.7880E-03
  134   7.0380E-03
  135   7.1670E-03
  136   7.0180E-03
  137   6.6870E-03
  138   6.4480E-03
  139   5.9020E-03
  140   5.0040E-03
  141   3.9560E-03
  142   2.8840E-03
  143   1.9090E-03
  144   1.1600E-03
  145   6.3700E-04
  146   3.0900E-04
  147   1.2100E-04
  148   4.5000E-05
  149   1.2000E-05
  150   5.0000E-06
  152   2.0000E-06
