   58   2.0000E-06
   59   1.1000E-05
   60   9.0000E-06
   61   1.0000E-05
   62   2.9000E-05
   63   3.1000E-05
   64   6.3000E-05
   65   9.8000E-05
   66   2.0900E-04
   67   2.6200E-04
   68   3.2200E-04
   69   4.5300E-04
   70   7.1700E-04
   71   8.0300E-04
   72   1.0550E-03
   73   1.2020E-03
   74   1.4950E-03
   75   1.7870E-03
   76   2.3970E-03
   77   2.6780E-03
   78   3.4010E-03
   79   4.0830E-03
   80   5.0550E-03
   81   6.3020E-03
   82   8.0250E-03
   83   9.5480E-03
   84   1.1716E-02
   85   1.4313E-02
   86   1.7025E-02
   87   2.0239E-02
   88   2.3441E-02
   89   2.7232E-02
   90   3.0868E-02
   91   3.4960E-02
   92   3.8400E-02
   93   4.1969E-02
   94   4.5123E-02
   95   4.8059E-02
   96   5.1041E-02
   97   5.3978E-02
   98   5.6478E-02
   99   5.8570E-02
  100   6.0549E-02
  101   6.2256E-02
  102   6.3398E-02
  103   6.4312E-02
  104   6.5163E-02
  105   6.5649E-02
  106   6.6018E-02
  107   6.4693E-02
  108   6.4324E-02
  109   6.3157E-02
  110   6.2161E-02
  111   6.0456E-02
  112   5.8314E-02
  113   5.6471E-02
  114   5.4029E-02
  115   5.0947E-02
  116   4.7790E-02
  117   4.4871E-02
  118   4.1601E-02
  119   3.7726E-02
  120   3.4010E-02
  121   2.9999E-02
  122   2.6354E-02
  123   2.2548E-02
  124   1.9510E-02
  125   1.6409E-02
  126   1.3762E-02
  127   1.1400E-02
  128   9.3040E-03
  129   7.7840E-03
  130   6.1300E-03
  131   4.9930E-03
  132   3.9740E-03
  133   3.3700E-03
  134   2.7250E-03
  135   2.2890E-03
  136   1.7650E-03
  137   1.4600E-03
  138   1.1660E-03
  139   9.8300E-04
  140   7.8700E-04
  141   5.7900E-04
  142   3.7900E-04
  143   2.8100E-04
  144   2.3200E-04
  145   1.5100E-04
  146   8.4000E-05
  147   5.5000E-05
  148   2.5000E-05
  149   2.2000E-05
  150   1.0000E-05
  151   9.0000E-06
  152   1.1000E-05
  153   2.0000E-06
