   61   5.0000E-06
   62   2.5000E-05
   63   3.7000E-05
   64   1.0100E-04
   65   1.7900E-04
   66   4.3100E-04
   67   6.3400E-04
   68   8.9600E-04
   69   1.4170E-03
   70   2.0990E-03
   71   2.3240E-03
   72   3.2300E-03
   73   3.3420E-03
   74   3.4060E-03
   75   3.7750E-03
   76   4.7750E-03
   77   4.0450E-03
   78   4.2340E-03
   79   4.5920E-03
   80   4.8820E-03
   81   5.4940E-03
   82   7.3840E-03
   83   8.1720E-03
   84   9.8420E-03
   85   1.2320E-02
   86   1.5481E-02
   87   1.8719E-02
   88   2.4949E-02
   89   2.9884E-02
   90   3.4355E-02
   91   4.0556E-02
   92   4.6715E-02
   93   4.8039E-02
   94   5.1033E-02
   95   5.4156E-02
   96   5.3705E-02
   97   5.2638E-02
   98   5.4222E-02
   99   5.5017E-02
  100   5.3225E-02
  101   5.3850E-02
  102   5.7233E-02
  103   5.5669E-02
  104   5.5201E-02
  105   5.7694E-02
  106   5.7694E-02
  107   5.5201E-02
  108   5.5669E-02
  109   5.7233E-02
  110   5.3850E-02
  111   5.3225E-02
  112   5.5017E-02
  113   5.4222E-02
  114   5.2638E-02
  115   5.3705E-02
  116   5.4156E-02
  117   5.1033E-02
  118   4.8039E-02
  119   4.6715E-02
  120   4.0556E-02
  121   3.4355E-02
  122   2.9884E-02
  123   2.4949E-02
  124   1.8719E-02
  125   1.5481E-02
  126   1.2320E-02
  127   9.8420E-03
  128   8.1720E-03
  129   7.3840E-03
  130   5.4940E-03
  131   4.8820E-03
  132   4.5920E-03
  133   4.2340E-03
  134   4.0450E-03
  135   4.7750E-03
  136   3.7750E-03
  137   3.4060E-03
  138   3.3420E-03
  139   3.2300E-03
  140   2.3240E-03
  141   2.0990E-03
  142   1.4170E-03
  143   8.9600E-04
  144   6.3400E-04
  145   4.3100E-04
  146   1.7900E-04
  147   1.0100E-04
  148   3.7000E-05
  149   2.5000E-05
  150   5.0000E-06
