   68   7.0000E-06
   69   1.7000E-05
   70   1.2600E-04
   71   2.2900E-04
   72   5.8900E-04
   73   1.4120E-03
   74   2.7700E-03
   75   4.7290E-03
   76   1.0057E-02
   77   1.2475E-02
   78   1.9816E-02
   79   2.3576E-02
   80   2.9754E-02
   81   3.2640E-02
   82   3.8891E-02
   83   3.8331E-02
   84   3.8316E-02
   85   3.9101E-02
   86   4.4723E-02
   87   4.0977E-02
   88   4.4973E-02
   89   5.7069E-02
   90   7.2737E-02
   91   8.3262E-02
   92   8.2310E-02
   93   6.6860E-02
   94   4.3682E-02
   95   2.3570E-02
   96   1.0176E-02
   97   3.5280E-03
   98   1.2430E-03
   99   7.8400E-04
  100   9.5700E-04
  101   1.6010E-03
  102   2.4280E-03
  103   3.7910E-03
  104   5.4160E-03
  105   7.5040E-03
  106   1.0117E-02
  107   1.2564E-02
  108   1.5973E-02
  109   1.8037E-02
  110   2.0288E-02
  111   2.1599E-02
  112   2.1962E-02
  113   2.1599E-02
  114   2.0288E-02
  115   1.8037E-02
  116   1.5973E-02
  117   1.2564E-02
  118   1.0117E-02
  119   7.5040E-03
  120   5.4160E-03
  121   3.7910E-03
  122   2.4280E-03
  123   1.6010E-03
  124   9.5700E-04
  125   7.8400E-04
  126   1.2430E-03
  127   3.5280E-03
  128   1.0176E-02
  129   2.3570E-02
  130   4.3682E-02
  131   6.6860E-02
  132   8.2310E-02
  133   8.3262E-02
  134   7.2737E-02
  135   5.7069E-02
  136   4.4973E-02
  137   4.0977E-02
  138   4.4723E-02
  139   3.9101E-02
  140   3.8316E-02
  141   3.8331E-02
  142   3.8891E-02
  143   3.2640E-02
  144   2.9754E-02
  145   2.3576E-02
  146   1.9816E-02
  147   1.2475E-02
  148   1.0057E-02
  149   4.7290E-03
  150   2.7700E-03
  151   1.4120E-03
  152   5.8900E-04
  153   2.2900E-04
  154   1.2600E-04
  155   1.7000E-05
  156   7.0000E-06
