   66   7.0000E-06
   67   1.5000E-05
   68   2.8000E-05
   69   3.4000E-05
   70   8.5000E-05
   71   1.8400E-04
   72   3.1000E-04
   73   5.0100E-04
   74   8.0700E-04
   75   1.1050E-03
   76   1.7990E-03
   77   2.2110E-03
   78   3.0310E-03
   79   3.6030E-03
   80   4.4520E-03
   81   4.9880E-03
   82   5.6030E-03
   83   6.1790E-03
   84   6.5710E-03
   85   7.1590E-03
   86   8.1360E-03
   87   8.4700E-03
   88   9.6280E-03
   89   1.1281E-02
   90   1.3107E-02
   91   1.4313E-02
   92   1.6072E-02
   93   1.6955E-02
   94   1.7756E-02
   95   1.9245E-02
   96   2.0880E-02
   97   2.3755E-02
   98   2.6824E-02
   99   3.0681E-02
  100   3.4715E-02
  101   3.8721E-02
  102   4.3801E-02
  103   4.8422E-02
  104   5.2561E-02
  105   5.7074E-02
  106   6.1109E-02
  107   6.4530E-02
  108   6.8017E-02
  109   7.0628E-02
  110   7.2601E-02
  111   7.3414E-02
  112   7.3555E-02
  113   7.3053E-02
  114   7.2081E-02
  115   7.0105E-02
  116   6.6811E-02
  117   6.3643E-02
  118   6.0133E-02
  119   5.5874E-02
  120   5.1358E-02
  121   4.7575E-02
  122   4.2377E-02
  123   3.7718E-02
  124   3.3951E-02
  125   2.9655E-02
  126   2.6311E-02
  127   2.3671E-02
  128   2.1265E-02
  129   2.0128E-02
  130   1.9209E-02
  131   1.7955E-02
  132   1.6294E-02
  133   1.4172E-02
  134   1.2026E-02
  135   1.0187E-02
  136   9.3140E-03
  137   8.6080E-03
  138   7.7550E-03
  139   6.9410E-03
  140   6.4980E-03
  141   5.9310E-03
  142   5.2120E-03
  143   4.5880E-03
  144   3.8730E-03
  145   3.0910E-03
  146   2.4070E-03
  147   1.7700E-03
  148   1.2660E-03
  149   7.7300E-04
  150   5.6700E-04
  151   3.5500E-04
  152   2.1500E-04
  153   1.2400E-04
  154   5.1000E-05
  155   2.9000E-05
  156   2.4000E-05
  157   1.4000E-05
  158   5.0000E-06
