   68   2.0000E-06
   69   1.1000E-05
   70   2.2000E-05
   71   6.1000E-05
   72   1.8500E-04
   73   4.9600E-04
   74   1.1050E-03
   75   2.3010E-03
   76   4.4060E-03
   77   7.5720E-03
   78   1.1806E-02
   79   1.6262E-02
   80   2.1834E-02
   81   2.6426E-02
   82   3.0397E-02
   83   3.2983E-02
   84   3.5615E-02
   85   3.6348E-02
   86   3.6859E-02
   87   3.7810E-02
   88   3.9218E-02
   89   4.7065E-02
   90   6.2430E-02
   91   8.3806E-02
   92   1.0465E-01
   93   1.0856E-01
   94   9.2566E-02
   95   6.3931E-02
   96   3.5842E-02
   97   1.5845E-02
   98   5.7880E-03
   99   1.6960E-03
  100   4.4400E-04
  101   2.0200E-04
  102   2.4700E-04
  103   3.9800E-04
  104   6.9500E-04
  105   1.1120E-03
  106   1.7050E-03
  107   2.4510E-03
  108   3.3350E-03
  109   4.3500E-03
  110   5.2520E-03
  111   6.0830E-03
  112   6.5210E-03
  113   6.5880E-03
  114   6.5210E-03
  115   6.0830E-03
  116   5.2520E-03
  117   4.3500E-03
  118   3.3350E-03
  119   2.4510E-03
  120   1.7050E-03
  121   1.1120E-03
  122   6.9500E-04
  123   3.9800E-04
  124   2.4700E-04
  125   2.0200E-04
  126   4.4400E-04
  127   1.6960E-03
  128   5.7880E-03
  129   1.5845E-02
  130   3.5842E-02
  131   6.3931E-02
  132   9.2566E-02
  133   1.0856E-01
  134   1.0465E-01
  135   8.3806E-02
  136   6.2430E-02
  137   4.7065E-02
  138   3.9218E-02
  139   3.7810E-02
  140   3.6859E-02
  141   3.6348E-02
  142   3.5615E-02
  143   3.2983E-02
  144   3.0397E-02
  145   2.6426E-02
  146   2.1834E-02
  147   1.6262E-02
  148   1.1806E-02
  149   7.5720E-03
  150   4.4060E-03
  151   2.3010E-03
  152   1.1050E-03
  153   4.9600E-04
  154   1.8500E-04
  155   6.1000E-05
  156   2.2000E-05
  157   1.1000E-05
  158   2.0000E-06
