   66   3.0000E-06
   67   9.0000E-06
   68   1.2000E-05
   69   3.3000E-05
   70   8.2000E-05
   71   1.3300E-04
   72   3.0400E-04
   73   5.7500E-04
   74   9.7000E-04
   75   1.6580E-03
   76   3.0030E-03
   77   3.8520E-03
   78   6.6370E-03
   79   8.2500E-03
   80   9.9510E-03
   81   1.1716E-02
   82   1.5728E-02
   83   1.6065E-02
   84   1.6681E-02
   85   1.8161E-02
   86   2.0243E-02
   87   1.8665E-02
   88   2.0106E-02
   89   2.1212E-02
   90   2.3218E-02
   91   2.7131E-02
   92   3.3294E-02
   93   3.3626E-02
   94   3.2092E-02
   95   2.9404E-02
   96   2.3794E-02
   97   2.0385E-02
   98   1.8595E-02
   99   1.8418E-02
  100   1.9983E-02
  101   2.3138E-02
  102   2.6245E-02
  103   2.9592E-02
  104   3.3791E-02
  105   3.8081E-02
  106   4.1005E-02
  107   4.4662E-02
  108   4.8093E-02
  109   5.1120E-02
  110   5.3035E-02
  111   5.5493E-02
  112   5.5714E-02
  113   5.6296E-02
  114   5.6470E-02
  115   5.4575E-02
  116   5.2599E-02
  117   5.1427E-02
  118   4.7268E-02
  119   4.4163E-02
  120   4.0951E-02
  121   3.7657E-02
  122   3.3055E-02
  123   2.9581E-02
  124   2.5960E-02
  125   2.2765E-02
  126   1.9951E-02
  127   1.8575E-02
  128   1.9209E-02
  129   2.1588E-02
  130   2.7084E-02
  131   3.1193E-02
  132   3.4589E-02
  133   3.5541E-02
  134   3.0468E-02
  135   2.5456E-02
  136   2.2469E-02
  137   2.0044E-02
  138   1.9292E-02
  139   1.9962E-02
  140   1.9181E-02
  141   1.7805E-02
  142   1.6936E-02
  143   1.6294E-02
  144   1.3988E-02
  145   1.1510E-02
  146   9.3430E-03
  147   7.8260E-03
  148   5.4760E-03
  149   3.6620E-03
  150   2.4540E-03
  151   1.4650E-03
  152   8.3100E-04
  153   5.0900E-04
  154   2.5700E-04
  155   1.3300E-04
  156   6.5000E-05
  157   3.3000E-05
  158   1.4000E-05
  159   7.0000E-06
  160   3.0000E-06
