   71   3.0000E-06
   72   3.1000E-05
   73   7.6000E-05
   74   1.6000E-04
   75   6.4200E-04
   76   7.0100E-04
   77   2.1150E-03
   78   4.6430E-03
   79   5.6520E-03
   80   6.4540E-03
   81   1.3417E-02
   82   1.9933E-02
   83   1.3647E-02
   84   2.0977E-02
   85   3.1119E-02
   86   1.9697E-02
   87   2.2307E-02
   88   3.5531E-02
   89   2.5077E-02
   90   2.5373E-02
   91   5.9970E-02
   92   7.0236E-02
   93   6.8690E-02
   94   1.5144E-01
   95   1.4043E-01
   96   7.7092E-02
   97   1.0127E-01
   98   3.2121E-02
   99   2.7220E-02
  100   5.6490E-03
  101   3.3110E-03
  102   4.5600E-04
  103   2.4300E-04
  104   2.0500E-04
  105   1.7100E-04
  106   4.6600E-04
  107   7.6800E-04
  108   6.5100E-04
  109   1.2160E-03
  110   1.9910E-03
  111   1.4210E-03
  112   1.9890E-03
  113   3.2410E-03
  114   2.1980E-03
  115   2.1980E-03
  116   3.2410E-03
  117   1.9890E-03
  118   1.4210E-03
  119   1.9910E-03
  120   1.2160E-03
  121   6.5100E-04
  122   7.6800E-04
  123   4.6600E-04
  124   1.7100E-04
  125   2.0500E-04
  126   2.4300E-04
  127   4.5600E-04
  128   3.3110E-03
  129   5.6490E-03
  130   2.7220E-02
  131   3.2121E-02
  132   1.0127E-01
  133   7.7092E-02
  134   1.4043E-01
  135   1.5144E-01
  136   6.8690E-02
  137   7.0236E-02
  138   5.9970E-02
  139   2.5373E-02
  140   2.5077E-02
  141   3.5531E-02
  142   2.2307E-02
  143   1.9697E-02
  144   3.1119E-02
  145   2.0977E-02
  146   1.3647E-02
  147   1.9933E-02
  148   1.3417E-02
  149   6.4540E-03
  150   5.6520E-03
  151   4.6430E-03
  152   2.1150E-03
  153   7.0100E-04
  154   6.4200E-04
  155   1.6000E-04
  156   7.6000E-05
  157   3.1000E-05
  158   3.0000E-06
