   68   4.0000E-06
   69   1.8000E-05
   70   7.1000E-05
   71   1.4100E-04
   72   4.2600E-04
   73   8.3300E-04
   74   1.7640E-03
   75   3.1700E-03
   76   7.0730E-03
   77   7.8620E-03
   78   1.5647E-02
   79   1.8496E-02
   80   2.2771E-02
   81   2.4460E-02
   82   3.5538E-02
   83   3.3674E-02
   84   3.1630E-02
   85   3.5302E-02
   86   4.1829E-02
   87   3.2457E-02
   88   3.7627E-02
   89   4.7179E-02
   90   5.1233E-02
   91   6.1668E-02
   92   8.1490E-02
   93   6.8823E-02
   94   5.0816E-02
   95   3.8512E-02
   96   1.8132E-02
   97   9.4950E-03
   98   4.9890E-03
   99   3.8990E-03
  100   3.9230E-03
  101   6.3150E-03
  102   7.6790E-03
  103   8.1450E-03
  104   1.2402E-02
  105   1.5152E-02
  106   1.4505E-02
  107   1.9675E-02
  108   2.3706E-02
  109   2.1375E-02
  110   2.5094E-02
  111   2.9754E-02
  112   2.5225E-02
  113   2.5225E-02
  114   2.9754E-02
  115   2.5094E-02
  116   2.1375E-02
  117   2.3706E-02
  118   1.9675E-02
  119   1.4505E-02
  120   1.5152E-02
  121   1.2402E-02
  122   8.1450E-03
  123   7.6790E-03
  124   6.3150E-03
  125   3.9230E-03
  126   3.8990E-03
  127   4.9890E-03
  128   9.4950E-03
  129   1.8132E-02
  130   3.8512E-02
  131   5.0816E-02
  132   6.8823E-02
  133   8.1490E-02
  134   6.1668E-02
  135   5.1233E-02
  136   4.7179E-02
  137   3.7627E-02
  138   3.2457E-02
  139   4.1829E-02
  140   3.5302E-02
  141   3.1630E-02
  142   3.3674E-02
  143   3.5538E-02
  144   2.4460E-02
  145   2.2771E-02
  146   1.8496E-02
  147   1.5647E-02
  148   7.8620E-03
  149   7.0730E-03
  150   3.1700E-03
  151   1.7640E-03
  152   8.3300E-04
  153   4.2600E-04
  154   1.4100E-04
  155   7.1000E-05
  156   1.8000E-05
  157   4.0000E-06
