   71   4.0000E-06
   72   7.0000E-06
   73   3.4000E-05
   74   9.9000E-05
   75   2.5600E-04
   76   6.0000E-04
   77   1.3050E-03
   78   2.2620E-03
   79   4.0420E-03
   80   6.4780E-03
   81   9.5700E-03
   82   1.2977E-02
   83   1.6322E-02
   84   1.8751E-02
   85   2.1605E-02
   86   2.3039E-02
   87   2.3934E-02
   88   2.4555E-02
   89   2.5753E-02
   90   2.7934E-02
   91   3.5296E-02
   92   5.1582E-02
   93   7.8657E-02
   94   1.1157E-01
   95   1.3300E-01
   96   1.3126E-01
   97   1.0492E-01
   98   6.7362E-02
   99   3.5324E-02
  100   1.4722E-02
  101   4.9740E-03
  102   1.3620E-03
  103   3.2600E-04
  104   1.4400E-04
  105   1.5200E-04
  106   2.1600E-04
  107   3.5200E-04
  108   5.7500E-04
  109   7.2400E-04
  110   9.8300E-04
  111   1.2540E-03
  112   1.4280E-03
  113   1.6160E-03
  114   1.7530E-03
  115   1.8360E-03
  116   1.7530E-03
  117   1.6160E-03
  118   1.4280E-03
  119   1.2540E-03
  120   9.8300E-04
  121   7.2400E-04
  122   5.7500E-04
  123   3.5200E-04
  124   2.1600E-04
  125   1.5200E-04
  126   1.4400E-04
  127   3.2600E-04
  128   1.3620E-03
  129   4.9740E-03
  130   1.4722E-02
  131   3.5324E-02
  132   6.7362E-02
  133   1.0492E-01
  134   1.3126E-01
  135   1.3300E-01
  136   1.1157E-01
  137   7.8657E-02
  138   5.1582E-02
  139   3.5296E-02
  140   2.7934E-02
  141   2.5753E-02
  142   2.4555E-02
  143   2.3934E-02
  144   2.3039E-02
  145   2.1605E-02
  146   1.8751E-02
  147   1.6322E-02
  148   1.2977E-02
  149   9.5700E-03
  150   6.4780E-03
  151   4.0420E-03
  152   2.2620E-03
  153   1.3050E-03
  154   6.0000E-04
  155   2.5600E-04
  156   9.9000E-05
  157   3.4000E-05
  158   7.0000E-06
  159   4.0000E-06
