   68   1.6000E-05
   69   3.0000E-05
   70   2.8900E-04
   71   3.8300E-04
   72   1.1640E-03
   73   2.2290E-03
   74   5.8180E-03
   75   5.3950E-03
   76   1.8427E-02
   77   1.3841E-02
   78   2.6435E-02
   79   2.9110E-02
   80   4.0907E-02
   81   2.8308E-02
   82   4.4824E-02
   83   4.2264E-02
   84   4.5417E-02
   85   3.1641E-02
   86   5.9584E-02
   87   4.2939E-02
   88   4.5141E-02
   89   7.4547E-02
   90   8.9713E-02
   91   5.9641E-02
   92   7.2388E-02
   93   5.4380E-02
   94   1.9894E-02
   95   1.3972E-02
   96   3.4200E-03
   97   1.4600E-03
   98   3.0900E-04
   99   3.1400E-04
  100   3.7100E-04
  101   7.9100E-04
  102   2.1850E-03
  103   2.3490E-03
  104   3.6910E-03
  105   8.8870E-03
  106   9.6690E-03
  107   1.0112E-02
  108   2.0935E-02
  109   2.1747E-02
  110   1.6839E-02
  111   2.8206E-02
  112   2.8206E-02
  113   1.6839E-02
  114   2.1747E-02
  115   2.0935E-02
  116   1.0112E-02
  117   9.6690E-03
  118   8.8870E-03
  119   3.6910E-03
  120   2.3490E-03
  121   2.1850E-03
  122   7.9100E-04
  123   3.7100E-04
  124   3.1400E-04
  125   3.0900E-04
  126   1.4600E-03
  127   3.4200E-03
  128   1.3972E-02
  129   1.9894E-02
  130   5.4380E-02
  131   7.2388E-02
  132   5.9641E-02
  133   8.9713E-02
  134   7.4547E-02
  135   4.5141E-02
  136   4.2939E-02
  137   5.9584E-02
  138   3.1641E-02
  139   4.5417E-02
  140   4.2264E-02
  141   4.4824E-02
  142   2.8308E-02
  143   4.0907E-02
  144   2.9110E-02
  145   2.6435E-02
  146   1.3841E-02
  147   1.8427E-02
  148   5.3950E-03
  149   5.8180E-03
  150   2.2290E-03
  151   1.1640E-03
  152   3.8300E-04
  153   2.8900E-04
  154   3.0000E-05
  155   1.6000E-05
