   69   1.6000E-05
   70   9.0000E-05
   71   1.0200E-04
   72   4.7800E-04
   73   8.7100E-04
   74   1.9440E-03
   75   2.9150E-03
   76   8.8620E-03
   77   7.3660E-03
   78   1.9613E-02
   79   2.0030E-02
   80   2.6364E-02
   81   2.3527E-02
   82   4.3567E-02
   83   3.6194E-02
   84   3.3661E-02
   85   3.5666E-02
   86   5.2421E-02
   87   3.1976E-02
   88   4.3106E-02
   89   6.0745E-02
   90   6.3927E-02
   91   7.2409E-02
   92   1.1115E-01
   93   8.1491E-02
   94   5.2527E-02
   95   4.4936E-02
   96   1.5628E-02
   97   8.3630E-03
   98   2.0120E-03
   99   8.0800E-04
  100   3.5900E-04
  101   6.7600E-04
  102   1.0620E-03
  103   1.2870E-03
  104   3.0870E-03
  105   4.9440E-03
  106   4.3150E-03
  107   8.3450E-03
  108   1.2796E-02
  109   1.0217E-02
  110   1.3869E-02
  111   2.1321E-02
  112   1.4939E-02
  113   1.4939E-02
  114   2.1321E-02
  115   1.3869E-02
  116   1.0217E-02
  117   1.2796E-02
  118   8.3450E-03
  119   4.3150E-03
  120   4.9440E-03
  121   3.0870E-03
  122   1.2870E-03
  123   1.0620E-03
  124   6.7600E-04
  125   3.5900E-04
  126   8.0800E-04
  127   2.0120E-03
  128   8.3630E-03
  129   1.5628E-02
  130   4.4936E-02
  131   5.2527E-02
  132   8.1491E-02
  133   1.1115E-01
  134   7.2409E-02
  135   6.3927E-02
  136   6.0745E-02
  137   4.3106E-02
  138   3.1976E-02
  139   5.2421E-02
  140   3.5666E-02
  141   3.3661E-02
  142   3.6194E-02
  143   4.3567E-02
  144   2.3527E-02
  145   2.6364E-02
  146   2.0030E-02
  147   1.9613E-02
  148   7.3660E-03
  149   8.8620E-03
  150   2.9150E-03
  151   1.9440E-03
  152   8.7100E-04
  153   4.7800E-04
  154   1.0200E-04
  155   9.0000E-05
  156   1.6000E-05
