   66   2.0000E-06
   67   5.0000E-06
   68   1.8000E-05
   69   4.1000E-05
   70   1.5400E-04
   71   2.8200E-04
   72   6.8400E-04
   73   1.2190E-03
   74   2.2810E-03
   75   3.7280E-03
   76   6.9460E-03
   77   8.8210E-03
   78   1.3183E-02
   79   1.5987E-02
   80   1.9722E-02
   81   2.2397E-02
   82   2.6088E-02
   83   2.7126E-02
   84   2.7329E-02
   85   2.7997E-02
   86   3.0821E-02
   87   2.8475E-02
   88   2.9307E-02
   89   3.4291E-02
   90   4.1012E-02
   91   4.6894E-02
   92   4.9388E-02
   93   4.3910E-02
   94   3.3636E-02
   95   2.2691E-02
   96   1.4203E-02
   97   1.0059E-02
   98   9.5560E-03
   99   1.0497E-02
  100   1.3052E-02
  101   1.5844E-02
  102   1.9119E-02
  103   2.2515E-02
  104   2.5939E-02
  105   2.9872E-02
  106   3.3365E-02
  107   3.6745E-02
  108   4.0126E-02
  109   4.2129E-02
  110   4.4215E-02
  111   4.5687E-02
  112   4.5635E-02
  113   4.5485E-02
  114   4.4313E-02
  115   4.2121E-02
  116   3.9950E-02
  117   3.6733E-02
  118   3.3360E-02
  119   2.9793E-02
  120   2.5928E-02
  121   2.2513E-02
  122   1.9096E-02
  123   1.5838E-02
  124   1.3053E-02
  125   1.0498E-02
  126   9.5720E-03
  127   1.0082E-02
  128   1.4390E-02
  129   2.2761E-02
  130   3.4228E-02
  131   4.4187E-02
  132   4.9161E-02
  133   4.7423E-02
  134   4.0747E-02
  135   3.3767E-02
  136   2.9273E-02
  137   2.8806E-02
  138   3.0322E-02
  139   2.8259E-02
  140   2.7247E-02
  141   2.7182E-02
  142   2.5783E-02
  143   2.2744E-02
  144   1.9383E-02
  145   1.6015E-02
  146   1.2967E-02
  147   8.9220E-03
  148   6.7010E-03
  149   3.7300E-03
  150   2.2210E-03
  151   1.2050E-03
  152   6.7000E-04
  153   2.8400E-04
  154   1.5000E-04
  155   4.1000E-05
  156   1.8000E-05
  157   5.0000E-06
  158   2.0000E-06
