   66   6.0000E-06
   67   2.0000E-06
   68   1.1000E-05
   69   2.9000E-05
   70   6.0000E-05
   71   1.1900E-04
   72   2.5100E-04
   73   4.0700E-04
   74   6.2700E-04
   75   9.4500E-04
   76   1.6520E-03
   77   2.0950E-03
   78   3.1390E-03
   79   3.7380E-03
   80   4.8310E-03
   81   5.3810E-03
   82   6.7670E-03
   83   7.3500E-03
   84   7.7420E-03
   85   8.5290E-03
   86   9.8460E-03
   87   9.5150E-03
   88   1.0686E-02
   89   1.2156E-02
   90   1.3583E-02
   91   1.5880E-02
   92   1.8219E-02
   93   1.8996E-02
   94   1.9745E-02
   95   2.0126E-02
   96   2.0761E-02
   97   2.1869E-02
   98   2.4475E-02
   99   2.6885E-02
  100   2.9667E-02
  101   3.3751E-02
  102   3.7858E-02
  103   4.1958E-02
  104   4.5893E-02
  105   4.9998E-02
  106   5.4280E-02
  107   5.7750E-02
  108   6.1436E-02
  109   6.4067E-02
  110   6.6234E-02
  111   6.7508E-02
  112   6.8646E-02
  113   6.8652E-02
  114   6.8539E-02
  115   6.6969E-02
  116   6.5191E-02
  117   6.3066E-02
  118   6.0240E-02
  119   5.6480E-02
  120   5.2934E-02
  121   4.8643E-02
  122   4.4498E-02
  123   4.0890E-02
  124   3.6523E-02
  125   3.2458E-02
  126   2.9131E-02
  127   2.6481E-02
  128   2.4536E-02
  129   2.3089E-02
  130   2.2865E-02
  131   2.2456E-02
  132   2.1315E-02
  133   1.9516E-02
  134   1.6758E-02
  135   1.3932E-02
  136   1.2109E-02
  137   1.1192E-02
  138   1.0513E-02
  139   9.7570E-03
  140   9.0240E-03
  141   8.2310E-03
  142   7.6890E-03
  143   6.8060E-03
  144   5.8430E-03
  145   4.6820E-03
  146   3.9750E-03
  147   2.9260E-03
  148   2.2270E-03
  149   1.5770E-03
  150   1.0210E-03
  151   6.5500E-04
  152   4.3300E-04
  153   2.6200E-04
  154   1.7100E-04
  155   8.0000E-05
  156   4.1000E-05
  157   2.2000E-05
  158   1.1000E-05
  159   2.0000E-06
  160   6.0000E-06
