   71   2.0000E-06
   72   1.6000E-05
   73   5.3000E-05
   74   1.4300E-04
   75   3.2900E-04
   76   7.0000E-04
   77   1.3890E-03
   78   3.5520E-03
   79   5.0570E-03
   80   7.8340E-03
   81   1.1566E-02
   82   1.8145E-02
   83   1.9506E-02
   84   2.6577E-02
   85   2.6845E-02
   86   2.7744E-02
   87   3.0473E-02
   88   3.5905E-02
   89   3.1149E-02
   90   3.3289E-02
   91   3.8007E-02
   92   4.8429E-02
   93   6.9144E-02
   94   9.5726E-02
   95   1.1184E-01
   96   1.1186E-01
   97   9.2011E-02
   98   6.1470E-02
   99   3.3155E-02
  100   1.4621E-02
  101   5.2580E-03
  102   1.5580E-03
  103   4.8300E-04
  104   4.2500E-04
  105   4.6700E-04
  106   9.8500E-04
  107   1.3260E-03
  108   1.7950E-03
  109   2.6250E-03
  110   3.4630E-03
  111   4.3470E-03
  112   5.1180E-03
  113   5.8450E-03
  114   6.3220E-03
  115   6.8500E-03
  116   6.3220E-03
  117   5.8450E-03
  118   5.1180E-03
  119   4.3470E-03
  120   3.4630E-03
  121   2.6250E-03
  122   1.7950E-03
  123   1.3260E-03
  124   9.8500E-04
  125   4.6700E-04
  126   4.2500E-04
  127   4.8300E-04
  128   1.5580E-03
  129   5.2580E-03
  130   1.4621E-02
  131   3.3155E-02
  132   6.1470E-02
  133   9.2011E-02
  134   1.1186E-01
  135   1.1184E-01
  136   9.5726E-02
  137   6.9144E-02
  138   4.8429E-02
  139   3.8007E-02
  140   3.3289E-02
  141   3.1149E-02
  142   3.5905E-02
  143   3.0473E-02
  144   2.7744E-02
  145   2.6845E-02
  146   2.6577E-02
  147   1.9506E-02
  148   1.8145E-02
  149   1.1566E-02
  150   7.8340E-03
  151   5.0570E-03
  152   3.5520E-03
  153   1.3890E-03
  154   7.0000E-04
  155   3.2900E-04
  156   1.4300E-04
  157   5.3000E-05
  158   1.6000E-05
  159   2.0000E-06
