   70   6.0000E-06
   71   2.0000E-05
   72   3.8000E-05
   73   1.0600E-04
   74   3.6400E-04
   75   7.9600E-04
   76   1.6460E-03
   77   3.1020E-03
   78   5.3990E-03
   79   8.3760E-03
   80   1.2137E-02
   81   1.6046E-02
   82   2.0104E-02
   83   2.3467E-02
   84   2.5668E-02
   85   2.7334E-02
   86   2.8309E-02
   87   2.8940E-02
   88   3.0015E-02
   89   3.2362E-02
   90   4.0576E-02
   91   5.7863E-02
   92   8.4669E-02
   93   1.1363E-01
   94   1.2610E-01
   95   1.1677E-01
   96   8.7200E-02
   97   5.2020E-02
   98   2.5048E-02
   99   9.6360E-03
  100   2.9670E-03
  101   7.4100E-04
  102   2.0400E-04
  103   1.4300E-04
  104   2.5200E-04
  105   3.9100E-04
  106   6.0500E-04
  107   9.1700E-04
  108   1.3030E-03
  109   1.6820E-03
  110   2.2810E-03
  111   2.6830E-03
  112   3.0000E-03
  113   3.3680E-03
  114   3.4200E-03
  115   3.3680E-03
  116   3.0000E-03
  117   2.6830E-03
  118   2.2810E-03
  119   1.6820E-03
  120   1.3030E-03
  121   9.1700E-04
  122   6.0500E-04
  123   3.9100E-04
  124   2.5200E-04
  125   1.4300E-04
  126   2.0400E-04
  127   7.4100E-04
  128   2.9670E-03
  129   9.6360E-03
  130   2.5048E-02
  131   5.2020E-02
  132   8.7200E-02
  133   1.1677E-01
  134   1.2610E-01
  135   1.1363E-01
  136   8.4669E-02
  137   5.7863E-02
  138   4.0576E-02
  139   3.2362E-02
  140   3.0015E-02
  141   2.8940E-02
  142   2.8309E-02
  143   2.7334E-02
  144   2.5668E-02
  145   2.3467E-02
  146   2.0104E-02
  147   1.6046E-02
  148   1.2137E-02
  149   8.3760E-03
  150   5.3990E-03
  151   3.1020E-03
  152   1.6460E-03
  153   7.9600E-04
  154   3.6400E-04
  155   1.0600E-04
  156   3.8000E-05
  157   2.0000E-05
  158   6.0000E-06
