   65   3.0000E-06
   66   7.0000E-06
   67   2.2000E-05
   68   3.4000E-05
   69   7.7000E-05
   70   1.9600E-04
   71   3.2800E-04
   72   5.6600E-04
   73   9.0800E-04
   74   1.5720E-03
   75   2.2720E-03
   76   3.7160E-03
   77   4.4870E-03
   78   5.8480E-03
   79   7.1710E-03
   80   8.5110E-03
   81   9.1370E-03
   82   1.0114E-02
   83   1.0884E-02
   84   1.1207E-02
   85   1.1488E-02
   86   1.2769E-02
   87   1.2581E-02
   88   1.3705E-02
   89   1.5926E-02
   90   1.8421E-02
   91   1.9816E-02
   92   2.0218E-02
   93   1.9065E-02
   94   1.7874E-02
   95   1.7972E-02
   96   1.8255E-02
   97   2.0551E-02
   98   2.3190E-02
   99   2.6915E-02
  100   3.1276E-02
  101   3.5616E-02
  102   4.0861E-02
  103   4.5440E-02
  104   4.9899E-02
  105   5.5018E-02
  106   5.8933E-02
  107   6.2756E-02
  108   6.6249E-02
  109   6.8196E-02
  110   7.0104E-02
  111   7.1483E-02
  112   7.1331E-02
  113   6.9995E-02
  114   6.8012E-02
  115   6.6034E-02
  116   6.2378E-02
  117   5.8617E-02
  118   5.4655E-02
  119   4.9623E-02
  120   4.5179E-02
  121   4.0616E-02
  122   3.5421E-02
  123   3.1101E-02
  124   2.6841E-02
  125   2.3068E-02
  126   2.0643E-02
  127   1.8527E-02
  128   1.8635E-02
  129   1.8959E-02
  130   2.0590E-02
  131   2.1263E-02
  132   2.0221E-02
  133   1.7877E-02
  134   1.5061E-02
  135   1.3168E-02
  136   1.2558E-02
  137   1.2495E-02
  138   1.1486E-02
  139   1.1138E-02
  140   1.0918E-02
  141   9.8700E-03
  142   9.1550E-03
  143   8.0460E-03
  144   6.7950E-03
  145   5.3520E-03
  146   4.2440E-03
  147   3.0930E-03
  148   2.0920E-03
  149   1.3220E-03
  150   7.9900E-04
  151   5.1000E-04
  152   2.9100E-04
  153   1.9100E-04
  154   6.9000E-05
  155   3.2000E-05
  156   2.2000E-05
  157   7.0000E-06
  158   3.0000E-06
