   69   3.0000E-06
   70   2.0000E-06
   71   4.0000E-06
   72   4.5000E-05
   73   8.0000E-05
   74   2.6700E-04
   75   5.3400E-04
   76   1.0830E-03
   77   1.8440E-03
   78   4.8050E-03
   79   5.4760E-03
   80   9.0320E-03
   81   1.1983E-02
   82   2.1238E-02
   83   1.7523E-02
   84   2.7259E-02
   85   2.6745E-02
   86   2.9010E-02
   87   2.7487E-02
   88   3.9464E-02
   89   2.9303E-02
   90   3.2902E-02
   91   4.1428E-02
   92   5.0262E-02
   93   5.4952E-02
   94   9.1310E-02
   95   9.3995E-02
   96   7.7661E-02
   97   7.7789E-02
   98   4.7025E-02
   99   3.2233E-02
  100   1.6319E-02
  101   8.8690E-03
  102   5.2360E-03
  103   4.4270E-03
  104   4.6740E-03
  105   5.4780E-03
  106   6.6870E-03
  107   7.5320E-03
  108   8.6300E-03
  109   9.8100E-03
  110   1.1699E-02
  111   1.1422E-02
  112   1.2848E-02
  113   1.4206E-02
  114   1.3711E-02
  115   1.3659E-02
  116   1.4467E-02
  117   1.3406E-02
  118   1.1966E-02
  119   1.2383E-02
  120   1.0395E-02
  121   9.6500E-03
  122   8.2840E-03
  123   7.6340E-03
  124   6.2240E-03
  125   5.5140E-03
  126   4.6100E-03
  127   4.5090E-03
  128   6.1490E-03
  129   1.0488E-02
  130   2.3767E-02
  131   3.7743E-02
  132   7.0961E-02
  133   7.6501E-02
  134   9.8268E-02
  135   9.7995E-02
  136   6.1944E-02
  137   5.3528E-02
  138   4.2147E-02
  139   3.3349E-02
  140   2.9028E-02
  141   3.8617E-02
  142   2.9025E-02
  143   3.0386E-02
  144   2.7754E-02
  145   2.8352E-02
  146   2.0218E-02
  147   2.2723E-02
  148   1.4650E-02
  149   1.1013E-02
  150   6.8310E-03
  151   5.7240E-03
  152   2.7700E-03
  153   1.5290E-03
  154   8.1800E-04
  155   4.0500E-04
  156   1.5100E-04
  157   7.7000E-05
  158   2.3000E-05
  159   4.0000E-06
  160   2.0000E-06
  161   3.0000E-06
