   73   1.3000E-05
   74   3.3000E-05
   75   1.1700E-04
   76   3.2000E-04
   77   8.2300E-04
   78   1.6340E-03
   79   3.2810E-03
   80   5.5950E-03
   81   9.3600E-03
   82   1.3817E-02
   83   1.8493E-02
   84   2.3909E-02
   85   2.8325E-02
   86   3.2115E-02
   87   3.5096E-02
   88   3.6297E-02
   89   3.7607E-02
   90   3.7658E-02
   91   3.8859E-02
   92   4.1669E-02
   93   4.9791E-02
   94   6.6313E-02
   95   8.8544E-02
   96   1.0485E-01
   97   1.0674E-01
   98   8.9771E-02
   99   6.1485E-02
  100   3.3875E-02
  101   1.5428E-02
  102   5.5040E-03
  103   1.6610E-03
  104   4.1000E-04
  105   1.8600E-04
  106   1.8700E-04
  107   2.6200E-04
  108   3.9300E-04
  109   5.5900E-04
  110   7.9300E-04
  111   1.0500E-03
  112   1.2590E-03
  113   1.4920E-03
  114   1.6720E-03
  115   1.8160E-03
  116   1.8380E-03
  117   1.8160E-03
  118   1.6720E-03
  119   1.4920E-03
  120   1.2590E-03
  121   1.0500E-03
  122   7.9300E-04
  123   5.5900E-04
  124   3.9300E-04
  125   2.6200E-04
  126   1.8700E-04
  127   1.8600E-04
  128   4.1000E-04
  129   1.6610E-03
  130   5.5040E-03
  131   1.5428E-02
  132   3.3875E-02
  133   6.1485E-02
  134   8.9771E-02
  135   1.0674E-01
  136   1.0485E-01
  137   8.8544E-02
  138   6.6313E-02
  139   4.9791E-02
  140   4.1669E-02
  141   3.8859E-02
  142   3.7658E-02
  143   3.7607E-02
  144   3.6297E-02
  145   3.5096E-02
  146   3.2115E-02
  147   2.8325E-02
  148   2.3909E-02
  149   1.8493E-02
  150   1.3817E-02
  151   9.3600E-03
  152   5.5950E-03
  153   3.2810E-03
  154   1.6340E-03
  155   8.2300E-04
  156   3.2000E-04
  157   1.1700E-04
  158   3.3000E-05
  159   1.3000E-05
