   68   2.0000E-06
   69   2.0000E-06
   71   4.0000E-06
   72   3.1000E-05
   73   4.8000E-05
   74   2.0600E-04
   75   3.5200E-04
   76   8.0000E-04
   77   1.2770E-03
   78   3.5470E-03
   79   4.0530E-03
   80   7.4230E-03
   81   8.9320E-03
   82   1.6865E-02
   83   1.5097E-02
   84   2.6540E-02
   85   2.2043E-02
   86   2.6652E-02
   87   2.5898E-02
   88   3.7898E-02
   89   2.6457E-02
   90   3.4083E-02
   91   3.1988E-02
   92   4.1256E-02
   93   5.0393E-02
   94   7.1929E-02
   95   8.0263E-02
   96   8.4938E-02
   97   7.6624E-02
   98   5.9301E-02
   99   4.1712E-02
  100   2.5901E-02
  101   1.5619E-02
  102   9.7720E-03
  103   7.7220E-03
  104   6.9510E-03
  105   7.4260E-03
  106   8.7640E-03
  107   9.2030E-03
  108   1.0390E-02
  109   1.2364E-02
  110   1.2918E-02
  111   1.3359E-02
  112   1.5473E-02
  113   1.5645E-02
  114   1.5903E-02
  115   1.6889E-02
  116   1.6828E-02
  117   1.5697E-02
  118   1.5547E-02
  119   1.5137E-02
  120   1.3199E-02
  121   1.2605E-02
  122   1.2197E-02
  123   1.0190E-02
  124   9.1000E-03
  125   8.7030E-03
  126   7.3580E-03
  127   7.0620E-03
  128   8.1850E-03
  129   1.1538E-02
  130   2.0321E-02
  131   3.5378E-02
  132   5.6715E-02
  133   7.5862E-02
  134   8.9014E-02
  135   8.4588E-02
  136   7.4359E-02
  137   5.2961E-02
  138   4.1758E-02
  139   3.0677E-02
  140   3.3525E-02
  141   2.7445E-02
  142   3.6591E-02
  143   2.7470E-02
  144   2.8996E-02
  145   2.2724E-02
  146   2.7093E-02
  147   1.8471E-02
  148   1.8483E-02
  149   1.0645E-02
  150   9.0700E-03
  151   5.1640E-03
  152   4.1630E-03
  153   2.0100E-03
  154   1.1390E-03
  155   5.6700E-04
  156   3.0800E-04
  157   1.2800E-04
  158   3.8000E-05
  159   2.8000E-05
  160   4.0000E-06
  162   2.0000E-06
  163   2.0000E-06
