   71   2.0000E-06
   72   6.0000E-06
   73   5.0000E-06
   74   3.4000E-05
   75   9.3000E-05
   76   2.3200E-04
   77   8.2400E-04
   78   1.4470E-03
   79   2.0830E-03
   80   4.9750E-03
   81   1.1162E-02
   82   1.0386E-02
   83   1.6657E-02
   84   3.2697E-02
   85   2.5868E-02
   86   2.8243E-02
   87   5.1280E-02
   88   3.9511E-02
   89   3.2352E-02
   90   5.6539E-02
   91   4.5015E-02
   92   2.9041E-02
   93   4.9118E-02
   94   4.5934E-02
   95   3.0973E-02
   96   6.5712E-02
   97   8.8735E-02
   98   5.9148E-02
   99   1.0887E-01
  100   5.0365E-02
  101   6.1948E-02
  102   1.9104E-02
  103   1.5646E-02
  104   3.3220E-03
  105   1.8680E-03
  106   4.1800E-04
  107   2.4200E-04
  108   3.7500E-04
  109   6.8100E-04
  110   4.7300E-04
  111   8.8800E-04
  112   1.4940E-03
  113   1.0470E-03
  114   1.4120E-03
  115   2.2950E-03
  116   1.4530E-03
  117   1.4530E-03
  118   2.2950E-03
  119   1.4120E-03
  120   1.0470E-03
  121   1.4940E-03
  122   8.8800E-04
  123   4.7300E-04
  124   6.8100E-04
  125   3.7500E-04
  126   2.4200E-04
  127   4.1800E-04
  128   1.8680E-03
  129   3.3220E-03
  130   1.5646E-02
  131   1.9104E-02
  132   6.1948E-02
  133   5.0365E-02
  134   1.0887E-01
  135   5.9148E-02
  136   8.8735E-02
  137   6.5712E-02
  138   3.0973E-02
  139   4.5934E-02
  140   4.9118E-02
  141   2.9041E-02
  142   4.5015E-02
  143   5.6539E-02
  144   3.2352E-02
  145   3.9511E-02
  146   5.1280E-02
  147   2.8243E-02
  148   2.5868E-02
  149   3.2697E-02
  150   1.6657E-02
  151   1.0386E-02
  152   1.1162E-02
  153   4.9750E-03
  154   2.0830E-03
  155   1.4470E-03
  156   8.2400E-04
  157   2.3200E-04
  158   9.3000E-05
  159   3.4000E-05
  160   5.0000E-06
  161   6.0000E-06
  162   2.0000E-06
