   64   9.0000E-06
   66   5.3000E-05
   68   5.6600E-04
   69   9.0000E-06
   70   1.8570E-03
   71   3.4000E-05
   72   1.2433E-02
   73   1.6000E-04
   74   2.6289E-02
   75   4.5600E-04
   76   7.6276E-02
   77   8.9100E-04
   78   1.1871E-01
   79   1.4730E-03
   80   1.4315E-01
   81   1.5530E-03
   82   1.7805E-01
   83   1.5510E-03
   84   1.2112E-01
   85   1.2900E-03
   86   1.4540E-01
   87   1.2490E-03
   88   9.5076E-02
   89   1.2140E-03
   90   1.4222E-01
   91   1.2140E-03
   92   9.5076E-02
   93   1.2490E-03
   94   1.4540E-01
   95   1.2900E-03
   96   1.2112E-01
   97   1.5510E-03
   98   1.7805E-01
   99   1.5530E-03
  100   1.4315E-01
  101   1.4730E-03
  102   1.1871E-01
  103   8.9100E-04
  104   7.6276E-02
  105   4.5600E-04
  106   2.6289E-02
  107   1.6000E-04
  108   1.2433E-02
  109   3.4000E-05
  110   1.8570E-03
  111   9.0000E-06
  112   5.6600E-04
  114   5.3000E-05
  116   9.0000E-06
