   50   2.0000E-06
   51   2.0000E-06
   52   7.0000E-06
   53   9.0000E-06
   54   1.9000E-05
   55   3.1000E-05
   56   4.4000E-05
   57   6.4000E-05
   58   9.0000E-05
   59   1.2700E-04
   60   1.9500E-04
   61   2.4600E-04
   62   3.8300E-04
   63   5.3600E-04
   64   7.7600E-04
   65   1.1010E-03
   66   1.4480E-03
   67   1.9980E-03
   68   2.9040E-03
   69   3.6020E-03
   70   4.9020E-03
   71   6.2770E-03
   72   8.5580E-03
   73   1.1121E-02
   74   1.4823E-02
   75   1.8109E-02
   76   2.2578E-02
   77   2.7673E-02
   78   3.4755E-02
   79   3.9819E-02
   80   4.5297E-02
   81   5.1359E-02
   82   5.8024E-02
   83   6.1844E-02
   84   6.4544E-02
   85   6.6499E-02
   86   6.9427E-02
   87   7.1226E-02
   88   7.1457E-02
   89   7.0680E-02
   90   7.1073E-02
   91   7.0749E-02
   92   7.0059E-02
   93   7.0717E-02
   94   7.1608E-02
   95   7.2201E-02
   96   7.3068E-02
   97   7.1485E-02
   98   6.9035E-02
   99   6.7342E-02
  100   6.4616E-02
  101   6.0819E-02
  102   5.5093E-02
  103   4.8449E-02
  104   4.3259E-02
  105   3.7743E-02
  106   3.1107E-02
  107   2.5292E-02
  108   2.0804E-02
  109   1.6875E-02
  110   1.3559E-02
  111   1.0351E-02
  112   8.0900E-03
  113   5.9930E-03
  114   4.6840E-03
  115   3.5450E-03
  116   2.7870E-03
  117   1.9530E-03
  118   1.4310E-03
  119   1.0890E-03
  120   7.6700E-04
  121   5.3300E-04
  122   3.7400E-04
  123   2.4900E-04
  124   1.9200E-04
  125   1.2700E-04
  126   9.2000E-05
  127   6.2000E-05
  128   4.4000E-05
  129   3.1000E-05
  130   1.9000E-05
  131   9.0000E-06
  132   7.0000E-06
  133   2.0000E-06
  134   2.0000E-06
