   53   2.0000E-06
   55   9.0000E-06
   56   1.3000E-05
   57   9.0000E-06
   58   2.0000E-05
   59   3.1000E-05
   60   4.7000E-05
   61   6.9000E-05
   62   1.5600E-04
   63   1.9700E-04
   64   2.9700E-04
   65   4.8600E-04
   66   7.0900E-04
   67   1.0930E-03
   68   1.9220E-03
   69   2.6200E-03
   70   3.8060E-03
   71   5.6850E-03
   72   8.6810E-03
   73   1.1708E-02
   74   1.5839E-02
   75   2.0980E-02
   76   2.7441E-02
   77   3.3782E-02
   78   4.2187E-02
   79   4.7802E-02
   80   5.3923E-02
   81   6.0272E-02
   82   6.6677E-02
   83   6.7968E-02
   84   6.9762E-02
   85   7.1750E-02
   86   7.2634E-02
   87   7.1001E-02
   88   6.9813E-02
   89   6.9452E-02
   90   6.8035E-02
   91   6.7145E-02
   92   6.8120E-02
   93   6.9405E-02
   94   6.9934E-02
   95   7.1150E-02
   96   7.2713E-02
   97   7.1691E-02
   98   6.9770E-02
   99   6.8291E-02
  100   6.6569E-02
  101   5.9850E-02
  102   5.3731E-02
  103   4.7846E-02
  104   4.1864E-02
  105   3.3542E-02
  106   2.7294E-02
  107   2.0923E-02
  108   1.5740E-02
  109   1.1651E-02
  110   8.6700E-03
  111   5.6730E-03
  112   3.8010E-03
  113   2.6150E-03
  114   1.9220E-03
  115   1.0930E-03
  116   7.0900E-04
  117   4.8600E-04
  118   2.9700E-04
  119   1.9700E-04
  120   1.5600E-04
  121   6.9000E-05
  122   4.7000E-05
  123   3.1000E-05
  124   2.0000E-05
  125   9.0000E-06
  126   1.3000E-05
  127   9.0000E-06
  129   2.0000E-06
