   52   4.0000E-06
   53   6.0000E-06
   54   1.1000E-05
   55   9.0000E-06
   56   2.9000E-05
   57   2.7000E-05
   58   5.8000E-05
   59   8.1000E-05
   60   1.2300E-04
   61   1.6800E-04
   62   2.6900E-04
   63   3.9900E-04
   64   6.2200E-04
   65   8.8100E-04
   66   1.2590E-03
   67   1.7830E-03
   68   2.6570E-03
   69   3.4670E-03
   70   4.8900E-03
   71   6.5630E-03
   72   9.8230E-03
   73   1.2455E-02
   74   1.6517E-02
   75   2.1137E-02
   76   2.8390E-02
   77   3.5313E-02
   78   4.4225E-02
   79   4.7971E-02
   80   5.4007E-02
   81   6.1978E-02
   82   6.8974E-02
   83   6.6673E-02
   84   6.6551E-02
   85   6.8867E-02
   86   7.2545E-02
   87   6.9499E-02
   88   6.6877E-02
   89   6.8025E-02
   90   7.0686E-02
   91   7.0069E-02
   92   6.7961E-02
   93   6.7491E-02
   94   6.9821E-02
   95   7.2933E-02
   96   7.0881E-02
   97   6.8210E-02
   98   6.9555E-02
   99   7.1348E-02
  100   6.5325E-02
  101   5.8145E-02
  102   5.1157E-02
  103   4.8619E-02
  104   3.9156E-02
  105   3.1898E-02
  106   2.4726E-02
  107   1.9931E-02
  108   1.5182E-02
  109   1.1747E-02
  110   9.0150E-03
  111   6.3550E-03
  112   4.7740E-03
  113   3.4100E-03
  114   2.6180E-03
  115   1.7720E-03
  116   1.2570E-03
  117   8.7700E-04
  118   6.2200E-04
  119   3.9900E-04
  120   2.6900E-04
  121   1.6800E-04
  122   1.2300E-04
  123   8.1000E-05
  124   5.8000E-05
  125   2.7000E-05
  126   2.9000E-05
  127   9.0000E-06
  128   1.1000E-05
  129   6.0000E-06
  130   4.0000E-06
