   70   1.0000E-05
   72   7.9000E-05
   74   5.4200E-04
   75   9.0000E-06
   76   4.3920E-03
   77   8.6000E-05
   78   1.1726E-02
   79   2.5300E-04
   80   5.5614E-02
   81   7.2800E-04
   82   9.4897E-02
   83   1.4660E-03
   84   1.7325E-01
   85   1.8940E-03
   86   2.2571E-01
   87   2.0980E-03
   88   1.5513E-01
   89   1.6780E-03
   90   1.5937E-01
   91   9.9100E-04
   92   6.9707E-02
   93   7.1000E-04
   94   7.9276E-02
   95   7.1000E-04
   96   6.9707E-02
   97   9.9100E-04
   98   1.5937E-01
   99   1.6780E-03
  100   1.5513E-01
  101   2.0980E-03
  102   2.2571E-01
  103   1.8940E-03
  104   1.7325E-01
  105   1.4660E-03
  106   9.4897E-02
  107   7.2800E-04
  108   5.5614E-02
  109   2.5300E-04
  110   1.1726E-02
  111   8.6000E-05
  112   4.3920E-03
  113   9.0000E-06
  114   5.4200E-04
  116   7.9000E-05
  118   1.0000E-05
