   70   2.0000E-06
   72   2.1000E-05
   73   2.0000E-06
   74   1.5300E-04
   75   2.0000E-06
   76   1.4910E-03
   77   1.8000E-05
   78   5.6830E-03
   79   1.1300E-04
   80   2.2001E-02
   81   3.5400E-04
   82   7.0055E-02
   83   9.8900E-04
   84   1.0013E-01
   85   1.4840E-03
   86   2.2208E-01
   87   1.9960E-03
   88   1.7062E-01
   89   2.0890E-03
   90   1.9212E-01
   91   1.4470E-03
   92   1.2222E-01
   93   1.0100E-03
   94   8.3529E-02
   95   7.6600E-04
   96   8.3529E-02
   97   1.0100E-03
   98   1.2222E-01
   99   1.4470E-03
  100   1.9212E-01
  101   2.0890E-03
  102   1.7062E-01
  103   1.9960E-03
  104   2.2208E-01
  105   1.4840E-03
  106   1.0013E-01
  107   9.8900E-04
  108   7.0055E-02
  109   3.5400E-04
  110   2.2001E-02
  111   1.1300E-04
  112   5.6830E-03
  113   1.8000E-05
  114   1.4910E-03
  115   2.0000E-06
  116   1.5300E-04
  117   2.0000E-06
  118   2.1000E-05
  120   2.0000E-06
