   68   2.6000E-05
   70   2.4300E-04
   71   5.0000E-06
   72   1.1160E-03
   73   2.0000E-05
   74   8.8330E-03
   75   1.4100E-04
   76   1.9380E-02
   77   3.9000E-04
   78   7.4133E-02
   79   8.9500E-04
   80   1.1860E-01
   81   1.5980E-03
   82   1.6836E-01
   83   1.7320E-03
   84   2.0804E-01
   85   1.8350E-03
   86   1.2676E-01
   87   1.3720E-03
   88   1.3635E-01
   89   9.7300E-04
   90   7.5623E-02
   91   8.5200E-04
   92   1.0544E-01
   93   8.5200E-04
   94   7.5623E-02
   95   9.7300E-04
   96   1.3635E-01
   97   1.3720E-03
   98   1.2676E-01
   99   1.8350E-03
  100   2.0804E-01
  101   1.7320E-03
  102   1.6836E-01
  103   1.5980E-03
  104   1.1860E-01
  105   8.9500E-04
  106   7.4133E-02
  107   3.9000E-04
  108   1.9380E-02
  109   1.4100E-04
  110   8.8330E-03
  111   2.0000E-05
  112   1.1160E-03
  113   5.0000E-06
  114   2.4300E-04
  116   2.6000E-05
