   64   3.0000E-06
   66   1.8000E-05
   67   2.5000E-05
   68   6.6000E-05
   69   1.8500E-04
   70   4.1700E-04
   71   7.6600E-04
   72   1.8220E-03
   73   3.5360E-03
   74   7.1240E-03
   75   1.0414E-02
   76   1.6019E-02
   77   2.6151E-02
   78   4.2469E-02
   79   5.0400E-02
   80   5.7626E-02
   81   6.8096E-02
   82   8.4452E-02
   83   8.9725E-02
   84   8.1006E-02
   85   7.3675E-02
   86   7.5474E-02
   87   7.6167E-02
   88   6.5304E-02
   89   5.5577E-02
   90   5.3983E-02
   91   5.9485E-02
   92   5.9485E-02
   93   5.3983E-02
   94   5.5577E-02
   95   6.5304E-02
   96   7.6167E-02
   97   7.5474E-02
   98   7.3675E-02
   99   8.1006E-02
  100   8.9725E-02
  101   8.4452E-02
  102   6.8096E-02
  103   5.7626E-02
  104   5.0400E-02
  105   4.2469E-02
  106   2.6151E-02
  107   1.6019E-02
  108   1.0414E-02
  109   7.1240E-03
  110   3.5360E-03
  111   1.8220E-03
  112   7.6600E-04
  113   4.1700E-04
  114   1.8500E-04
  115   6.6000E-05
  116   2.5000E-05
  117   1.8000E-05
  119   3.0000E-06
