   70   1.3000E-05
   72   7.2000E-05
   73   3.0000E-06
   74   5.5000E-04
   75   1.0000E-05
   76   4.3960E-03
   77   1.0900E-04
   78   1.1851E-02
   79   2.4000E-04
   80   5.6333E-02
   81   7.6100E-04
   82   9.4048E-02
   83   1.4720E-03
   84   1.7390E-01
   85   1.8910E-03
   86   2.2551E-01
   87   2.1260E-03
   88   1.5505E-01
   89   1.6330E-03
   90   1.5855E-01
   91   9.6400E-04
   92   7.0046E-02
   93   6.9900E-04
   94   7.9528E-02
   95   6.9900E-04
   96   7.0046E-02
   97   9.6400E-04
   98   1.5855E-01
   99   1.6330E-03
  100   1.5505E-01
  101   2.1260E-03
  102   2.2551E-01
  103   1.8910E-03
  104   1.7390E-01
  105   1.4720E-03
  106   9.4048E-02
  107   7.6100E-04
  108   5.6333E-02
  109   2.4000E-04
  110   1.1851E-02
  111   1.0900E-04
  112   4.3960E-03
  113   1.0000E-05
  114   5.5000E-04
  115   3.0000E-06
  116   7.2000E-05
  118   1.3000E-05
