   53   2.0000E-06
   56   5.0000E-06
   59   2.0000E-06
   60   5.0000E-06
   62   5.0000E-06
   63   8.0000E-06
   64   1.1000E-05
   65   2.7000E-05
   66   5.2000E-05
   67   5.4000E-05
   68   6.8000E-05
   69   1.4800E-04
   70   2.7600E-04
   71   4.0700E-04
   72   7.3600E-04
   73   1.0640E-03
   74   1.7770E-03
   75   2.9120E-03
   76   5.1780E-03
   77   7.2450E-03
   78   1.0614E-02
   79   1.5489E-02
   80   2.2547E-02
   81   2.9301E-02
   82   3.8568E-02
   83   4.7453E-02
   84   5.5480E-02
   85   6.4650E-02
   86   7.4303E-02
   87   7.7130E-02
   88   7.8978E-02
   89   8.0714E-02
   90   8.0993E-02
   91   7.6114E-02
   92   7.1029E-02
   93   6.6676E-02
   94   6.1406E-02
   95   5.7112E-02
   96   6.1406E-02
   97   6.6676E-02
   98   7.1029E-02
   99   7.6114E-02
  100   8.0993E-02
  101   8.0714E-02
  102   7.8978E-02
  103   7.7130E-02
  104   7.4303E-02
  105   6.4650E-02
  106   5.5480E-02
  107   4.7453E-02
  108   3.8568E-02
  109   2.9301E-02
  110   2.2547E-02
  111   1.5489E-02
  112   1.0614E-02
  113   7.2450E-03
  114   5.1780E-03
  115   2.9120E-03
  116   1.7770E-03
  117   1.0640E-03
  118   7.3600E-04
  119   4.0700E-04
  120   2.7600E-04
  121   1.4800E-04
  122   6.8000E-05
  123   5.4000E-05
  124   5.2000E-05
  125   2.7000E-05
  126   1.1000E-05
  127   8.0000E-06
  128   5.0000E-06
  130   5.0000E-06
  131   2.0000E-06
  134   5.0000E-06
  137   2.0000E-06
