   68   2.3000E-05
   70   2.3800E-04
   71   4.0000E-06
   72   1.0990E-03
   73   2.1000E-05
   74   8.6300E-03
   75   1.4200E-04
   76   1.9379E-02
   77   4.0100E-04
   78   7.2798E-02
   79   8.6800E-04
   80   1.1593E-01
   81   1.5720E-03
   82   1.6468E-01
   83   1.7380E-03
   84   2.0397E-01
   85   1.7850E-03
   86   1.2626E-01
   87   1.4060E-03
   88   1.3903E-01
   89   1.0810E-03
   90   8.0686E-02
   91   9.2800E-04
   92   1.1465E-01
   93   9.2800E-04
   94   8.0686E-02
   95   1.0810E-03
   96   1.3903E-01
   97   1.4060E-03
   98   1.2626E-01
   99   1.7850E-03
  100   2.0397E-01
  101   1.7380E-03
  102   1.6468E-01
  103   1.5720E-03
  104   1.1593E-01
  105   8.6800E-04
  106   7.2798E-02
  107   4.0100E-04
  108   1.9379E-02
  109   1.4200E-04
  110   8.6300E-03
  111   2.1000E-05
  112   1.0990E-03
  113   4.0000E-06
  114   2.3800E-04
  116   2.3000E-05
