   65   6.0000E-06
   66   3.0000E-06
   67   1.0000E-05
   68   2.8000E-05
   69   5.1000E-05
   70   1.5100E-04
   71   2.3200E-04
   72   4.2900E-04
   73   8.6900E-04
   74   1.8910E-03
   75   3.4380E-03
   76   6.1030E-03
   77   9.2870E-03
   78   1.4728E-02
   79   2.3437E-02
   80   3.5160E-02
   81   4.3242E-02
   82   5.2408E-02
   83   6.5333E-02
   84   8.0047E-02
   85   8.6583E-02
   86   8.3847E-02
   87   8.1136E-02
   88   8.2899E-02
   89   8.1492E-02
   90   7.1660E-02
   91   6.1161E-02
   92   5.7414E-02
   93   5.6939E-02
   94   5.6939E-02
   95   5.7414E-02
   96   6.1161E-02
   97   7.1660E-02
   98   8.1492E-02
   99   8.2899E-02
  100   8.1136E-02
  101   8.3847E-02
  102   8.6583E-02
  103   8.0047E-02
  104   6.5333E-02
  105   5.2408E-02
  106   4.3242E-02
  107   3.5160E-02
  108   2.3437E-02
  109   1.4728E-02
  110   9.2870E-03
  111   6.1030E-03
  112   3.4380E-03
  113   1.8910E-03
  114   8.6900E-04
  115   4.2900E-04
  116   2.3200E-04
  117   1.5100E-04
  118   5.1000E-05
  119   2.8000E-05
  120   1.0000E-05
  121   3.0000E-06
  122   6.0000E-06
