   69   3.0000E-06
   70   1.0000E-05
   71   2.1000E-05
   72   1.0000E-04
   73   1.5200E-04
   74   5.8900E-04
   75   7.5500E-04
   76   3.5460E-03
   77   3.8280E-03
   78   8.0970E-03
   79   1.0256E-02
   80   3.4653E-02
   81   2.6465E-02
   82   5.0887E-02
   83   4.7921E-02
   84   9.7740E-02
   85   6.1760E-02
   86   1.2575E-01
   87   6.5060E-02
   88   1.0733E-01
   89   4.9052E-02
   90   1.3150E-01
   91   2.7069E-02
   92   8.0472E-02
   93   1.3255E-02
   94   1.0743E-01
   95   1.3255E-02
   96   8.0472E-02
   97   2.7069E-02
   98   1.3150E-01
   99   4.9052E-02
  100   1.0733E-01
  101   6.5060E-02
  102   1.2575E-01
  103   6.1760E-02
  104   9.7740E-02
  105   4.7921E-02
  106   5.0887E-02
  107   2.6465E-02
  108   3.4653E-02
  109   1.0256E-02
  110   8.0970E-03
  111   3.8280E-03
  112   3.5460E-03
  113   7.5500E-04
  114   5.8900E-04
  115   1.5200E-04
  116   1.0000E-04
  117   2.1000E-05
  118   1.0000E-05
  119   3.0000E-06
