   76   2.0000E-06
   78   2.4000E-05
   80   1.8600E-04
   82   1.0250E-03
   83   2.8000E-05
   84   4.1530E-03
   85   6.7000E-05
   86   2.0041E-02
   87   3.0800E-04
   88   3.6734E-02
   89   5.9500E-04
   90   1.1204E-01
   91   1.2910E-03
   92   1.6480E-01
   93   2.1200E-03
   94   1.9116E-01
   95   2.1730E-03
   96   2.5423E-01
   97   1.8630E-03
   98   1.3478E-01
   99   1.4790E-03
  100   1.4178E-01
  101   1.4790E-03
  102   1.3478E-01
  103   1.8630E-03
  104   2.5423E-01
  105   2.1730E-03
  106   1.9116E-01
  107   2.1200E-03
  108   1.6480E-01
  109   1.2910E-03
  110   1.1204E-01
  111   5.9500E-04
  112   3.6734E-02
  113   3.0800E-04
  114   2.0041E-02
  115   6.7000E-05
  116   4.1530E-03
  117   2.8000E-05
  118   1.0250E-03
  120   1.8600E-04
  122   2.4000E-05
  124   2.0000E-06
