   72   3.0000E-06
   74   2.0000E-05
   76   1.2800E-04
   77   2.0000E-06
   78   1.3210E-03
   79   1.7000E-05
   80   4.3160E-03
   81   7.6000E-05
   82   1.9758E-02
   83   2.7700E-04
   84   5.4732E-02
   85   8.0200E-04
   86   8.9662E-02
   87   1.2880E-03
   88   2.0733E-01
   89   2.0060E-03
   90   1.7204E-01
   91   2.3130E-03
   92   2.1820E-01
   93   1.6820E-03
   94   1.4437E-01
   95   1.1060E-03
   96   7.8117E-02
   97   8.3000E-04
   98   7.8117E-02
   99   1.1060E-03
  100   1.4437E-01
  101   1.6820E-03
  102   2.1820E-01
  103   2.3130E-03
  104   1.7204E-01
  105   2.0060E-03
  106   2.0733E-01
  107   1.2880E-03
  108   8.9662E-02
  109   8.0200E-04
  110   5.4732E-02
  111   2.7700E-04
  112   1.9758E-02
  113   7.6000E-05
  114   4.3160E-03
  115   1.7000E-05
  116   1.3210E-03
  117   2.0000E-06
  118   1.2800E-04
  120   2.0000E-05
  122   3.0000E-06
