   72   8.0000E-06
   73   2.1000E-05
   74   3.3000E-05
   75   9.3000E-05
   76   3.7100E-04
   77   1.1990E-03
   78   2.3010E-03
   79   3.3020E-03
   80   6.4510E-03
   81   1.6654E-02
   82   3.1396E-02
   83   3.8559E-02
   84   4.0142E-02
   85   6.2593E-02
   86   1.0546E-01
   87   1.2371E-01
   88   9.9443E-02
   89   7.8898E-02
   90   9.4629E-02
   91   1.0520E-01
   92   7.8762E-02
   93   4.4374E-02
   94   3.0740E-02
   95   3.5643E-02
   96   3.5643E-02
   97   3.0740E-02
   98   4.4374E-02
   99   7.8762E-02
  100   1.0520E-01
  101   9.4629E-02
  102   7.8898E-02
  103   9.9443E-02
  104   1.2371E-01
  105   1.0546E-01
  106   6.2593E-02
  107   4.0142E-02
  108   3.8559E-02
  109   3.1396E-02
  110   1.6654E-02
  111   6.4510E-03
  112   3.3020E-03
  113   2.3010E-03
  114   1.1990E-03
  115   3.7100E-04
  116   9.3000E-05
  117   3.3000E-05
  118   2.1000E-05
  119   8.0000E-06
