   72   3.0000E-06
   73   2.2000E-05
   74   4.2000E-05
   75   1.0100E-04
   76   3.8100E-04
   77   1.1910E-03
   78   2.2370E-03
   79   3.3370E-03
   80   6.5210E-03
   81   1.6443E-02
   82   3.1001E-02
   83   3.8224E-02
   84   4.0245E-02
   85   6.2569E-02
   86   1.0500E-01
   87   1.2426E-01
   88   9.9230E-02
   89   7.9257E-02
   90   9.5239E-02
   91   1.0516E-01
   92   7.8818E-02
   93   4.3780E-02
   94   3.1246E-02
   95   3.5677E-02
   96   3.5677E-02
   97   3.1246E-02
   98   4.3780E-02
   99   7.8818E-02
  100   1.0516E-01
  101   9.5239E-02
  102   7.9257E-02
  103   9.9230E-02
  104   1.2426E-01
  105   1.0500E-01
  106   6.2569E-02
  107   4.0245E-02
  108   3.8224E-02
  109   3.1001E-02
  110   1.6443E-02
  111   6.5210E-03
  112   3.3370E-03
  113   2.2370E-03
  114   1.1910E-03
  115   3.8100E-04
  116   1.0100E-04
  117   4.2000E-05
  118   2.2000E-05
  119   3.0000E-06
