   74   3.0000E-06
   75   1.5000E-05
   76   3.1000E-05
   77   7.9000E-05
   78   3.4500E-04
   79   8.7800E-04
   80   1.5260E-03
   81   2.2390E-03
   82   5.0880E-03
   83   1.2889E-02
   84   2.2607E-02
   85   2.7178E-02
   86   3.1649E-02
   87   5.4840E-02
   88   9.1981E-02
   89   1.0893E-01
   90   9.1887E-02
   91   8.1682E-02
   92   1.0431E-01
   93   1.2178E-01
   94   9.6910E-02
   95   5.7096E-02
   96   4.0044E-02
   97   4.6017E-02
   98   4.6017E-02
   99   4.0044E-02
  100   5.7096E-02
  101   9.6910E-02
  102   1.2178E-01
  103   1.0431E-01
  104   8.1682E-02
  105   9.1887E-02
  106   1.0893E-01
  107   9.1981E-02
  108   5.4840E-02
  109   3.1649E-02
  110   2.7178E-02
  111   2.2607E-02
  112   1.2889E-02
  113   5.0880E-03
  114   2.2390E-03
  115   1.5260E-03
  116   8.7800E-04
  117   3.4500E-04
  118   7.9000E-05
  119   3.1000E-05
  120   1.5000E-05
  121   3.0000E-06
