   71   3.0000E-06
   72   1.4000E-05
   73   2.2000E-05
   74   3.8000E-05
   75   1.2100E-04
   76   3.8800E-04
   77   1.1570E-03
   78   2.3200E-03
   79   3.1960E-03
   80   6.3980E-03
   81   1.6688E-02
   82   3.1193E-02
   83   3.8943E-02
   84   4.0450E-02
   85   6.2366E-02
   86   1.0558E-01
   87   1.2386E-01
   88   9.9378E-02
   89   7.8561E-02
   90   9.4336E-02
   91   1.0542E-01
   92   7.9173E-02
   93   4.3704E-02
   94   3.0999E-02
   95   3.5682E-02
   96   3.5682E-02
   97   3.0999E-02
   98   4.3704E-02
   99   7.9173E-02
  100   1.0542E-01
  101   9.4336E-02
  102   7.8561E-02
  103   9.9378E-02
  104   1.2386E-01
  105   1.0558E-01
  106   6.2366E-02
  107   4.0450E-02
  108   3.8943E-02
  109   3.1193E-02
  110   1.6688E-02
  111   6.3980E-03
  112   3.1960E-03
  113   2.3200E-03
  114   1.1570E-03
  115   3.8800E-04
  116   1.2100E-04
  117   3.8000E-05
  118   2.2000E-05
  119   1.4000E-05
  120   3.0000E-06
