   74   1.7000E-05
   76   1.3000E-04
   77   2.0000E-06
   78   1.3640E-03
   79   2.4000E-05
   80   4.1900E-03
   81   9.0000E-05
   82   1.9671E-02
   83   2.5900E-04
   84   5.4594E-02
   85   8.0300E-04
   86   8.9180E-02
   87   1.2460E-03
   88   2.0848E-01
   89   2.0330E-03
   90   1.7225E-01
   91   2.2190E-03
   92   2.1683E-01
   93   1.5990E-03
   94   1.4468E-01
   95   1.1700E-03
   96   7.8752E-02
   97   8.0800E-04
   98   7.8752E-02
   99   1.1700E-03
  100   1.4468E-01
  101   1.5990E-03
  102   2.1683E-01
  103   2.2190E-03
  104   1.7225E-01
  105   2.0330E-03
  106   2.0848E-01
  107   1.2460E-03
  108   8.9180E-02
  109   8.0300E-04
  110   5.4594E-02
  111   2.5900E-04
  112   1.9671E-02
  113   9.0000E-05
  114   4.1900E-03
  115   2.4000E-05
  116   1.3640E-03
  117   2.0000E-06
  118   1.3000E-04
  120   1.7000E-05
