   76   4.0000E-06
   77   5.0000E-06
   78   2.0000E-05
   79   5.8000E-05
   80   1.8700E-04
   81   4.3500E-04
   82   7.6900E-04
   83   1.2780E-03
   84   3.3710E-03
   85   8.6700E-03
   86   1.4575E-02
   87   1.7641E-02
   88   2.3613E-02
   89   4.4393E-02
   90   7.6561E-02
   91   9.2181E-02
   92   8.1958E-02
   93   8.1912E-02
   94   1.1139E-01
   95   1.3404E-01
   96   1.1401E-01
   97   7.3066E-02
   98   5.4200E-02
   99   6.5648E-02
  100   6.5648E-02
  101   5.4200E-02
  102   7.3066E-02
  103   1.1401E-01
  104   1.3404E-01
  105   1.1139E-01
  106   8.1912E-02
  107   8.1958E-02
  108   9.2181E-02
  109   7.6561E-02
  110   4.4393E-02
  111   2.3613E-02
  112   1.7641E-02
  113   1.4575E-02
  114   8.6700E-03
  115   3.3710E-03
  116   1.2780E-03
  117   7.6900E-04
  118   4.3500E-04
  119   1.8700E-04
  120   5.8000E-05
  121   2.0000E-05
  122   5.0000E-06
  123   4.0000E-06
