   73   2.0000E-06
   74   2.0000E-06
   75   1.1000E-05
   76   2.8000E-05
   77   8.2000E-05
   78   3.2700E-04
   79   8.3900E-04
   80   1.5340E-03
   81   2.2070E-03
   82   5.1400E-03
   83   1.2949E-02
   84   2.2840E-02
   85   2.7445E-02
   86   3.1708E-02
   87   5.4448E-02
   88   9.2468E-02
   89   1.0884E-01
   90   9.1636E-02
   91   8.2060E-02
   92   1.0454E-01
   93   1.2139E-01
   94   9.6444E-02
   95   5.7053E-02
   96   3.9993E-02
   97   4.5999E-02
   98   4.5999E-02
   99   3.9993E-02
  100   5.7053E-02
  101   9.6444E-02
  102   1.2139E-01
  103   1.0454E-01
  104   8.2060E-02
  105   9.1636E-02
  106   1.0884E-01
  107   9.2468E-02
  108   5.4448E-02
  109   3.1708E-02
  110   2.7445E-02
  111   2.2840E-02
  112   1.2949E-02
  113   5.1400E-03
  114   2.2070E-03
  115   1.5340E-03
  116   8.3900E-04
  117   3.2700E-04
  118   8.2000E-05
  119   2.8000E-05
  120   1.1000E-05
  121   2.0000E-06
  122   2.0000E-06
