   72   6.0000E-06
   74   4.9000E-05
   76   4.6500E-04
   77   1.0000E-05
   78   3.2390E-03
   79   6.8000E-05
   80   9.1730E-03
   81   1.6700E-04
   82   4.4719E-02
   83   5.1800E-04
   84   7.2876E-02
   85   1.2080E-03
   86   1.6109E-01
   87   1.7590E-03
   88   2.1624E-01
   89   2.2560E-03
   90   1.7587E-01
   91   1.9580E-03
   92   1.9119E-01
   93   1.2190E-03
   94   7.8382E-02
   95   7.7500E-04
   96   7.3478E-02
   97   7.7500E-04
   98   7.8382E-02
   99   1.2190E-03
  100   1.9119E-01
  101   1.9580E-03
  102   1.7587E-01
  103   2.2560E-03
  104   2.1624E-01
  105   1.7590E-03
  106   1.6109E-01
  107   1.2080E-03
  108   7.2876E-02
  109   5.1800E-04
  110   4.4719E-02
  111   1.6700E-04
  112   9.1730E-03
  113   6.8000E-05
  114   3.2390E-03
  115   1.0000E-05
  116   4.6500E-04
  118   4.9000E-05
  120   6.0000E-06
