   74   2.8000E-05
   76   1.3800E-04
   77   3.0000E-06
   78   1.4220E-03
   79   2.6000E-05
   80   4.2650E-03
   81   9.4000E-05
   82   1.9679E-02
   83   2.9800E-04
   84   5.5000E-02
   85   8.6800E-04
   86   9.0061E-02
   87   1.3510E-03
   88   2.0745E-01
   89   1.9780E-03
   90   1.7210E-01
   91   2.2400E-03
   92   2.1791E-01
   93   1.6130E-03
   94   1.4384E-01
   95   1.2200E-03
   96   7.7990E-02
   97   8.3400E-04
   98   7.7990E-02
   99   1.2200E-03
  100   1.4384E-01
  101   1.6130E-03
  102   2.1791E-01
  103   2.2400E-03
  104   1.7210E-01
  105   1.9780E-03
  106   2.0745E-01
  107   1.3510E-03
  108   9.0061E-02
  109   8.6800E-04
  110   5.5000E-02
  111   2.9800E-04
  112   1.9679E-02
  113   9.4000E-05
  114   4.2650E-03
  115   2.6000E-05
  116   1.4220E-03
  117   3.0000E-06
  118   1.3800E-04
  120   2.8000E-05
