   53   2.0000E-06
   55   2.0000E-06
   56   2.0000E-06
   58   5.0000E-06
   59   3.0000E-06
   60   6.0000E-06
   61   5.0000E-06
   62   4.0000E-06
   63   8.0000E-06
   64   1.3000E-05
   65   2.2000E-05
   66   4.1000E-05
   67   5.5000E-05
   68   9.0000E-05
   69   1.0500E-04
   70   1.5100E-04
   71   2.6100E-04
   72   4.7400E-04
   73   6.5400E-04
   74   1.0270E-03
   75   1.6930E-03
   76   2.7410E-03
   77   4.1830E-03
   78   6.4450E-03
   79   9.3740E-03
   80   1.3027E-02
   81   1.8627E-02
   82   2.5979E-02
   83   3.3251E-02
   84   4.1352E-02
   85   5.0381E-02
   86   6.0159E-02
   87   6.8705E-02
   88   7.5085E-02
   89   7.9665E-02
   90   8.1240E-02
   91   8.2014E-02
   92   8.0587E-02
   93   7.5241E-02
   94   6.8599E-02
   95   6.2203E-02
   96   5.6503E-02
   97   5.6503E-02
   98   6.2203E-02
   99   6.8599E-02
  100   7.5241E-02
  101   8.0587E-02
  102   8.2014E-02
  103   8.1240E-02
  104   7.9665E-02
  105   7.5085E-02
  106   6.8705E-02
  107   6.0159E-02
  108   5.0381E-02
  109   4.1352E-02
  110   3.3251E-02
  111   2.5979E-02
  112   1.8627E-02
  113   1.3027E-02
  114   9.3740E-03
  115   6.4450E-03
  116   4.1830E-03
  117   2.7410E-03
  118   1.6930E-03
  119   1.0270E-03
  120   6.5400E-04
  121   4.7400E-04
  122   2.6100E-04
  123   1.5100E-04
  124   1.0500E-04
  125   9.0000E-05
  126   5.5000E-05
  127   4.1000E-05
  128   2.2000E-05
  129   1.3000E-05
  130   8.0000E-06
  131   4.0000E-06
  132   5.0000E-06
  133   6.0000E-06
  134   3.0000E-06
  135   5.0000E-06
  137   2.0000E-06
  138   2.0000E-06
  140   2.0000E-06
