   74   5.0000E-06
   76   4.0000E-05
   78   3.5600E-04
   79   7.0000E-06
   80   1.8910E-03
   81   5.1000E-05
   82   6.4540E-03
   83   1.3100E-04
   84   3.1709E-02
   85   4.5700E-04
   86   5.3077E-02
   87   9.2800E-04
   88   1.3947E-01
   89   1.5810E-03
   90   1.9309E-01
   91   2.2750E-03
   92   1.8612E-01
   93   2.0970E-03
   94   2.2508E-01
   95   1.5870E-03
   96   1.0273E-01
   97   1.0400E-03
   98   9.9656E-02
   99   1.0400E-03
  100   1.0273E-01
  101   1.5870E-03
  102   2.2508E-01
  103   2.0970E-03
  104   1.8612E-01
  105   2.2750E-03
  106   1.9309E-01
  107   1.5810E-03
  108   1.3947E-01
  109   9.2800E-04
  110   5.3077E-02
  111   4.5700E-04
  112   3.1709E-02
  113   1.3100E-04
  114   6.4540E-03
  115   5.1000E-05
  116   1.8910E-03
  117   7.0000E-06
  118   3.5600E-04
  120   4.0000E-05
  122   5.0000E-06
