   78   4.0000E-06
   82   2.9000E-05
   84   1.6200E-04
   86   6.9400E-04
   87   1.5000E-05
   88   4.9080E-03
   89   8.4000E-05
   90   1.3281E-02
   91   2.6900E-04
   92   4.0543E-02
   93   5.8200E-04
   94   1.0899E-01
   95   1.3500E-03
   96   1.3172E-01
   97   2.0070E-03
   98   2.5375E-01
   99   2.2650E-03
  100   2.3727E-01
  101   2.5230E-03
  102   1.9837E-01
  103   2.3220E-03
  104   1.9837E-01
  105   2.5230E-03
  106   2.3727E-01
  107   2.2650E-03
  108   2.5375E-01
  109   2.0070E-03
  110   1.3172E-01
  111   1.3500E-03
  112   1.0899E-01
  113   5.8200E-04
  114   4.0543E-02
  115   2.6900E-04
  116   1.3281E-02
  117   8.4000E-05
  118   4.9080E-03
  119   1.5000E-05
  120   6.9400E-04
  122   1.6200E-04
  124   2.9000E-05
  128   4.0000E-06
