   79   6.0000E-06
   80   6.0000E-06
   81   2.7000E-05
   82   8.8000E-05
   83   2.4200E-04
   84   3.5200E-04
   85   7.9400E-04
   86   2.2770E-03
   87   5.3910E-03
   88   8.9140E-03
   89   1.1220E-02
   90   1.6898E-02
   91   3.4569E-02
   92   6.0013E-02
   93   7.4376E-02
   94   7.0224E-02
   95   7.6735E-02
   96   1.1272E-01
   97   1.4284E-01
   98   1.2929E-01
   99   9.0219E-02
  100   7.1116E-02
  101   9.1669E-02
  102   9.1669E-02
  103   7.1116E-02
  104   9.0219E-02
  105   1.2929E-01
  106   1.4284E-01
  107   1.1272E-01
  108   7.6735E-02
  109   7.0224E-02
  110   7.4376E-02
  111   6.0013E-02
  112   3.4569E-02
  113   1.6898E-02
  114   1.1220E-02
  115   8.9140E-03
  116   5.3910E-03
  117   2.2770E-03
  118   7.9400E-04
  119   3.5200E-04
  120   2.4200E-04
  121   8.8000E-05
  122   2.7000E-05
  123   6.0000E-06
  124   6.0000E-06
