   82   2.7000E-05
   84   1.8400E-04
   86   7.3100E-04
   87   1.0000E-05
   88   4.9490E-03
   89   9.4000E-05
   90   1.3603E-02
   91   2.5000E-04
   92   4.0485E-02
   93   5.7600E-04
   94   1.0935E-01
   95   1.3900E-03
   96   1.3119E-01
   97   1.9510E-03
   98   2.5405E-01
   99   2.2270E-03
  100   2.3776E-01
  101   2.4230E-03
  102   1.9750E-01
  103   2.4800E-03
  104   1.9750E-01
  105   2.4230E-03
  106   2.3776E-01
  107   2.2270E-03
  108   2.5405E-01
  109   1.9510E-03
  110   1.3119E-01
  111   1.3900E-03
  112   1.0935E-01
  113   5.7600E-04
  114   4.0485E-02
  115   2.5000E-04
  116   1.3603E-02
  117   9.4000E-05
  118   4.9490E-03
  119   1.0000E-05
  120   7.3100E-04
  122   1.8400E-04
  124   2.7000E-05
