   77   2.0000E-06
   78   2.0000E-06
   79   2.0000E-06
   80   4.0000E-06
   81   5.0000E-06
   82   6.0000E-06
   83   4.0000E-06
   84   8.0000E-06
   85   3.5000E-05
   86   6.4000E-05
   87   1.3500E-04
   88   3.4300E-04
   89   1.0440E-03
   90   2.3950E-03
   91   3.8710E-03
   92   5.4500E-03
   93   1.0158E-02
   94   2.2137E-02
   95   3.9468E-02
   96   5.0034E-02
   97   5.2405E-02
   98   6.6982E-02
   99   1.0652E-01
  100   1.4442E-01
  101   1.4382E-01
  102   1.1199E-01
  103   9.9994E-02
  104   1.3868E-01
  105   1.3868E-01
  106   9.9994E-02
  107   1.1199E-01
  108   1.4382E-01
  109   1.4442E-01
  110   1.0652E-01
  111   6.6982E-02
  112   5.2405E-02
  113   5.0034E-02
  114   3.9468E-02
  115   2.2137E-02
  116   1.0158E-02
  117   5.4500E-03
  118   3.8710E-03
  119   2.3950E-03
  120   1.0440E-03
  121   3.4300E-04
  122   1.3500E-04
  123   6.4000E-05
  124   3.5000E-05
  125   8.0000E-06
  126   4.0000E-06
  127   6.0000E-06
  128   5.0000E-06
  129   4.0000E-06
  130   2.0000E-06
  131   2.0000E-06
  132   2.0000E-06
