   76   3.0000E-06
   78   7.0000E-06
   80   5.0000E-06
   82   6.0000E-06
   84   5.3000E-05
   86   2.1700E-04
   87   3.0000E-06
   88   1.6120E-03
   89   2.1000E-05
   90   7.1090E-03
   91   1.4000E-04
   92   1.7056E-02
   93   3.5000E-04
   94   6.5636E-02
   95   7.6600E-04
   96   1.0728E-01
   97   1.6910E-03
   98   1.7487E-01
   99   2.1180E-03
  100   2.8579E-01
  101   2.6300E-03
  102   2.0185E-01
  103   2.4940E-03
  104   2.5659E-01
  105   2.4940E-03
  106   2.0185E-01
  107   2.6300E-03
  108   2.8579E-01
  109   2.1180E-03
  110   1.7487E-01
  111   1.6910E-03
  112   1.0728E-01
  113   7.6600E-04
  114   6.5636E-02
  115   3.5000E-04
  116   1.7056E-02
  117   1.4000E-04
  118   7.1090E-03
  119   2.1000E-05
  120   1.6120E-03
  121   3.0000E-06
  122   2.1700E-04
  124   5.3000E-05
  126   6.0000E-06
  128   5.0000E-06
  130   7.0000E-06
  132   3.0000E-06
