   76   2.0000E-06
   78   4.0000E-06
   80   3.0000E-06
   82   6.0000E-06
   84   4.7000E-05
   86   2.1600E-04
   87   1.0000E-05
   88   1.5290E-03
   89   3.0000E-05
   90   7.1160E-03
   91   1.4100E-04
   92   1.7073E-02
   93   3.1400E-04
   94   6.5278E-02
   95   8.1700E-04
   96   1.0766E-01
   97   1.6370E-03
   98   1.7514E-01
   99   2.0330E-03
  100   2.8409E-01
  101   2.5560E-03
  102   2.0244E-01
  103   2.3940E-03
  104   2.5889E-01
  105   2.3940E-03
  106   2.0244E-01
  107   2.5560E-03
  108   2.8409E-01
  109   2.0330E-03
  110   1.7514E-01
  111   1.6370E-03
  112   1.0766E-01
  113   8.1700E-04
  114   6.5278E-02
  115   3.1400E-04
  116   1.7073E-02
  117   1.4100E-04
  118   7.1160E-03
  119   3.0000E-05
  120   1.5290E-03
  121   1.0000E-05
  122   2.1600E-04
  124   4.7000E-05
  126   6.0000E-06
  128   3.0000E-06
  130   4.0000E-06
  132   2.0000E-06
