   78   3.0000E-06
   80   3.0000E-06
   81   5.0000E-06
   82   2.0000E-06
   83   7.0000E-06
   84   2.6000E-05
   85   3.0000E-05
   86   6.9000E-05
   87   1.2900E-04
   88   3.6400E-04
   89   1.0150E-03
   90   2.3270E-03
   91   3.7530E-03
   92   5.5230E-03
   93   9.9050E-03
   94   2.2163E-02
   95   3.9267E-02
   96   5.0363E-02
   97   5.2135E-02
   98   6.6616E-02
   99   1.0624E-01
  100   1.4478E-01
  101   1.4352E-01
  102   1.1302E-01
  103   1.0011E-01
  104   1.3862E-01
  105   1.3862E-01
  106   1.0011E-01
  107   1.1302E-01
  108   1.4352E-01
  109   1.4478E-01
  110   1.0624E-01
  111   6.6616E-02
  112   5.2135E-02
  113   5.0363E-02
  114   3.9267E-02
  115   2.2163E-02
  116   9.9050E-03
  117   5.5230E-03
  118   3.7530E-03
  119   2.3270E-03
  120   1.0150E-03
  121   3.6400E-04
  122   1.2900E-04
  123   6.9000E-05
  124   3.0000E-05
  125   2.6000E-05
  126   7.0000E-06
  127   2.0000E-06
  128   5.0000E-06
  129   3.0000E-06
  131   3.0000E-06
