   80   5.0000E-06
   82   8.0000E-06
   84   1.9000E-05
   86   7.4000E-05
   88   4.2500E-04
   89   1.2000E-05
   90   2.9060E-03
   91   4.9000E-05
   92   8.1300E-03
   93   1.8200E-04
   94   2.9204E-02
   95   4.3700E-04
   96   8.1899E-02
   97   1.1570E-03
   98   1.1260E-01
   99   1.7800E-03
  100   2.4656E-01
  101   2.3650E-03
  102   2.5881E-01
  103   2.8330E-03
  104   2.4899E-01
  105   3.0760E-03
  106   2.4899E-01
  107   2.8330E-03
  108   2.5881E-01
  109   2.3650E-03
  110   2.4656E-01
  111   1.7800E-03
  112   1.1260E-01
  113   1.1570E-03
  114   8.1899E-02
  115   4.3700E-04
  116   2.9204E-02
  117   1.8200E-04
  118   8.1300E-03
  119   4.9000E-05
  120   2.9060E-03
  121   1.2000E-05
  122   4.2500E-04
  124   7.4000E-05
  126   1.9000E-05
  128   8.0000E-06
  130   5.0000E-06
