   79   2.0000E-06
   80   4.0000E-06
   81   4.0000E-06
   82   2.0000E-06
   83   1.0000E-05
   84   1.5000E-05
   85   2.9000E-05
   86   7.3000E-05
   87   1.2600E-04
   88   3.6900E-04
   89   1.0980E-03
   90   2.3740E-03
   91   3.7480E-03
   92   5.4720E-03
   93   1.0127E-02
   94   2.2323E-02
   95   3.9440E-02
   96   4.9956E-02
   97   5.2350E-02
   98   6.6414E-02
   99   1.0657E-01
  100   1.4440E-01
  101   1.4378E-01
  102   1.1286E-01
  103   9.9627E-02
  104   1.3880E-01
  105   1.3880E-01
  106   9.9627E-02
  107   1.1286E-01
  108   1.4378E-01
  109   1.4440E-01
  110   1.0657E-01
  111   6.6414E-02
  112   5.2350E-02
  113   4.9956E-02
  114   3.9440E-02
  115   2.2323E-02
  116   1.0127E-02
  117   5.4720E-03
  118   3.7480E-03
  119   2.3740E-03
  120   1.0980E-03
  121   3.6900E-04
  122   1.2600E-04
  123   7.3000E-05
  124   2.9000E-05
  125   1.5000E-05
  126   1.0000E-05
  127   2.0000E-06
  128   4.0000E-06
  129   4.0000E-06
  130   2.0000E-06
