   77   2.0000E-06
   78   5.0000E-06
   79   8.0000E-06
   80   4.4000E-05
   81   1.2700E-04
   82   2.8400E-04
   83   5.0700E-04
   84   9.5300E-04
   85   2.7070E-03
   86   6.6710E-03
   87   1.1211E-02
   88   1.4002E-02
   89   1.9979E-02
   90   3.9011E-02
   91   6.8327E-02
   92   8.2443E-02
   93   7.6304E-02
   94   7.9912E-02
   95   1.1221E-01
   96   1.3958E-01
   97   1.2212E-01
   98   8.2150E-02
   99   6.3025E-02
  100   7.8415E-02
  101   7.8415E-02
  102   6.3025E-02
  103   8.2150E-02
  104   1.2212E-01
  105   1.3958E-01
  106   1.1221E-01
  107   7.9912E-02
  108   7.6304E-02
  109   8.2443E-02
  110   6.8327E-02
  111   3.9011E-02
  112   1.9979E-02
  113   1.4002E-02
  114   1.1211E-02
  115   6.6710E-03
  116   2.7070E-03
  117   9.5300E-04
  118   5.0700E-04
  119   2.8400E-04
  120   1.2700E-04
  121   4.4000E-05
  122   8.0000E-06
  123   5.0000E-06
  124   2.0000E-06
