   80   1.0000E-05
   82   1.0400E-04
   84   4.3300E-04
   85   2.0000E-05
   86   2.7000E-03
   87   5.2000E-05
   88   1.2114E-02
   89   2.4100E-04
   90   2.5328E-02
   91   4.3500E-04
   92   8.7371E-02
   93   1.0510E-03
   94   1.3503E-01
   95   2.0430E-03
   96   1.8667E-01
   97   2.1240E-03
   98   2.7409E-01
   99   2.2570E-03
  100   1.6786E-01
  101   1.9120E-03
  102   1.9628E-01
  103   1.9120E-03
  104   1.6786E-01
  105   2.2570E-03
  106   2.7409E-01
  107   2.1240E-03
  108   1.8667E-01
  109   2.0430E-03
  110   1.3503E-01
  111   1.0510E-03
  112   8.7371E-02
  113   4.3500E-04
  114   2.5328E-02
  115   2.4100E-04
  116   1.2114E-02
  117   5.2000E-05
  118   2.7000E-03
  119   2.0000E-05
  120   4.3300E-04
  122   1.0400E-04
  124   1.0000E-05
