   77   2.0000E-06
   81   3.0000E-06
   82   2.3000E-05
   83   6.2000E-05
   84   1.4100E-04
   85   2.3600E-04
   86   5.4500E-04
   87   1.7220E-03
   88   4.0730E-03
   89   6.6170E-03
   90   8.8260E-03
   91   1.4264E-02
   92   3.0049E-02
   93   5.2613E-02
   94   6.4891E-02
   95   6.3953E-02
   96   7.4153E-02
   97   1.1212E-01
   98   1.4455E-01
   99   1.3525E-01
  100   9.8305E-02
  101   8.1040E-02
  102   1.0654E-01
  103   1.0654E-01
  104   8.1040E-02
  105   9.8305E-02
  106   1.3525E-01
  107   1.4455E-01
  108   1.1212E-01
  109   7.4153E-02
  110   6.3953E-02
  111   6.4891E-02
  112   5.2613E-02
  113   3.0049E-02
  114   1.4264E-02
  115   8.8260E-03
  116   6.6170E-03
  117   4.0730E-03
  118   1.7220E-03
  119   5.4500E-04
  120   2.3600E-04
  121   1.4100E-04
  122   6.2000E-05
  123   2.3000E-05
  124   3.0000E-06
  128   2.0000E-06
