   79   2.0000E-06
   80   2.0000E-06
   81   5.0000E-06
   82   2.0000E-06
   83   4.0000E-06
   84   1.0000E-05
   85   3.2000E-05
   86   5.8000E-05
   87   1.3000E-04
   88   3.5800E-04
   89   1.0660E-03
   90   2.3450E-03
   91   3.9440E-03
   92   5.5710E-03
   93   1.0065E-02
   94   2.2243E-02
   95   3.9049E-02
   96   5.0294E-02
   97   5.2957E-02
   98   6.6421E-02
   99   1.0677E-01
  100   1.4406E-01
  101   1.4309E-01
  102   1.1298E-01
  103   1.0017E-01
  104   1.3837E-01
  105   1.3837E-01
  106   1.0017E-01
  107   1.1298E-01
  108   1.4309E-01
  109   1.4406E-01
  110   1.0677E-01
  111   6.6421E-02
  112   5.2957E-02
  113   5.0294E-02
  114   3.9049E-02
  115   2.2243E-02
  116   1.0065E-02
  117   5.5710E-03
  118   3.9440E-03
  119   2.3450E-03
  120   1.0660E-03
  121   3.5800E-04
  122   1.3000E-04
  123   5.8000E-05
  124   3.2000E-05
  125   1.0000E-05
  126   4.0000E-06
  127   2.0000E-06
  128   5.0000E-06
  129   2.0000E-06
  130   2.0000E-06
