   76   4.0000E-06
   77   2.0000E-06
   78   3.0000E-06
   81   2.0000E-06
   82   2.0000E-06
   83   1.5000E-05
   84   5.0000E-05
   85   1.0000E-04
   86   1.7800E-04
   87   4.3000E-04
   88   1.3870E-03
   89   3.2120E-03
   90   5.1430E-03
   91   6.9770E-03
   92   1.2125E-02
   93   2.5914E-02
   94   4.5858E-02
   95   5.7669E-02
   96   5.7818E-02
   97   7.0577E-02
   98   1.1018E-01
   99   1.4552E-01
  100   1.3933E-01
  101   1.0551E-01
  102   9.0047E-02
  103   1.2194E-01
  104   1.2194E-01
  105   9.0047E-02
  106   1.0551E-01
  107   1.3933E-01
  108   1.4552E-01
  109   1.1018E-01
  110   7.0577E-02
  111   5.7818E-02
  112   5.7669E-02
  113   4.5858E-02
  114   2.5914E-02
  115   1.2125E-02
  116   6.9770E-03
  117   5.1430E-03
  118   3.2120E-03
  119   1.3870E-03
  120   4.3000E-04
  121   1.7800E-04
  122   1.0000E-04
  123   5.0000E-05
  124   1.5000E-05
  125   2.0000E-06
  126   2.0000E-06
  129   3.0000E-06
  130   2.0000E-06
  131   4.0000E-06
