   80   3.0000E-06
   82   1.0100E-04
   84   4.9700E-04
   85   8.0000E-06
   86   2.5780E-03
   87   5.0000E-05
   88   1.2081E-02
   89   1.8700E-04
   90   2.4930E-02
   91   4.4600E-04
   92   8.7925E-02
   93   9.9600E-04
   94   1.3526E-01
   95   1.9380E-03
   96   1.8534E-01
   97   2.1320E-03
   98   2.7588E-01
   99   2.3220E-03
  100   1.6783E-01
  101   1.9280E-03
  102   1.9509E-01
  103   1.9280E-03
  104   1.6783E-01
  105   2.3220E-03
  106   2.7588E-01
  107   2.1320E-03
  108   1.8534E-01
  109   1.9380E-03
  110   1.3526E-01
  111   9.9600E-04
  112   8.7925E-02
  113   4.4600E-04
  114   2.4930E-02
  115   1.8700E-04
  116   1.2081E-02
  117   5.0000E-05
  118   2.5780E-03
  119   8.0000E-06
  120   4.9700E-04
  122   1.0100E-04
  124   3.0000E-06
