   78   2.0000E-06
   80   4.0000E-06
   82   1.6000E-05
   84   2.1000E-05
   86   7.5000E-05
   88   3.8900E-04
   89   5.0000E-06
   90   2.9700E-03
   91   5.4000E-05
   92   8.1150E-03
   93   1.8300E-04
   94   2.9160E-02
   95   3.9900E-04
   96   8.2059E-02
   97   1.0940E-03
   98   1.1306E-01
   99   1.8050E-03
  100   2.4674E-01
  101   2.3820E-03
  102   2.5798E-01
  103   2.8260E-03
  104   2.4906E-01
  105   3.1660E-03
  106   2.4906E-01
  107   2.8260E-03
  108   2.5798E-01
  109   2.3820E-03
  110   2.4674E-01
  111   1.8050E-03
  112   1.1306E-01
  113   1.0940E-03
  114   8.2059E-02
  115   3.9900E-04
  116   2.9160E-02
  117   1.8300E-04
  118   8.1150E-03
  119   5.4000E-05
  120   2.9700E-03
  121   5.0000E-06
  122   3.8900E-04
  124   7.5000E-05
  126   2.1000E-05
  128   1.6000E-05
  130   4.0000E-06
  132   2.0000E-06
