   76   2.0000E-06
   78   2.0000E-06
   80   4.5000E-05
   82   3.7700E-04
   83   5.0000E-06
   84   1.3010E-03
   85   2.4000E-05
   86   8.3500E-03
   87   1.3400E-04
   88   2.2135E-02
   89   3.8400E-04
   90   5.5052E-02
   91   7.6600E-04
   92   1.4152E-01
   93   1.5940E-03
   94   1.4974E-01
   95   2.2150E-03
   96   2.5317E-01
   97   2.1650E-03
   98   2.0936E-01
   99   1.9510E-03
  100   1.4881E-01
  101   1.7640E-03
  102   1.4881E-01
  103   1.9510E-03
  104   2.0936E-01
  105   2.1650E-03
  106   2.5317E-01
  107   2.2150E-03
  108   1.4974E-01
  109   1.5940E-03
  110   1.4152E-01
  111   7.6600E-04
  112   5.5052E-02
  113   3.8400E-04
  114   2.2135E-02
  115   1.3400E-04
  116   8.3500E-03
  117   2.4000E-05
  118   1.3010E-03
  119   5.0000E-06
  120   3.7700E-04
  122   4.5000E-05
  124   2.0000E-06
  126   2.0000E-06
