   74   4.0000E-06
   76   2.0000E-06
   78   6.0000E-06
   80   3.3000E-05
   82   3.9600E-04
   83   6.0000E-06
   84   1.3420E-03
   85   4.1000E-05
   86   8.3810E-03
   87   1.4500E-04
   88   2.2445E-02
   89   3.9000E-04
   90   5.5243E-02
   91   7.7200E-04
   92   1.4059E-01
   93   1.5860E-03
   94   1.4809E-01
   95   2.1310E-03
   96   2.5231E-01
   97   2.0900E-03
   98   2.0967E-01
   99   2.0970E-03
  100   1.5136E-01
  101   1.7100E-03
  102   1.5136E-01
  103   2.0970E-03
  104   2.0967E-01
  105   2.0900E-03
  106   2.5231E-01
  107   2.1310E-03
  108   1.4809E-01
  109   1.5860E-03
  110   1.4059E-01
  111   7.7200E-04
  112   5.5243E-02
  113   3.9000E-04
  114   2.2445E-02
  115   1.4500E-04
  116   8.3810E-03
  117   4.1000E-05
  118   1.3420E-03
  119   6.0000E-06
  120   3.9600E-04
  122   3.3000E-05
  124   6.0000E-06
  126   2.0000E-06
  128   4.0000E-06
