   84   2.0000E-06
   86   1.0000E-05
   88   5.4000E-05
   90   2.4800E-04
   92   1.7020E-03
   93   2.4000E-05
   94   4.9190E-03
   95   9.6000E-05
   96   2.0689E-02
   97   2.6100E-04
   98   6.0716E-02
   99   8.9100E-04
  100   9.4589E-02
  101   1.5580E-03
  102   2.3212E-01
  103   2.3410E-03
  104   2.7241E-01
  105   3.3250E-03
  106   3.0211E-01
  107   3.8500E-03
  108   3.0211E-01
  109   3.3250E-03
  110   2.7241E-01
  111   2.3410E-03
  112   2.3212E-01
  113   1.5580E-03
  114   9.4589E-02
  115   8.9100E-04
  116   6.0716E-02
  117   2.6100E-04
  118   2.0689E-02
  119   9.6000E-05
  120   4.9190E-03
  121   2.4000E-05
  122   1.7020E-03
  124   2.4800E-04
  126   5.4000E-05
  128   1.0000E-05
  130   2.0000E-06
