   79   2.0000E-06
   80   2.0000E-06
   81   8.0000E-06
   82   6.0000E-06
   83   7.0000E-06
   84   1.6000E-05
   85   1.5000E-05
   86   2.8000E-05
   87   4.4000E-05
   88   9.2000E-05
   89   2.6400E-04
   90   7.7700E-04
   91   1.8960E-03
   92   3.0070E-03
   93   4.2970E-03
   94   8.3590E-03
   95   1.9029E-02
   96   3.3818E-02
   97   4.3950E-02
   98   4.7353E-02
   99   6.2863E-02
  100   1.0223E-01
  101   1.4319E-01
  102   1.4592E-01
  103   1.1898E-01
  104   1.0890E-01
  105   1.5493E-01
  106   1.5493E-01
  107   1.0890E-01
  108   1.1898E-01
  109   1.4592E-01
  110   1.4319E-01
  111   1.0223E-01
  112   6.2863E-02
  113   4.7353E-02
  114   4.3950E-02
  115   3.3818E-02
  116   1.9029E-02
  117   8.3590E-03
  118   4.2970E-03
  119   3.0070E-03
  120   1.8960E-03
  121   7.7700E-04
  122   2.6400E-04
  123   9.2000E-05
  124   4.4000E-05
  125   2.8000E-05
  126   1.5000E-05
  127   1.6000E-05
  128   7.0000E-06
  129   6.0000E-06
  130   8.0000E-06
  131   2.0000E-06
  132   2.0000E-06
