   83   4.0000E-06
   84   2.0000E-06
   85   8.0000E-06
   86   1.1000E-05
   87   1.4000E-05
   88   3.4000E-05
   89   6.3000E-05
   90   2.1200E-04
   91   6.1300E-04
   92   1.4180E-03
   93   2.2400E-03
   94   3.4090E-03
   95   7.0850E-03
   96   1.6083E-02
   97   2.8631E-02
   98   3.7153E-02
   99   4.2072E-02
  100   5.8501E-02
  101   9.8278E-02
  102   1.4008E-01
  103   1.4778E-01
  104   1.2488E-01
  105   1.1882E-01
  106   1.7260E-01
  107   1.7260E-01
  108   1.1882E-01
  109   1.2488E-01
  110   1.4778E-01
  111   1.4008E-01
  112   9.8278E-02
  113   5.8501E-02
  114   4.2072E-02
  115   3.7153E-02
  116   2.8631E-02
  117   1.6083E-02
  118   7.0850E-03
  119   3.4090E-03
  120   2.2400E-03
  121   1.4180E-03
  122   6.1300E-04
  123   2.1200E-04
  124   6.3000E-05
  125   3.4000E-05
  126   1.4000E-05
  127   1.1000E-05
  128   8.0000E-06
  129   2.0000E-06
  130   4.0000E-06
