   74   2.0000E-06
   86   7.0000E-06
   88   2.4000E-05
   90   7.0000E-05
   92   5.5000E-04
   93   1.3000E-05
   94   2.2430E-03
   95   4.8000E-05
   96   7.6740E-03
   97   1.5600E-04
   98   3.4059E-02
   99   4.8400E-04
  100   6.4463E-02
  101   1.1000E-03
  102   1.4272E-01
  103   1.7620E-03
  104   2.8029E-01
  105   3.0690E-03
  106   2.6067E-01
  107   3.5600E-03
  108   3.9405E-01
  109   3.5600E-03
  110   2.6067E-01
  111   3.0690E-03
  112   2.8029E-01
  113   1.7620E-03
  114   1.4272E-01
  115   1.1000E-03
  116   6.4463E-02
  117   4.8400E-04
  118   3.4059E-02
  119   1.5600E-04
  120   7.6740E-03
  121   4.8000E-05
  122   2.2430E-03
  123   1.3000E-05
  124   5.5000E-04
  126   7.0000E-05
  128   2.4000E-05
  130   7.0000E-06
  142   2.0000E-06
