   80   3.0000E-06
   81   5.0000E-06
   82   8.0000E-06
   83   1.0000E-05
   84   8.0000E-06
   85   1.0000E-05
   86   2.8000E-05
   87   4.6000E-05
   88   1.1700E-04
   89   2.8600E-04
   90   7.8600E-04
   91   1.8630E-03
   92   3.0070E-03
   93   4.3060E-03
   94   8.4140E-03
   95   1.8867E-02
   96   3.3905E-02
   97   4.3581E-02
   98   4.7150E-02
   99   6.2867E-02
  100   1.0246E-01
  101   1.4315E-01
  102   1.4626E-01
  103   1.1863E-01
  104   1.0920E-01
  105   1.5501E-01
  106   1.5501E-01
  107   1.0920E-01
  108   1.1863E-01
  109   1.4626E-01
  110   1.4315E-01
  111   1.0246E-01
  112   6.2867E-02
  113   4.7150E-02
  114   4.3581E-02
  115   3.3905E-02
  116   1.8867E-02
  117   8.4140E-03
  118   4.3060E-03
  119   3.0070E-03
  120   1.8630E-03
  121   7.8600E-04
  122   2.8600E-04
  123   1.1700E-04
  124   4.6000E-05
  125   2.8000E-05
  126   1.0000E-05
  127   8.0000E-06
  128   1.0000E-05
  129   8.0000E-06
  130   5.0000E-06
  131   3.0000E-06
