   80   2.0000E-06
   81   6.0000E-06
   82   6.0000E-06
   83   1.1000E-05
   84   1.7000E-05
   85   9.0000E-06
   86   3.0000E-05
   87   3.5000E-05
   88   8.5000E-05
   89   2.6900E-04
   90   8.6300E-04
   91   1.8240E-03
   92   2.8930E-03
   93   4.2190E-03
   94   8.5040E-03
   95   1.9054E-02
   96   3.3538E-02
   97   4.3909E-02
   98   4.7229E-02
   99   6.2445E-02
  100   1.0259E-01
  101   1.4322E-01
  102   1.4590E-01
  103   1.1954E-01
  104   1.0887E-01
  105   1.5493E-01
  106   1.5493E-01
  107   1.0887E-01
  108   1.1954E-01
  109   1.4590E-01
  110   1.4322E-01
  111   1.0259E-01
  112   6.2445E-02
  113   4.7229E-02
  114   4.3909E-02
  115   3.3538E-02
  116   1.9054E-02
  117   8.5040E-03
  118   4.2190E-03
  119   2.8930E-03
  120   1.8240E-03
  121   8.6300E-04
  122   2.6900E-04
  123   8.5000E-05
  124   3.5000E-05
  125   3.0000E-05
  126   9.0000E-06
  127   1.7000E-05
  128   1.1000E-05
  129   6.0000E-06
  130   6.0000E-06
  131   2.0000E-06
