   81   2.0000E-06
   84   6.0000E-06
   85   6.0000E-06
   86   1.3000E-05
   87   2.3000E-05
   88   4.4000E-05
   89   5.6000E-05
   90   2.1300E-04
   91   6.1100E-04
   92   1.3960E-03
   93   2.1800E-03
   94   3.4350E-03
   95   7.0320E-03
   96   1.6164E-02
   97   2.8391E-02
   98   3.7466E-02
   99   4.2111E-02
  100   5.8526E-02
  101   9.8384E-02
  102   1.4025E-01
  103   1.4767E-01
  104   1.2490E-01
  105   1.1892E-01
  106   1.7218E-01
  107   1.7218E-01
  108   1.1892E-01
  109   1.2490E-01
  110   1.4767E-01
  111   1.4025E-01
  112   9.8384E-02
  113   5.8526E-02
  114   4.2111E-02
  115   3.7466E-02
  116   2.8391E-02
  117   1.6164E-02
  118   7.0320E-03
  119   3.4350E-03
  120   2.1800E-03
  121   1.3960E-03
  122   6.1100E-04
  123   2.1300E-04
  124   5.6000E-05
  125   4.4000E-05
  126   2.3000E-05
  127   1.3000E-05
  128   6.0000E-06
  129   6.0000E-06
  132   2.0000E-06
