   83   3.0000E-06
   84   5.0000E-06
   85   9.0000E-06
   86   8.0000E-06
   87   2.3000E-05
   88   3.3000E-05
   89   6.9000E-05
   90   2.1400E-04
   91   6.1200E-04
   92   1.3650E-03
   93   2.2800E-03
   94   3.4710E-03
   95   6.9380E-03
   96   1.5916E-02
   97   2.8579E-02
   98   3.7549E-02
   99   4.2398E-02
  100   5.8788E-02
  101   9.8350E-02
  102   1.3978E-01
  103   1.4749E-01
  104   1.2478E-01
  105   1.1871E-01
  106   1.7261E-01
  107   1.7261E-01
  108   1.1871E-01
  109   1.2478E-01
  110   1.4749E-01
  111   1.3978E-01
  112   9.8350E-02
  113   5.8788E-02
  114   4.2398E-02
  115   3.7549E-02
  116   2.8579E-02
  117   1.5916E-02
  118   6.9380E-03
  119   3.4710E-03
  120   2.2800E-03
  121   1.3650E-03
  122   6.1200E-04
  123   2.1400E-04
  124   6.9000E-05
  125   3.3000E-05
  126   2.3000E-05
  127   8.0000E-06
  128   9.0000E-06
  129   5.0000E-06
  130   3.0000E-06
