   80   3.0000E-06
   82   5.0000E-06
   84   1.8000E-05
   86   3.2000E-05
   88   1.1700E-04
   90   9.7400E-04
   91   9.0000E-06
   92   4.0360E-03
   93   8.0000E-05
   94   1.1532E-02
   95   2.2500E-04
   96   4.7905E-02
   97   6.5600E-04
   98   8.4148E-02
   99   1.3410E-03
  100   1.5924E-01
  101   1.9980E-03
  102   2.8653E-01
  103   2.8340E-03
  104   2.3276E-01
  105   2.9200E-03
  106   3.2525E-01
  107   2.9200E-03
  108   2.3276E-01
  109   2.8340E-03
  110   2.8653E-01
  111   1.9980E-03
  112   1.5924E-01
  113   1.3410E-03
  114   8.4148E-02
  115   6.5600E-04
  116   4.7905E-02
  117   2.2500E-04
  118   1.1532E-02
  119   8.0000E-05
  120   4.0360E-03
  121   9.0000E-06
  122   9.7400E-04
  124   1.1700E-04
  126   3.2000E-05
  128   1.8000E-05
  130   5.0000E-06
  132   3.0000E-06
