   80   2.0000E-06
   82   6.0000E-06
   84   2.0000E-05
   86   3.0000E-05
   88   1.3800E-04
   90   8.5200E-04
   91   1.2000E-05
   92   3.9990E-03
   93   7.9000E-05
   94   1.1456E-02
   95   1.9700E-04
   96   4.8356E-02
   97   6.2500E-04
   98   8.4002E-02
   99   1.3280E-03
  100   1.6049E-01
  101   1.9290E-03
  102   2.8620E-01
  103   2.8380E-03
  104   2.3246E-01
  105   2.9660E-03
  106   3.2401E-01
  107   2.9660E-03
  108   2.3246E-01
  109   2.8380E-03
  110   2.8620E-01
  111   1.9290E-03
  112   1.6049E-01
  113   1.3280E-03
  114   8.4002E-02
  115   6.2500E-04
  116   4.8356E-02
  117   1.9700E-04
  118   1.1456E-02
  119   7.9000E-05
  120   3.9990E-03
  121   1.2000E-05
  122   8.5200E-04
  124   1.3800E-04
  126   3.0000E-05
  128   2.0000E-05
  130   6.0000E-06
  132   2.0000E-06
