   68   2.0000E-06
   71   4.0000E-06
   72   2.0000E-06
   77   2.0000E-06
   79   4.0000E-06
   80   7.0000E-06
   81   5.0000E-06
   82   7.0000E-06
   83   4.0000E-06
   84   8.0000E-06
   85   1.5000E-05
   86   2.6000E-05
   87   3.8000E-05
   88   5.0000E-05
   89   4.0000E-05
   90   6.3000E-05
   91   7.3000E-05
   92   1.1400E-04
   93   1.3300E-04
   94   1.8700E-04
   95   2.5200E-04
   96   2.9900E-04
   97   3.3900E-04
   98   4.8900E-04
   99   5.7100E-04
  100   7.6100E-04
  101   9.9200E-04
  102   1.3230E-03
  103   1.5330E-03
  104   1.9540E-03
  105   2.5000E-03
  106   3.1840E-03
  107   3.9080E-03
  108   5.1470E-03
  109   6.1530E-03
  110   7.4230E-03
  111   9.2130E-03
  112   1.1112E-02
  113   1.3100E-02
  114   1.5702E-02
  115   1.8830E-02
  116   2.1651E-02
  117   2.4563E-02
  118   2.8496E-02
  119   3.1626E-02
  120   3.5037E-02
  121   3.8960E-02
  122   4.1520E-02
  123   4.4444E-02
  124   4.7018E-02
  125   4.8777E-02
  126   5.0670E-02
  127   5.1705E-02
  128   5.3415E-02
  129   5.4332E-02
  130   5.5610E-02
  131   5.7343E-02
  132   5.8461E-02
  133   5.9659E-02
  134   6.1104E-02
  135   6.0010E-02
  136   6.1104E-02
  137   5.9659E-02
  138   5.8461E-02
  139   5.7343E-02
  140   5.5610E-02
  141   5.4332E-02
  142   5.3415E-02
  143   5.1705E-02
  144   5.0670E-02
  145   4.8777E-02
  146   4.7018E-02
  147   4.4444E-02
  148   4.1520E-02
  149   3.8960E-02
  150   3.5037E-02
  151   3.1626E-02
  152   2.8496E-02
  153   2.4563E-02
  154   2.1651E-02
  155   1.8830E-02
  156   1.5702E-02
  157   1.3100E-02
  158   1.1112E-02
  159   9.2130E-03
  160   7.4230E-03
  161   6.1530E-03
  162   5.1470E-03
  163   3.9080E-03
  164   3.1840E-03
  165   2.5000E-03
  166   1.9540E-03
  167   1.5330E-03
  168   1.3230E-03
  169   9.9200E-04
  170   7.6100E-04
  171   5.7100E-04
  172   4.8900E-04
  173   3.3900E-04
  174   2.9900E-04
  175   2.5200E-04
  176   1.8700E-04
  177   1.3300E-04
  178   1.1400E-04
  179   7.3000E-05
  180   6.3000E-05
  181   4.0000E-05
  182   5.0000E-05
  183   3.8000E-05
  184   2.6000E-05
  185   1.5000E-05
  186   8.0000E-06
  187   4.0000E-06
  188   7.0000E-06
  189   5.0000E-06
  190   7.0000E-06
