   34   2.0000E-06
   37   3.0000E-06
   38   2.0000E-06
   40   2.0000E-06
   41   2.0000E-06
   44   7.0000E-06
   45   2.0000E-06
   46   4.0000E-06
   47   4.0000E-06
   48   5.0000E-06
   49   2.0000E-06
   50   6.0000E-06
   51   1.0000E-05
   52   1.3000E-05
   53   1.5000E-05
   54   1.9000E-05
   55   1.8000E-05
   56   1.7000E-05
   57   1.7000E-05
   58   1.9000E-05
   59   2.1000E-05
   60   2.4000E-05
   61   2.0000E-05
   62   4.0000E-05
   63   3.1000E-05
   64   4.2000E-05
   65   4.2000E-05
   66   5.2000E-05
   67   4.6000E-05
   68   7.8000E-05
   69   5.6000E-05
   70   6.8000E-05
   71   8.3000E-05
   72   1.0700E-04
   73   8.4000E-05
   74   1.0500E-04
   75   1.0500E-04
   76   1.3600E-04
   77   1.6200E-04
   78   1.7300E-04
   79   1.4900E-04
   80   1.7800E-04
   81   2.0500E-04
   82   2.3300E-04
   83   2.4700E-04
   84   2.3400E-04
   85   2.5200E-04
   86   2.7700E-04
   87   3.1900E-04
   88   3.7700E-04
   89   3.6400E-04
   90   4.5800E-04
   91   5.0200E-04
   92   5.4800E-04
   93   5.7300E-04
   94   7.2100E-04
   95   8.5100E-04
   96   9.6400E-04
   97   1.1790E-03
   98   1.3460E-03
   99   1.5810E-03
  100   2.0030E-03
  101   2.4660E-03
  102   2.8690E-03
  103   3.5830E-03
  104   4.3680E-03
  105   5.3060E-03
  106   6.5670E-03
  107   8.0020E-03
  108   9.3230E-03
  109   1.0887E-02
  110   1.3063E-02
  111   1.5526E-02
  112   1.7971E-02
  113   2.0428E-02
  114   2.3554E-02
  115   2.6386E-02
  116   3.0076E-02
  117   3.3389E-02
  118   3.5969E-02
  119   3.8924E-02
  120   4.1612E-02
  121   4.4478E-02
  122   4.6653E-02
  123   4.8426E-02
  124   4.9779E-02
  125   5.0568E-02
  126   5.0670E-02
  127   5.0489E-02
  128   5.0360E-02
  129   4.9682E-02
  130   4.8562E-02
  131   4.7415E-02
  132   4.5758E-02
  133   4.4283E-02
  134   4.4206E-02
  135   4.5771E-02
  136   4.7240E-02
  137   4.8875E-02
  138   4.9445E-02
  139   5.0457E-02
  140   5.0740E-02
  141   5.0868E-02
  142   5.0484E-02
  143   5.0368E-02
  144   4.8905E-02
  145   4.6956E-02
  146   4.5240E-02
  147   4.2390E-02
  148   3.9689E-02
  149   3.6570E-02
  150   3.4198E-02
  151   3.0890E-02
  152   2.7163E-02
  153   2.4405E-02
  154   2.1127E-02
  155   1.8476E-02
  156   1.6304E-02
  157   1.3552E-02
  158   1.1364E-02
  159   9.6570E-03
  160   8.3120E-03
  161   7.0050E-03
  162   5.5500E-03
  163   4.6120E-03
  164   3.7980E-03
  165   3.0630E-03
  166   2.5610E-03
  167   2.1800E-03
  168   1.7020E-03
  169   1.4380E-03
  170   1.2740E-03
  171   1.0620E-03
  172   9.2200E-04
  173   7.2900E-04
  174   6.8200E-04
  175   6.1800E-04
  176   5.2300E-04
  177   5.1000E-04
  178   4.4100E-04
  179   3.9300E-04
  180   3.3500E-04
  181   3.6100E-04
  182   3.0400E-04
  183   2.7700E-04
  184   2.6000E-04
  185   2.2500E-04
  186   2.4200E-04
  187   2.2900E-04
  188   1.9600E-04
  189   1.7800E-04
  190   1.5100E-04
