   80   2.0000E-06
   81   2.0000E-06
   82   5.0000E-06
   83   1.2000E-05
   84   1.2000E-05
   85   2.4000E-05
   86   1.2000E-05
   87   2.6000E-05
   88   4.4000E-05
   89   5.0000E-05
   90   5.4000E-05
   91   8.6000E-05
   92   1.1800E-04
   93   1.3900E-04
   94   1.6600E-04
   95   2.4900E-04
   96   3.1400E-04
   97   3.8600E-04
   98   5.2500E-04
   99   5.8800E-04
  100   7.6200E-04
  101   1.0110E-03
  102   1.2260E-03
  103   1.5700E-03
  104   1.9370E-03
  105   2.4700E-03
  106   3.0840E-03
  107   3.7990E-03
  108   4.8470E-03
  109   5.8840E-03
  110   7.1720E-03
  111   8.7060E-03
  112   1.0554E-02
  113   1.2747E-02
  114   1.5153E-02
  115   1.7884E-02
  116   2.0610E-02
  117   2.3555E-02
  118   2.7283E-02
  119   3.0345E-02
  120   3.3653E-02
  121   3.7013E-02
  122   3.9952E-02
  123   4.2870E-02
  124   4.5494E-02
  125   4.7224E-02
  126   4.8948E-02
  127   5.0714E-02
  128   5.1904E-02
  129   5.4052E-02
  130   5.6021E-02
  131   5.9509E-02
  132   6.2485E-02
  133   6.5353E-02
  134   6.7550E-02
  135   6.7636E-02
  136   6.7550E-02
  137   6.5353E-02
  138   6.2485E-02
  139   5.9509E-02
  140   5.6021E-02
  141   5.4052E-02
  142   5.1904E-02
  143   5.0714E-02
  144   4.8948E-02
  145   4.7224E-02
  146   4.5494E-02
  147   4.2870E-02
  148   3.9952E-02
  149   3.7013E-02
  150   3.3653E-02
  151   3.0345E-02
  152   2.7283E-02
  153   2.3555E-02
  154   2.0610E-02
  155   1.7884E-02
  156   1.5153E-02
  157   1.2747E-02
  158   1.0554E-02
  159   8.7060E-03
  160   7.1720E-03
  161   5.8840E-03
  162   4.8470E-03
  163   3.7990E-03
  164   3.0840E-03
  165   2.4700E-03
  166   1.9370E-03
  167   1.5700E-03
  168   1.2260E-03
  169   1.0110E-03
  170   7.6200E-04
  171   5.8800E-04
  172   5.2500E-04
  173   3.8600E-04
  174   3.1400E-04
  175   2.4900E-04
  176   1.6600E-04
  177   1.3900E-04
  178   1.1800E-04
  179   8.6000E-05
  180   5.4000E-05
  181   5.0000E-05
  182   4.4000E-05
  183   2.6000E-05
  184   1.2000E-05
  185   2.4000E-05
  186   1.2000E-05
  187   1.2000E-05
  188   5.0000E-06
  189   2.0000E-06
  190   2.0000E-06
