   68   2.0000E-06
   81   4.0000E-06
   82   8.0000E-06
   83   7.0000E-06
   84   6.0000E-06
   85   1.9000E-05
   86   1.5000E-05
   87   2.3000E-05
   88   3.9000E-05
   89   5.1000E-05
   90   6.4000E-05
   91   9.0000E-05
   92   1.1400E-04
   93   1.4700E-04
   94   1.9500E-04
   95   2.4300E-04
   96   2.8300E-04
   97   3.7300E-04
   98   5.4700E-04
   99   5.8100E-04
  100   7.3800E-04
  101   9.7500E-04
  102   1.2860E-03
  103   1.4970E-03
  104   1.9410E-03
  105   2.5500E-03
  106   3.1270E-03
  107   3.8010E-03
  108   4.8480E-03
  109   5.9280E-03
  110   7.1460E-03
  111   8.8620E-03
  112   1.0699E-02
  113   1.2772E-02
  114   1.5453E-02
  115   1.8218E-02
  116   2.0861E-02
  117   2.4158E-02
  118   2.7386E-02
  119   3.0702E-02
  120   3.4238E-02
  121   3.7347E-02
  122   4.0226E-02
  123   4.3274E-02
  124   4.5876E-02
  125   4.7587E-02
  126   4.9222E-02
  127   5.0784E-02
  128   5.2781E-02
  129   5.4389E-02
  130   5.6253E-02
  131   5.8550E-02
  132   6.1364E-02
  133   6.4027E-02
  134   6.5516E-02
  135   6.5566E-02
  136   6.5516E-02
  137   6.4027E-02
  138   6.1364E-02
  139   5.8550E-02
  140   5.6253E-02
  141   5.4389E-02
  142   5.2781E-02
  143   5.0784E-02
  144   4.9222E-02
  145   4.7587E-02
  146   4.5876E-02
  147   4.3274E-02
  148   4.0226E-02
  149   3.7347E-02
  150   3.4238E-02
  151   3.0702E-02
  152   2.7386E-02
  153   2.4158E-02
  154   2.0861E-02
  155   1.8218E-02
  156   1.5453E-02
  157   1.2772E-02
  158   1.0699E-02
  159   8.8620E-03
  160   7.1460E-03
  161   5.9280E-03
  162   4.8480E-03
  163   3.8010E-03
  164   3.1270E-03
  165   2.5500E-03
  166   1.9410E-03
  167   1.4970E-03
  168   1.2860E-03
  169   9.7500E-04
  170   7.3800E-04
  171   5.8100E-04
  172   5.4700E-04
  173   3.7300E-04
  174   2.8300E-04
  175   2.4300E-04
  176   1.9500E-04
  177   1.4700E-04
  178   1.1400E-04
  179   9.0000E-05
  180   6.4000E-05
  181   5.1000E-05
  182   3.9000E-05
  183   2.3000E-05
  184   1.5000E-05
  185   1.9000E-05
  186   6.0000E-06
  187   7.0000E-06
  188   8.0000E-06
  189   4.0000E-06
