   33   3.0000E-06
   34   2.0000E-06
   36   2.0000E-06
   41   2.0000E-06
   42   3.0000E-06
   43   9.0000E-06
   44   3.0000E-06
   45   6.0000E-06
   46   8.0000E-06
   47   5.0000E-06
   48   2.0000E-05
   49   1.7000E-05
   50   9.0000E-06
   51   2.5000E-05
   52   3.5000E-05
   53   3.3000E-05
   54   9.0000E-06
   55   3.8000E-05
   56   4.7000E-05
   57   4.6000E-05
   58   3.6000E-05
   59   5.6000E-05
   60   7.5000E-05
   61   6.8000E-05
   62   6.0000E-05
   63   1.2300E-04
   64   7.6000E-05
   65   1.1100E-04
   66   1.3700E-04
   67   1.5500E-04
   68   1.3800E-04
   69   1.6500E-04
   70   1.6700E-04
   71   1.9900E-04
   72   2.3200E-04
   73   2.4000E-04
   74   2.5500E-04
   75   3.0000E-04
   76   3.1900E-04
   77   3.4200E-04
   78   3.3400E-04
   79   3.9800E-04
   80   4.7800E-04
   81   4.7900E-04
   82   5.1100E-04
   83   5.8700E-04
   84   6.1600E-04
   85   6.3200E-04
   86   6.9600E-04
   87   7.7200E-04
   88   7.9200E-04
   89   9.8400E-04
   90   9.7200E-04
   91   1.1100E-03
   92   1.1560E-03
   93   1.3140E-03
   94   1.3800E-03
   95   1.5030E-03
   96   1.6440E-03
   97   1.8550E-03
   98   2.0190E-03
   99   2.3100E-03
  100   2.6030E-03
  101   2.9030E-03
  102   3.3340E-03
  103   3.7350E-03
  104   4.2950E-03
  105   5.0630E-03
  106   5.7660E-03
  107   6.5690E-03
  108   7.6830E-03
  109   8.5360E-03
  110   1.0303E-02
  111   1.1964E-02
  112   1.3654E-02
  113   1.5182E-02
  114   1.7752E-02
  115   2.0185E-02
  116   2.2518E-02
  117   2.5010E-02
  118   2.8082E-02
  119   3.0640E-02
  120   3.3502E-02
  121   3.5895E-02
  122   3.8720E-02
  123   4.0496E-02
  124   4.2647E-02
  125   4.4434E-02
  126   4.6034E-02
  127   4.7438E-02
  128   4.8229E-02
  129   4.9199E-02
  130   5.0417E-02
  131   5.1559E-02
  132   5.2307E-02
  133   5.3120E-02
  134   5.4179E-02
  135   5.5896E-02
  136   5.6781E-02
  137   5.5497E-02
  138   5.3202E-02
  139   5.1993E-02
  140   5.0212E-02
  141   4.9096E-02
  142   4.7782E-02
  143   4.7190E-02
  144   4.6941E-02
  145   4.4897E-02
  146   4.2658E-02
  147   4.0849E-02
  148   3.8726E-02
  149   3.6883E-02
  150   3.4577E-02
  151   3.1903E-02
  152   2.9642E-02
  153   2.6440E-02
  154   2.4026E-02
  155   2.1097E-02
  156   1.9016E-02
  157   1.6377E-02
  158   1.4389E-02
  159   1.2788E-02
  160   1.0835E-02
  161   9.2160E-03
  162   8.1550E-03
  163   6.9870E-03
  164   6.0130E-03
  165   5.3200E-03
  166   4.5360E-03
  167   3.9510E-03
  168   3.4210E-03
  169   3.0070E-03
  170   2.6840E-03
  171   2.4180E-03
  172   2.0670E-03
  173   1.8620E-03
  174   1.6850E-03
  175   1.5380E-03
  176   1.3970E-03
  177   1.3510E-03
  178   1.1470E-03
  179   1.1130E-03
  180   9.6500E-04
  181   9.9600E-04
  182   7.9700E-04
  183   7.8200E-04
  184   7.1300E-04
  185   6.2200E-04
  186   6.2600E-04
  187   5.8200E-04
  188   5.2700E-04
  189   4.7500E-04
  190   4.8500E-04
