   84   5.0000E-06
   85   2.0000E-06
   86   2.0000E-06
   87   1.0000E-05
   88   1.7000E-05
   89   1.5000E-05
   90   1.9000E-05
   91   2.6000E-05
   92   2.4000E-05
   93   4.2000E-05
   94   7.8000E-05
   95   9.8000E-05
   96   1.0800E-04
   97   1.5800E-04
   98   1.9200E-04
   99   2.2900E-04
  100   2.8900E-04
  101   3.5700E-04
  102   4.6100E-04
  103   5.0600E-04
  104   7.0500E-04
  105   7.9200E-04
  106   9.9000E-04
  107   1.2260E-03
  108   1.5320E-03
  109   1.8250E-03
  110   2.3610E-03
  111   2.7760E-03
  112   3.3370E-03
  113   4.2710E-03
  114   5.0120E-03
  115   6.1920E-03
  116   7.2870E-03
  117   8.5380E-03
  118   1.0036E-02
  119   1.1633E-02
  120   1.3433E-02
  121   1.4977E-02
  122   1.7361E-02
  123   1.8893E-02
  124   2.0903E-02
  125   2.2828E-02
  126   2.4882E-02
  127   2.7758E-02
  128   3.0855E-02
  129   3.6563E-02
  130   4.5037E-02
  131   5.7008E-02
  132   7.4808E-02
  133   9.5084E-02
  134   1.1759E-01
  135   1.4309E-01
  136   1.6775E-01
  137   1.6775E-01
  138   1.4309E-01
  139   1.1759E-01
  140   9.5084E-02
  141   7.4808E-02
  142   5.7008E-02
  143   4.5037E-02
  144   3.6563E-02
  145   3.0855E-02
  146   2.7758E-02
  147   2.4882E-02
  148   2.2828E-02
  149   2.0903E-02
  150   1.8893E-02
  151   1.7361E-02
  152   1.4977E-02
  153   1.3433E-02
  154   1.1633E-02
  155   1.0036E-02
  156   8.5380E-03
  157   7.2870E-03
  158   6.1920E-03
  159   5.0120E-03
  160   4.2710E-03
  161   3.3370E-03
  162   2.7760E-03
  163   2.3610E-03
  164   1.8250E-03
  165   1.5320E-03
  166   1.2260E-03
  167   9.9000E-04
  168   7.9200E-04
  169   7.0500E-04
  170   5.0600E-04
  171   4.6100E-04
  172   3.5700E-04
  173   2.8900E-04
  174   2.2900E-04
  175   1.9200E-04
  176   1.5800E-04
  177   1.0800E-04
  178   9.8000E-05
  179   7.8000E-05
  180   4.2000E-05
  181   2.4000E-05
  182   2.6000E-05
  183   1.9000E-05
  184   1.5000E-05
  185   1.7000E-05
  186   1.0000E-05
  187   2.0000E-06
  188   2.0000E-06
  189   5.0000E-06
