   57   2.0000E-06
   78   2.0000E-06
   81   8.0000E-06
   82   2.0000E-06
   83   3.0000E-06
   84   6.0000E-06
   85   1.1000E-05
   86   1.8000E-05
   87   2.5000E-05
   88   3.5000E-05
   89   4.3000E-05
   90   5.4000E-05
   91   8.7000E-05
   92   1.0900E-04
   93   1.3500E-04
   94   1.8000E-04
   95   1.9200E-04
   96   2.6200E-04
   97   3.5200E-04
   98   4.5700E-04
   99   5.3700E-04
  100   6.7500E-04
  101   7.9200E-04
  102   9.9100E-04
  103   1.3150E-03
  104   1.6610E-03
  105   2.0340E-03
  106   2.4060E-03
  107   3.1350E-03
  108   3.9740E-03
  109   4.8070E-03
  110   5.8710E-03
  111   7.3440E-03
  112   8.6470E-03
  113   1.0351E-02
  114   1.2583E-02
  115   1.4650E-02
  116   1.6717E-02
  117   1.9819E-02
  118   2.2744E-02
  119   2.5707E-02
  120   2.8592E-02
  121   3.1508E-02
  122   3.4499E-02
  123   3.7193E-02
  124   4.0307E-02
  125   4.2008E-02
  126   4.4227E-02
  127   4.6692E-02
  128   4.8820E-02
  129   5.2408E-02
  130   5.6214E-02
  131   6.1446E-02
  132   6.7467E-02
  133   7.4393E-02
  134   8.0766E-02
  135   8.4694E-02
  136   8.4694E-02
  137   8.0766E-02
  138   7.4393E-02
  139   6.7467E-02
  140   6.1446E-02
  141   5.6214E-02
  142   5.2408E-02
  143   4.8820E-02
  144   4.6692E-02
  145   4.4227E-02
  146   4.2008E-02
  147   4.0307E-02
  148   3.7193E-02
  149   3.4499E-02
  150   3.1508E-02
  151   2.8592E-02
  152   2.5707E-02
  153   2.2744E-02
  154   1.9819E-02
  155   1.6717E-02
  156   1.4650E-02
  157   1.2583E-02
  158   1.0351E-02
  159   8.6470E-03
  160   7.3440E-03
  161   5.8710E-03
  162   4.8070E-03
  163   3.9740E-03
  164   3.1350E-03
  165   2.4060E-03
  166   2.0340E-03
  167   1.6610E-03
  168   1.3150E-03
  169   9.9100E-04
  170   7.9200E-04
  171   6.7500E-04
  172   5.3700E-04
  173   4.5700E-04
  174   3.5200E-04
  175   2.6200E-04
  176   1.9200E-04
  177   1.8000E-04
  178   1.3500E-04
  179   1.0900E-04
  180   8.7000E-05
  181   5.4000E-05
  182   4.3000E-05
  183   3.5000E-05
  184   2.5000E-05
  185   1.8000E-05
  186   1.1000E-05
  187   6.0000E-06
  188   3.0000E-06
  189   2.0000E-06
  190   8.0000E-06
