   64   2.0000E-06
   65   1.1000E-05
   66   2.3000E-05
   67   7.5000E-05
   68   3.4600E-04
   69   1.0050E-03
   70   1.3360E-03
   71   4.4210E-03
   72   1.2956E-02
   73   1.5631E-02
   74   2.1139E-02
   75   5.8980E-02
   76   7.8418E-02
   77   5.7216E-02
   78   1.0215E-01
   79   1.5049E-01
   80   9.4820E-02
   81   7.6683E-02
   82   1.1188E-01
   83   8.3654E-02
   84   4.2553E-02
   85   4.0328E-02
   86   4.5871E-02
   87   4.5871E-02
   88   4.0328E-02
   89   4.2553E-02
   90   8.3654E-02
   91   1.1188E-01
   92   7.6683E-02
   93   9.4820E-02
   94   1.5049E-01
   95   1.0215E-01
   96   5.7216E-02
   97   7.8418E-02
   98   5.8980E-02
   99   2.1139E-02
  100   1.5631E-02
  101   1.2956E-02
  102   4.4210E-03
  103   1.3360E-03
  104   1.0050E-03
  105   3.4600E-04
  106   7.5000E-05
  107   2.3000E-05
  108   1.1000E-05
  109   2.0000E-06
