   64   6.0000E-06
   65   1.7000E-05
   66   6.6000E-05
   67   2.0800E-04
   68   5.4500E-04
   69   1.4660E-03
   70   3.3770E-03
   71   7.1850E-03
   72   1.4142E-02
   73   2.4914E-02
   74   4.0972E-02
   75   5.9462E-02
   76   8.0942E-02
   77   9.8540E-02
   78   1.0997E-01
   79   1.1248E-01
   80   1.0580E-01
   81   9.3413E-02
   82   7.6060E-02
   83   6.2007E-02
   84   4.9707E-02
   85   4.0907E-02
   86   3.5618E-02
   87   4.0907E-02
   88   4.9707E-02
   89   6.2007E-02
   90   7.6060E-02
   91   9.3413E-02
   92   1.0580E-01
   93   1.1248E-01
   94   1.0997E-01
   95   9.8540E-02
   96   8.0942E-02
   97   5.9462E-02
   98   4.0972E-02
   99   2.4914E-02
  100   1.4142E-02
  101   7.1850E-03
  102   3.3770E-03
  103   1.4660E-03
  104   5.4500E-04
  105   2.0800E-04
  106   6.6000E-05
  107   1.7000E-05
  108   6.0000E-06
