   65   1.4000E-05
   66   2.9000E-05
   67   7.0000E-05
   68   3.9900E-04
   69   1.0510E-03
   70   1.3410E-03
   71   4.2660E-03
   72   1.2983E-02
   73   1.5829E-02
   74   2.1532E-02
   75   6.0147E-02
   76   7.9634E-02
   77   5.8651E-02
   78   1.0446E-01
   79   1.5189E-01
   80   9.5327E-02
   81   7.6895E-02
   82   1.1186E-01
   83   8.2347E-02
   84   4.0279E-02
   85   3.9249E-02
   86   4.1740E-02
   87   4.1740E-02
   88   3.9249E-02
   89   4.0279E-02
   90   8.2347E-02
   91   1.1186E-01
   92   7.6895E-02
   93   9.5327E-02
   94   1.5189E-01
   95   1.0446E-01
   96   5.8651E-02
   97   7.9634E-02
   98   6.0147E-02
   99   2.1532E-02
  100   1.5829E-02
  101   1.2983E-02
  102   4.2660E-03
  103   1.3410E-03
  104   1.0510E-03
  105   3.9900E-04
  106   7.0000E-05
  107   2.9000E-05
  108   1.4000E-05
