   66   1.0000E-05
   67   3.3000E-05
   68   1.2300E-04
   69   3.3700E-04
   70   1.0230E-03
   71   2.3760E-03
   72   5.3780E-03
   73   1.0965E-02
   74   2.0563E-02
   75   3.5376E-02
   76   5.3950E-02
   77   7.5904E-02
   78   9.6704E-02
   79   1.1292E-01
   80   1.2023E-01
   81   1.1529E-01
   82   1.0317E-01
   83   8.4204E-02
   84   6.5074E-02
   85   4.7489E-02
   86   3.4932E-02
   87   2.7900E-02
   88   3.4932E-02
   89   4.7489E-02
   90   6.5074E-02
   91   8.4204E-02
   92   1.0317E-01
   93   1.1529E-01
   94   1.2023E-01
   95   1.1292E-01
   96   9.6704E-02
   97   7.5904E-02
   98   5.3950E-02
   99   3.5376E-02
  100   2.0563E-02
  101   1.0965E-02
  102   5.3780E-03
  103   2.3760E-03
  104   1.0230E-03
  105   3.3700E-04
  106   1.2300E-04
  107   3.3000E-05
  108   1.0000E-05
