   67   2.0000E-06
   68   9.0000E-06
   69   1.9000E-05
   70   8.0000E-05
   71   1.8100E-04
   72   3.1000E-04
   73   1.4100E-03
   74   3.4690E-03
   75   3.9000E-03
   76   1.0061E-02
   77   2.6823E-02
   78   2.8560E-02
   79   3.4373E-02
   80   8.6718E-02
   81   1.0004E-01
   82   6.7813E-02
   83   1.2207E-01
   84   1.5443E-01
   85   8.4918E-02
   86   7.8047E-02
   87   1.0370E-01
   88   5.8161E-02
   89   3.4904E-02
   90   3.4904E-02
   91   5.8161E-02
   92   1.0370E-01
   93   7.8047E-02
   94   8.4918E-02
   95   1.5443E-01
   96   1.2207E-01
   97   6.7813E-02
   98   1.0004E-01
   99   8.6718E-02
  100   3.4373E-02
  101   2.8560E-02
  102   2.6823E-02
  103   1.0061E-02
  104   3.9000E-03
  105   3.4690E-03
  106   1.4100E-03
  107   3.1000E-04
  108   1.8100E-04
  109   8.0000E-05
  110   1.9000E-05
  111   9.0000E-06
  112   2.0000E-06
