   66   4.0000E-06
   67   1.8000E-05
   68   7.8000E-05
   69   1.7600E-04
   70   4.2000E-04
   71   1.8470E-03
   72   3.8740E-03
   73   4.6940E-03
   74   1.4889E-02
   75   3.3999E-02
   76   3.2216E-02
   77   4.8102E-02
   78   1.1057E-01
   79   1.0849E-01
   80   7.5896E-02
   81   1.3466E-01
   82   1.4521E-01
   83   7.2086E-02
   84   6.6722E-02
   85   7.7755E-02
   86   4.3571E-02
   87   2.4710E-02
   88   2.4710E-02
   89   4.3571E-02
   90   7.7755E-02
   91   6.6722E-02
   92   7.2086E-02
   93   1.4521E-01
   94   1.3466E-01
   95   7.5896E-02
   96   1.0849E-01
   97   1.1057E-01
   98   4.8102E-02
   99   3.2216E-02
  100   3.3999E-02
  101   1.4889E-02
  102   4.6940E-03
  103   3.8740E-03
  104   1.8470E-03
  105   4.2000E-04
  106   1.7600E-04
  107   7.8000E-05
  108   1.8000E-05
  109   4.0000E-06
