   67   7.0000E-06
   68   1.3000E-05
   69   2.9000E-05
   70   1.0700E-04
   71   2.7400E-04
   72   7.7600E-04
   73   1.7100E-03
   74   4.0400E-03
   75   8.2920E-03
   76   1.5298E-02
   77   2.6657E-02
   78   4.1976E-02
   79   6.1877E-02
   80   8.2187E-02
   81   1.0162E-01
   82   1.1523E-01
   83   1.1899E-01
   84   1.1508E-01
   85   1.0008E-01
   86   8.2832E-02
   87   6.2351E-02
   88   4.3825E-02
   89   3.3462E-02
   90   4.3825E-02
   91   6.2351E-02
   92   8.2832E-02
   93   1.0008E-01
   94   1.1508E-01
   95   1.1899E-01
   96   1.1523E-01
   97   1.0162E-01
   98   8.2187E-02
   99   6.1877E-02
  100   4.1976E-02
  101   2.6657E-02
  102   1.5298E-02
  103   8.2920E-03
  104   4.0400E-03
  105   1.7100E-03
  106   7.7600E-04
  107   2.7400E-04
  108   1.0700E-04
  109   2.9000E-05
  110   1.3000E-05
  111   7.0000E-06
