   50   3.0000E-06
   51   2.0000E-06
   53   2.0000E-06
   54   6.0000E-06
   55   1.5000E-05
   56   2.4000E-05
   57   4.2000E-05
   58   6.9000E-05
   59   9.8000E-05
   60   1.6800E-04
   61   2.4300E-04
   62   4.2100E-04
   63   6.2700E-04
   64   1.1000E-03
   65   1.4760E-03
   66   2.2060E-03
   67   3.2380E-03
   68   4.7080E-03
   69   6.3740E-03
   70   8.8880E-03
   71   1.1837E-02
   72   1.5942E-02
   73   2.0697E-02
   74   2.6346E-02
   75   3.2234E-02
   76   3.9063E-02
   77   4.6590E-02
   78   5.4524E-02
   79   6.0676E-02
   80   6.7265E-02
   81   7.2322E-02
   82   7.5749E-02
   83   7.7512E-02
   84   7.8856E-02
   85   7.7610E-02
   86   7.5080E-02
   87   7.1336E-02
   88   6.7840E-02
   89   6.8325E-02
   90   7.1819E-02
   91   7.5736E-02
   92   7.8232E-02
   93   7.9215E-02
   94   7.7742E-02
   95   7.5636E-02
   96   7.1841E-02
   97   6.6640E-02
   98   5.9996E-02
   99   5.3683E-02
  100   4.5724E-02
  101   3.8608E-02
  102   3.1776E-02
  103   2.6035E-02
  104   2.0492E-02
  105   1.5847E-02
  106   1.1760E-02
  107   8.8640E-03
  108   6.3530E-03
  109   4.7000E-03
  110   3.2330E-03
  111   2.2060E-03
  112   1.4760E-03
  113   1.1000E-03
  114   6.2700E-04
  115   4.2100E-04
  116   2.4300E-04
  117   1.6800E-04
  118   9.8000E-05
  119   6.9000E-05
  120   4.2000E-05
  121   2.4000E-05
  122   1.5000E-05
  123   6.0000E-06
  124   2.0000E-06
  126   2.0000E-06
  127   3.0000E-06
