   63   5.0000E-06
   64   1.5000E-05
   65   5.8000E-05
   66   1.8100E-04
   67   4.7200E-04
   68   1.1130E-03
   69   2.4110E-03
   70   4.6700E-03
   71   8.6380E-03
   72   1.6887E-02
   73   2.5632E-02
   74   3.7413E-02
   75   5.3439E-02
   76   7.0726E-02
   77   8.2797E-02
   78   9.2768E-02
   79   9.8327E-02
   80   9.7230E-02
   81   9.2390E-02
   82   8.4051E-02
   83   7.5504E-02
   84   6.7282E-02
   85   6.0347E-02
   86   5.5268E-02
   87   6.0347E-02
   88   6.7282E-02
   89   7.5504E-02
   90   8.4051E-02
   91   9.2390E-02
   92   9.7230E-02
   93   9.8327E-02
   94   9.2768E-02
   95   8.2797E-02
   96   7.0726E-02
   97   5.3439E-02
   98   3.7413E-02
   99   2.5632E-02
  100   1.6887E-02
  101   8.6380E-03
  102   4.6700E-03
  103   2.4110E-03
  104   1.1130E-03
  105   4.7200E-04
  106   1.8100E-04
  107   5.8000E-05
  108   1.5000E-05
  109   5.0000E-06
