   56   2.0000E-06
   57   7.0000E-06
   58   2.0000E-06
   59   6.0000E-06
   60   2.0000E-05
   61   2.9000E-05
   62   6.9000E-05
   63   1.3400E-04
   64   2.5500E-04
   65   4.9300E-04
   66   1.0400E-03
   67   1.7930E-03
   68   3.3010E-03
   69   5.5510E-03
   70   9.0150E-03
   71   1.4235E-02
   72   2.2600E-02
   73   3.1028E-02
   74   4.0876E-02
   75   5.2827E-02
   76   6.6518E-02
   77   7.5674E-02
   78   8.3399E-02
   79   8.7802E-02
   80   8.9215E-02
   81   8.7472E-02
   82   8.3285E-02
   83   7.7032E-02
   84   7.0674E-02
   85   6.5634E-02
   86   6.1801E-02
   87   6.5581E-02
   88   7.1073E-02
   89   7.7996E-02
   90   8.3746E-02
   91   8.7085E-02
   92   8.8906E-02
   93   8.8191E-02
   94   8.3113E-02
   95   7.4909E-02
   96   6.5661E-02
   97   5.2579E-02
   98   4.0547E-02
   99   3.0779E-02
  100   2.2270E-02
  101   1.4133E-02
  102   8.9500E-03
  103   5.5520E-03
  104   3.2690E-03
  105   1.7820E-03
  106   1.0400E-03
  107   4.9100E-04
  108   2.5500E-04
  109   1.3400E-04
  110   6.9000E-05
  111   2.9000E-05
  112   2.0000E-05
  113   6.0000E-06
  114   2.0000E-06
  115   7.0000E-06
  116   2.0000E-06
