   67   6.0000E-06
   68   1.4000E-05
   69   3.3000E-05
   70   9.9000E-05
   71   2.9700E-04
   72   7.2900E-04
   73   1.7800E-03
   74   4.0050E-03
   75   8.1510E-03
   76   1.5278E-02
   77   2.6869E-02
   78   4.2511E-02
   79   6.2010E-02
   80   8.2310E-02
   81   1.0169E-01
   82   1.1481E-01
   83   1.1904E-01
   84   1.1513E-01
   85   1.0041E-01
   86   8.2984E-02
   87   6.1892E-02
   88   4.3403E-02
   89   3.3058E-02
   90   4.3403E-02
   91   6.1892E-02
   92   8.2984E-02
   93   1.0041E-01
   94   1.1513E-01
   95   1.1904E-01
   96   1.1481E-01
   97   1.0169E-01
   98   8.2310E-02
   99   6.2010E-02
  100   4.2511E-02
  101   2.6869E-02
  102   1.5278E-02
  103   8.1510E-03
  104   4.0050E-03
  105   1.7800E-03
  106   7.2900E-04
  107   2.9700E-04
  108   9.9000E-05
  109   3.3000E-05
  110   1.4000E-05
  111   6.0000E-06
