   52   4.0000E-06
   53   2.0000E-06
   54   7.0000E-06
   55   9.0000E-06
   56   1.7000E-05
   57   4.1000E-05
   58   6.7000E-05
   59   1.0300E-04
   60   1.6900E-04
   61   2.5600E-04
   62   5.1200E-04
   63   7.1300E-04
   64   1.1310E-03
   65   1.7090E-03
   66   3.1410E-03
   67   4.6570E-03
   68   6.8740E-03
   69   1.0178E-02
   70   1.4570E-02
   71   1.9867E-02
   72   2.7451E-02
   73   3.4372E-02
   74   4.2014E-02
   75   5.0997E-02
   76   6.1055E-02
   77   6.7072E-02
   78   7.3678E-02
   79   7.7872E-02
   80   8.0668E-02
   81   8.0937E-02
   82   8.0891E-02
   83   7.8529E-02
   84   7.4817E-02
   85   7.1581E-02
   86   6.9054E-02
   87   7.1811E-02
   88   7.4989E-02
   89   7.8550E-02
   90   8.1114E-02
   91   8.1279E-02
   92   8.0567E-02
   93   7.7655E-02
   94   7.3613E-02
   95   6.7109E-02
   96   6.0424E-02
   97   5.0673E-02
   98   4.1888E-02
   99   3.4290E-02
  100   2.7148E-02
  101   1.9783E-02
  102   1.4517E-02
  103   1.0145E-02
  104   6.8410E-03
  105   4.6470E-03
  106   3.1400E-03
  107   1.7090E-03
  108   1.1290E-03
  109   7.1300E-04
  110   5.1200E-04
  111   2.5600E-04
  112   1.6900E-04
  113   1.0300E-04
  114   6.7000E-05
  115   4.1000E-05
  116   1.7000E-05
  117   9.0000E-06
  118   7.0000E-06
  119   2.0000E-06
  120   4.0000E-06
