   67   6.0000E-06
   68   2.8000E-05
   69   1.0000E-04
   70   3.0100E-04
   71   7.7600E-04
   72   1.9730E-03
   73   4.5780E-03
   74   9.1240E-03
   75   1.7845E-02
   76   3.0659E-02
   77   4.7661E-02
   78   6.9188E-02
   79   9.0854E-02
   80   1.0920E-01
   81   1.1918E-01
   82   1.1961E-01
   83   1.1067E-01
   84   9.2128E-02
   85   7.2926E-02
   86   5.2563E-02
   87   3.6754E-02
   88   2.7752E-02
   89   3.6754E-02
   90   5.2563E-02
   91   7.2926E-02
   92   9.2128E-02
   93   1.1067E-01
   94   1.1961E-01
   95   1.1918E-01
   96   1.0920E-01
   97   9.0854E-02
   98   6.9188E-02
   99   4.7661E-02
  100   3.0659E-02
  101   1.7845E-02
  102   9.1240E-03
  103   4.5780E-03
  104   1.9730E-03
  105   7.7600E-04
  106   3.0100E-04
  107   1.0000E-04
  108   2.8000E-05
  109   6.0000E-06
