   75   4.0000E-06
   76   2.8000E-05
   77   7.9000E-05
   78   2.0200E-04
   79   4.9300E-04
   80   1.0820E-03
   81   2.3490E-03
   82   4.7210E-03
   83   8.9910E-03
   84   1.5811E-02
   85   2.6141E-02
   86   3.9972E-02
   87   5.8549E-02
   88   7.7989E-02
   89   9.8581E-02
   90   1.1689E-01
   91   1.2725E-01
   92   1.3103E-01
   93   1.2580E-01
   94   1.1323E-01
   95   1.0160E-01
   96   1.1323E-01
   97   1.2580E-01
   98   1.3103E-01
   99   1.2725E-01
  100   1.1689E-01
  101   9.8581E-02
  102   7.7989E-02
  103   5.8549E-02
  104   3.9972E-02
  105   2.6141E-02
  106   1.5811E-02
  107   8.9910E-03
  108   4.7210E-03
  109   2.3490E-03
  110   1.0820E-03
  111   4.9300E-04
  112   2.0200E-04
  113   7.9000E-05
  114   2.8000E-05
  115   4.0000E-06
