   56   4.0000E-06
   57   3.0000E-06
   59   9.0000E-06
   60   1.1000E-05
   61   1.8000E-05
   62   3.1000E-05
   63   4.5000E-05
   64   6.0000E-05
   65   9.5000E-05
   66   1.6300E-04
   67   2.6700E-04
   68   4.3600E-04
   69   6.7500E-04
   70   1.0760E-03
   71   1.5750E-03
   72   2.5770E-03
   73   3.9480E-03
   74   5.7000E-03
   75   8.7910E-03
   76   1.3322E-02
   77   1.7823E-02
   78   2.4035E-02
   79   3.2787E-02
   80   4.1564E-02
   81   5.1260E-02
   82   6.1501E-02
   83   7.1491E-02
   84   7.9338E-02
   85   8.5697E-02
   86   8.9990E-02
   87   8.9852E-02
   88   8.7566E-02
   89   8.3751E-02
   90   7.6685E-02
   91   6.7845E-02
   92   6.7845E-02
   93   7.6685E-02
   94   8.3751E-02
   95   8.7566E-02
   96   8.9852E-02
   97   8.9990E-02
   98   8.5697E-02
   99   7.9338E-02
  100   7.1491E-02
  101   6.1501E-02
  102   5.1260E-02
  103   4.1564E-02
  104   3.2787E-02
  105   2.4035E-02
  106   1.7823E-02
  107   1.3322E-02
  108   8.7910E-03
  109   5.7000E-03
  110   3.9480E-03
  111   2.5770E-03
  112   1.5750E-03
  113   1.0760E-03
  114   6.7500E-04
  115   4.3600E-04
  116   2.6700E-04
  117   1.6300E-04
  118   9.5000E-05
  119   6.0000E-05
  120   4.5000E-05
  121   3.1000E-05
  122   1.8000E-05
  123   1.1000E-05
  124   9.0000E-06
  126   3.0000E-06
  127   4.0000E-06
