   74   6.0000E-06
   75   4.3000E-05
   76   1.0300E-04
   77   2.9100E-04
   78   6.3600E-04
   79   1.5160E-03
   80   3.0720E-03
   81   6.2090E-03
   82   1.1183E-02
   83   1.9252E-02
   84   3.1126E-02
   85   4.6255E-02
   86   6.5442E-02
   87   8.5064E-02
   88   1.0438E-01
   89   1.1837E-01
   90   1.2497E-01
   91   1.2470E-01
   92   1.1486E-01
   93   9.9163E-02
   94   8.6680E-02
   95   9.9163E-02
   96   1.1486E-01
   97   1.2470E-01
   98   1.2497E-01
   99   1.1837E-01
  100   1.0438E-01
  101   8.5064E-02
  102   6.5442E-02
  103   4.6255E-02
  104   3.1126E-02
  105   1.9252E-02
  106   1.1183E-02
  107   6.2090E-03
  108   3.0720E-03
  109   1.5160E-03
  110   6.3600E-04
  111   2.9100E-04
  112   1.0300E-04
  113   4.3000E-05
  114   6.0000E-06
