   72   2.0000E-06
   74   1.2000E-05
   75   2.4000E-05
   76   3.1000E-05
   77   1.8900E-04
   78   4.2400E-04
   79   5.6600E-04
   80   2.0200E-03
   81   5.3190E-03
   82   5.5390E-03
   83   1.1494E-02
   84   3.0966E-02
   85   3.2798E-02
   86   3.7125E-02
   87   9.1850E-02
   88   1.0077E-01
   89   7.1289E-02
   90   1.3865E-01
   91   1.6055E-01
   92   8.6086E-02
   93   1.0738E-01
   94   1.1691E-01
   95   1.1691E-01
   96   1.0738E-01
   97   8.6086E-02
   98   1.6055E-01
   99   1.3865E-01
  100   7.1289E-02
  101   1.0077E-01
  102   9.1850E-02
  103   3.7125E-02
  104   3.2798E-02
  105   3.0966E-02
  106   1.1494E-02
  107   5.5390E-03
  108   5.3190E-03
  109   2.0200E-03
  110   5.6600E-04
  111   4.2400E-04
  112   1.8900E-04
  113   3.1000E-05
  114   2.4000E-05
  115   1.2000E-05
  117   2.0000E-06
