   71   7.0000E-06
   72   3.8000E-05
   73   7.2000E-05
   74   1.9200E-04
   75   4.7100E-04
   76   1.1670E-03
   77   2.4520E-03
   78   4.9650E-03
   79   9.5910E-03
   80   1.6939E-02
   81   2.7629E-02
   82   4.2232E-02
   83   6.0142E-02
   84   7.9637E-02
   85   9.7597E-02
   86   1.1170E-01
   87   1.1878E-01
   88   1.1770E-01
   89   1.0921E-01
   90   9.3154E-02
   91   7.5063E-02
   92   6.2490E-02
   93   7.5063E-02
   94   9.3154E-02
   95   1.0921E-01
   96   1.1770E-01
   97   1.1878E-01
   98   1.1170E-01
   99   9.7597E-02
  100   7.9637E-02
  101   6.0142E-02
  102   4.2232E-02
  103   2.7629E-02
  104   1.6939E-02
  105   9.5910E-03
  106   4.9650E-03
  107   2.4520E-03
  108   1.1670E-03
  109   4.7100E-04
  110   1.9200E-04
  111   7.2000E-05
  112   3.8000E-05
  113   7.0000E-06
