   71   2.0000E-06
   72   1.4000E-05
   73   3.5000E-05
   74   9.5000E-05
   75   3.8000E-04
   76   7.3700E-04
   77   1.0140E-03
   78   3.8790E-03
   79   8.0650E-03
   80   8.0710E-03
   81   1.9106E-02
   82   4.3551E-02
   83   3.9665E-02
   84   5.0151E-02
   85   1.1275E-01
   86   1.0675E-01
   87   7.5019E-02
   88   1.4104E-01
   89   1.4371E-01
   90   7.1646E-02
   91   8.7164E-02
   92   8.7146E-02
   93   8.7146E-02
   94   8.7164E-02
   95   7.1646E-02
   96   1.4371E-01
   97   1.4104E-01
   98   7.5019E-02
   99   1.0675E-01
  100   1.1275E-01
  101   5.0151E-02
  102   3.9665E-02
  103   4.3551E-02
  104   1.9106E-02
  105   8.0710E-03
  106   8.0650E-03
  107   3.8790E-03
  108   1.0140E-03
  109   7.3700E-04
  110   3.8000E-04
  111   9.5000E-05
  112   3.5000E-05
  113   1.4000E-05
  114   2.0000E-06
