   68   2.0000E-06
   70   1.7000E-05
   71   3.5000E-05
   72   8.0000E-05
   73   2.5300E-04
   74   6.3900E-04
   75   1.4480E-03
   76   3.2030E-03
   77   6.3710E-03
   78   1.1631E-02
   79   2.0319E-02
   80   3.2919E-02
   81   4.8848E-02
   82   6.6690E-02
   83   8.6907E-02
   84   1.0281E-01
   85   1.1382E-01
   86   1.1815E-01
   87   1.1269E-01
   88   1.0087E-01
   89   8.2375E-02
   90   6.4051E-02
   91   5.1738E-02
   92   6.4051E-02
   93   8.2375E-02
   94   1.0087E-01
   95   1.1269E-01
   96   1.1815E-01
   97   1.1382E-01
   98   1.0281E-01
   99   8.6907E-02
  100   6.6690E-02
  101   4.8848E-02
  102   3.2919E-02
  103   2.0319E-02
  104   1.1631E-02
  105   6.3710E-03
  106   3.2030E-03
  107   1.4480E-03
  108   6.3900E-04
  109   2.5300E-04
  110   8.0000E-05
  111   3.5000E-05
  112   1.7000E-05
  114   2.0000E-06
