   69   2.0000E-06
   70   3.0000E-06
   71   1.4000E-05
   72   6.8000E-05
   73   1.9100E-04
   74   2.5500E-04
   75   9.4700E-04
   76   2.8210E-03
   77   3.3300E-03
   78   6.5580E-03
   79   1.9409E-02
   80   2.4125E-02
   81   2.4909E-02
   82   6.5370E-02
   83   8.8770E-02
   84   6.1197E-02
   85   1.0599E-01
   86   1.5533E-01
   87   9.4070E-02
   88   8.6337E-02
   89   1.2797E-01
   90   7.9967E-02
   91   5.2368E-02
   92   5.2368E-02
   93   7.9967E-02
   94   1.2797E-01
   95   8.6337E-02
   96   9.4070E-02
   97   1.5533E-01
   98   1.0599E-01
   99   6.1197E-02
  100   8.8770E-02
  101   6.5370E-02
  102   2.4909E-02
  103   2.4125E-02
  104   1.9409E-02
  105   6.5580E-03
  106   3.3300E-03
  107   2.8210E-03
  108   9.4700E-04
  109   2.5500E-04
  110   1.9100E-04
  111   6.8000E-05
  112   1.4000E-05
  113   3.0000E-06
  114   2.0000E-06
