   70   9.0000E-06
   71   3.4000E-05
   72   1.1600E-04
   73   2.5400E-04
   74   6.3700E-04
   75   1.5170E-03
   76   3.1910E-03
   77   6.4650E-03
   78   1.1631E-02
   79   2.0256E-02
   80   3.2174E-02
   81   4.8902E-02
   82   6.6469E-02
   83   8.6604E-02
   84   1.0323E-01
   85   1.1381E-01
   86   1.1839E-01
   87   1.1177E-01
   88   1.0126E-01
   89   8.3099E-02
   90   6.4367E-02
   91   5.1614E-02
   92   6.4367E-02
   93   8.3099E-02
   94   1.0126E-01
   95   1.1177E-01
   96   1.1839E-01
   97   1.1381E-01
   98   1.0323E-01
   99   8.6604E-02
  100   6.6469E-02
  101   4.8902E-02
  102   3.2174E-02
  103   2.0256E-02
  104   1.1631E-02
  105   6.4650E-03
  106   3.1910E-03
  107   1.5170E-03
  108   6.3700E-04
  109   2.5400E-04
  110   1.1600E-04
  111   3.4000E-05
  112   9.0000E-06
