   73   2.0000E-06
   75   8.0000E-06
   76   2.0000E-05
   77   6.6000E-05
   78   1.6900E-04
   79   4.7500E-04
   80   1.0560E-03
   81   2.3520E-03
   82   4.6070E-03
   83   8.9250E-03
   84   1.5910E-02
   85   2.6141E-02
   86   3.9803E-02
   87   5.8598E-02
   88   7.8003E-02
   89   9.9067E-02
   90   1.1606E-01
   91   1.2705E-01
   92   1.3195E-01
   93   1.2628E-01
   94   1.1237E-01
   95   1.0217E-01
   96   1.1237E-01
   97   1.2628E-01
   98   1.3195E-01
   99   1.2705E-01
  100   1.1606E-01
  101   9.9067E-02
  102   7.8003E-02
  103   5.8598E-02
  104   3.9803E-02
  105   2.6141E-02
  106   1.5910E-02
  107   8.9250E-03
  108   4.6070E-03
  109   2.3520E-03
  110   1.0560E-03
  111   4.7500E-04
  112   1.6900E-04
  113   6.6000E-05
  114   2.0000E-05
  115   8.0000E-06
  117   2.0000E-06
