   73   2.0000E-06
   74   1.4000E-05
   75   2.7000E-05
   76   3.8000E-05
   77   1.8400E-04
   78   4.7800E-04
   79   5.8200E-04
   80   2.0080E-03
   81   5.3800E-03
   82   5.6500E-03
   83   1.1626E-02
   84   3.1272E-02
   85   3.2602E-02
   86   3.7112E-02
   87   9.1857E-02
   88   1.0124E-01
   89   7.0875E-02
   90   1.3768E-01
   91   1.6033E-01
   92   8.5735E-02
   93   1.0811E-01
   94   1.1720E-01
   95   1.1720E-01
   96   1.0811E-01
   97   8.5735E-02
   98   1.6033E-01
   99   1.3768E-01
  100   7.0875E-02
  101   1.0124E-01
  102   9.1857E-02
  103   3.7112E-02
  104   3.2602E-02
  105   3.1272E-02
  106   1.1626E-02
  107   5.6500E-03
  108   5.3800E-03
  109   2.0080E-03
  110   5.8200E-04
  111   4.7800E-04
  112   1.8400E-04
  113   3.8000E-05
  114   2.7000E-05
  115   1.4000E-05
  116   2.0000E-06
