   73   4.0000E-06
   74   1.1000E-05
   75   3.6000E-05
   76   1.0300E-04
   77   2.5800E-04
   78   6.5900E-04
   79   1.3730E-03
   80   3.0060E-03
   81   6.1430E-03
   82   1.1277E-02
   83   1.9191E-02
   84   3.0748E-02
   85   4.6567E-02
   86   6.5378E-02
   87   8.5590E-02
   88   1.0396E-01
   89   1.1864E-01
   90   1.2469E-01
   91   1.2558E-01
   92   1.1440E-01
   93   9.8993E-02
   94   8.6764E-02
   95   9.8993E-02
   96   1.1440E-01
   97   1.2558E-01
   98   1.2469E-01
   99   1.1864E-01
  100   1.0396E-01
  101   8.5590E-02
  102   6.5378E-02
  103   4.6567E-02
  104   3.0748E-02
  105   1.9191E-02
  106   1.1277E-02
  107   6.1430E-03
  108   3.0060E-03
  109   1.3730E-03
  110   6.5900E-04
  111   2.5800E-04
  112   1.0300E-04
  113   3.6000E-05
  114   1.1000E-05
  115   4.0000E-06
