   76   4.0000E-06
   77   2.2000E-05
   78   5.7000E-05
   79   1.3700E-04
   80   3.3700E-04
   81   8.3400E-04
   82   1.7600E-03
   83   3.7920E-03
   84   7.2150E-03
   85   1.2943E-02
   86   2.2252E-02
   87   3.5146E-02
   88   5.1756E-02
   89   7.1575E-02
   90   9.3308E-02
   91   1.1321E-01
   92   1.2767E-01
   93   1.3667E-01
   94   1.3599E-01
   95   1.2685E-01
   96   1.1692E-01
   97   1.2685E-01
   98   1.3599E-01
   99   1.3667E-01
  100   1.2767E-01
  101   1.1321E-01
  102   9.3308E-02
  103   7.1575E-02
  104   5.1756E-02
  105   3.5146E-02
  106   2.2252E-02
  107   1.2943E-02
  108   7.2150E-03
  109   3.7920E-03
  110   1.7600E-03
  111   8.3400E-04
  112   3.3700E-04
  113   1.3700E-04
  114   5.7000E-05
  115   2.2000E-05
  116   4.0000E-06
