   81   6.0000E-06
   82   1.2000E-05
   83   3.2000E-05
   84   9.5000E-05
   85   2.8000E-04
   86   6.2500E-04
   87   1.3420E-03
   88   2.9040E-03
   89   5.7080E-03
   90   1.0517E-02
   91   1.8460E-02
   92   3.0708E-02
   93   4.7015E-02
   94   6.9505E-02
   95   9.4786E-02
   96   1.2250E-01
   97   1.4949E-01
   98   1.6945E-01
   99   1.8311E-01
  100   1.8690E-01
  101   1.8311E-01
  102   1.6945E-01
  103   1.4949E-01
  104   1.2250E-01
  105   9.4786E-02
  106   6.9505E-02
  107   4.7015E-02
  108   3.0708E-02
  109   1.8460E-02
  110   1.0517E-02
  111   5.7080E-03
  112   2.9040E-03
  113   1.3420E-03
  114   6.2500E-04
  115   2.8000E-04
  116   9.5000E-05
  117   3.2000E-05
  118   1.2000E-05
  119   6.0000E-06
