   78   2.0000E-06
   80   3.0000E-06
   81   3.1000E-05
   82   4.1000E-05
   83   1.4000E-04
   84   3.4600E-04
   85   7.9400E-04
   86   1.7440E-03
   87   3.6580E-03
   88   7.0070E-03
   89   1.2647E-02
   90   2.1949E-02
   91   3.5139E-02
   92   5.3051E-02
   93   7.5421E-02
   94   1.0022E-01
   95   1.2482E-01
   96   1.4773E-01
   97   1.6238E-01
   98   1.6866E-01
   99   1.6842E-01
  100   1.6866E-01
  101   1.6238E-01
  102   1.4773E-01
  103   1.2482E-01
  104   1.0022E-01
  105   7.5421E-02
  106   5.3051E-02
  107   3.5139E-02
  108   2.1949E-02
  109   1.2647E-02
  110   7.0070E-03
  111   3.6580E-03
  112   1.7440E-03
  113   7.9400E-04
  114   3.4600E-04
  115   1.4000E-04
  116   4.1000E-05
  117   3.1000E-05
  118   3.0000E-06
  120   2.0000E-06
