   75   4.0000E-06
   76   6.0000E-06
   77   1.1000E-05
   78   4.0000E-05
   79   1.2200E-04
   80   3.6000E-04
   81   7.5200E-04
   82   1.7060E-03
   83   3.8600E-03
   84   7.1620E-03
   85   1.3159E-02
   86   2.2047E-02
   87   3.4716E-02
   88   5.1504E-02
   89   7.1611E-02
   90   9.3366E-02
   91   1.1296E-01
   92   1.2850E-01
   93   1.3692E-01
   94   1.3542E-01
   95   1.2700E-01
   96   1.1751E-01
   97   1.2700E-01
   98   1.3542E-01
   99   1.3692E-01
  100   1.2850E-01
  101   1.1296E-01
  102   9.3366E-02
  103   7.1611E-02
  104   5.1504E-02
  105   3.4716E-02
  106   2.2047E-02
  107   1.3159E-02
  108   7.1620E-03
  109   3.8600E-03
  110   1.7060E-03
  111   7.5200E-04
  112   3.6000E-04
  113   1.2200E-04
  114   4.0000E-05
  115   1.1000E-05
  116   6.0000E-06
  117   4.0000E-06
