   77   4.0000E-06
   78   2.0000E-06
   79   4.0000E-06
   80   2.6000E-05
   81   7.1000E-05
   82   1.7500E-04
   83   4.7300E-04
   84   1.0400E-03
   85   2.2800E-03
   86   4.6250E-03
   87   8.7210E-03
   88   1.5218E-02
   89   2.5548E-02
   90   4.0055E-02
   91   5.8209E-02
   92   8.0953E-02
   93   1.0484E-01
   94   1.2663E-01
   95   1.4573E-01
   96   1.5469E-01
   97   1.5570E-01
   98   1.5001E-01
   99   1.5570E-01
  100   1.5469E-01
  101   1.4573E-01
  102   1.2663E-01
  103   1.0484E-01
  104   8.0953E-02
  105   5.8209E-02
  106   4.0055E-02
  107   2.5548E-02
  108   1.5218E-02
  109   8.7210E-03
  110   4.6250E-03
  111   2.2800E-03
  112   1.0400E-03
  113   4.7300E-04
  114   1.7500E-04
  115   7.1000E-05
  116   2.6000E-05
  117   4.0000E-06
  118   2.0000E-06
  119   4.0000E-06
