   82   2.0000E-06
   83   1.0000E-05
   84   2.5000E-05
   85   7.9000E-05
   86   1.8800E-04
   87   4.3900E-04
   88   1.0690E-03
   89   2.2990E-03
   90   4.6440E-03
   91   8.7210E-03
   92   1.5765E-02
   93   2.6721E-02
   94   4.2403E-02
   95   6.3869E-02
   96   8.9304E-02
   97   1.1933E-01
   98   1.5033E-01
   99   1.7677E-01
  100   1.9583E-01
  101   2.0440E-01
  102   1.9583E-01
  103   1.7677E-01
  104   1.5033E-01
  105   1.1933E-01
  106   8.9304E-02
  107   6.3869E-02
  108   4.2403E-02
  109   2.6721E-02
  110   1.5765E-02
  111   8.7210E-03
  112   4.6440E-03
  113   2.2990E-03
  114   1.0690E-03
  115   4.3900E-04
  116   1.8800E-04
  117   7.9000E-05
  118   2.5000E-05
  119   1.0000E-05
  120   2.0000E-06
