   81   2.0000E-06
   83   4.0000E-06
   84   2.1000E-05
   85   2.6000E-05
   86   1.1100E-04
   87   3.6700E-04
   88   4.7200E-04
   89   1.3680E-03
   90   4.0910E-03
   91   4.7250E-03
   92   9.1650E-03
   93   2.6749E-02
   94   2.9386E-02
   95   3.6571E-02
   96   9.7529E-02
   97   1.0348E-01
   98   9.0897E-02
   99   2.0682E-01
  100   2.1177E-01
  101   1.7644E-01
  102   1.7644E-01
  103   2.1177E-01
  104   2.0682E-01
  105   9.0897E-02
  106   1.0348E-01
  107   9.7529E-02
  108   3.6571E-02
  109   2.9386E-02
  110   2.6749E-02
  111   9.1650E-03
  112   4.7250E-03
  113   4.0910E-03
  114   1.3680E-03
  115   4.7200E-04
  116   3.6700E-04
  117   1.1100E-04
  118   2.6000E-05
  119   2.1000E-05
  120   4.0000E-06
  122   2.0000E-06
