   81   3.0000E-06
   83   2.4000E-05
   84   9.4000E-05
   85   1.5700E-04
   86   2.8400E-04
   87   1.1140E-03
   88   1.9700E-03
   89   2.5910E-03
   90   9.0550E-03
   91   1.5631E-02
   92   1.4794E-02
   93   4.1613E-02
   94   6.9682E-02
   95   5.3695E-02
   96   1.0770E-01
   97   1.7833E-01
   98   1.1862E-01
   99   1.6218E-01
  100   2.2247E-01
  101   2.2247E-01
  102   1.6218E-01
  103   1.1862E-01
  104   1.7833E-01
  105   1.0770E-01
  106   5.3695E-02
  107   6.9682E-02
  108   4.1613E-02
  109   1.4794E-02
  110   1.5631E-02
  111   9.0550E-03
  112   2.5910E-03
  113   1.9700E-03
  114   1.1140E-03
  115   2.8400E-04
  116   1.5700E-04
  117   9.4000E-05
  118   2.4000E-05
  120   3.0000E-06
