   83   3.0000E-06
   84   1.7000E-05
   85   3.0000E-05
   86   1.3900E-04
   87   3.2800E-04
   88   4.5300E-04
   89   1.3990E-03
   90   4.0470E-03
   91   4.7290E-03
   92   9.0900E-03
   93   2.6506E-02
   94   2.9428E-02
   95   3.6766E-02
   96   9.7383E-02
   97   1.0347E-01
   98   9.0617E-02
   99   2.0655E-01
  100   2.1271E-01
  101   1.7632E-01
  102   1.7632E-01
  103   2.1271E-01
  104   2.0655E-01
  105   9.0617E-02
  106   1.0347E-01
  107   9.7383E-02
  108   3.6766E-02
  109   2.9428E-02
  110   2.6506E-02
  111   9.0900E-03
  112   4.7290E-03
  113   4.0470E-03
  114   1.3990E-03
  115   4.5300E-04
  116   3.2800E-04
  117   1.3900E-04
  118   3.0000E-05
  119   1.7000E-05
  120   3.0000E-06
