   47   4.0000E-06
   48   2.0000E-06
   49   3.0000E-06
   51   7.0000E-06
   52   7.0000E-06
   53   5.0000E-06
   54   1.1000E-05
   55   8.0000E-06
   56   1.4000E-05
   57   8.0000E-06
   58   2.5000E-05
   59   1.4000E-05
   60   2.9000E-05
   61   2.9000E-05
   62   4.1000E-05
   63   5.4000E-05
   64   7.1000E-05
   65   6.2000E-05
   66   8.0000E-05
   67   9.9000E-05
   68   1.4200E-04
   69   1.0400E-04
   70   1.5400E-04
   71   2.0200E-04
   72   2.0000E-04
   73   2.4800E-04
   74   3.3600E-04
   75   2.8900E-04
   76   3.7500E-04
   77   4.4300E-04
   78   5.5900E-04
   79   5.7900E-04
   80   6.8100E-04
   81   7.3100E-04
   82   8.1400E-04
   83   9.4900E-04
   84   1.1930E-03
   85   1.2790E-03
   86   1.3850E-03
   87   1.6950E-03
   88   1.8160E-03
   89   2.1350E-03
   90   2.4320E-03
   91   2.7620E-03
   92   3.2850E-03
   93   3.7140E-03
   94   4.3720E-03
   95   4.8150E-03
   96   5.5130E-03
   97   6.2990E-03
   98   7.4470E-03
   99   8.3160E-03
  100   9.4570E-03
  101   1.1104E-02
  102   1.2123E-02
  103   1.4131E-02
  104   1.6058E-02
  105   1.8067E-02
  106   2.0039E-02
  107   2.2676E-02
  108   2.5381E-02
  109   2.7737E-02
  110   3.0242E-02
  111   3.2640E-02
  112   3.4443E-02
  113   3.6829E-02
  114   3.8431E-02
  115   4.0310E-02
  116   4.1494E-02
  117   4.2087E-02
  118   4.2274E-02
  119   4.1982E-02
  120   4.1920E-02
  121   4.1582E-02
  122   4.0776E-02
  123   3.9802E-02
  124   3.8475E-02
  125   3.6930E-02
  126   3.4902E-02
  127   3.2946E-02
  128   3.1020E-02
  129   2.9002E-02
  130   2.8376E-02
  131   3.0653E-02
  132   3.2739E-02
  133   3.4768E-02
  134   3.6806E-02
  135   3.8518E-02
  136   3.9886E-02
  137   4.0609E-02
  138   4.1924E-02
  139   4.2192E-02
  140   4.2691E-02
  141   4.2402E-02
  142   4.2555E-02
  143   4.1786E-02
  144   4.1141E-02
  145   3.9177E-02
  146   3.7293E-02
  147   3.5441E-02
  148   3.3074E-02
  149   3.1032E-02
  150   2.8793E-02
  151   2.6007E-02
  152   2.3719E-02
  153   2.0860E-02
  154   1.8885E-02
  155   1.6765E-02
  156   1.4871E-02
  157   1.2800E-02
  158   1.1499E-02
  159   1.0191E-02
  160   8.8550E-03
  161   7.7850E-03
  162   6.9030E-03
  163   5.8780E-03
  164   5.1990E-03
  165   4.5820E-03
  166   4.1090E-03
  167   3.5720E-03
  168   3.1050E-03
  169   2.6760E-03
  170   2.3370E-03
  171   2.0880E-03
  172   1.7230E-03
  173   1.6310E-03
  174   1.3490E-03
  175   1.2830E-03
  176   1.1490E-03
  177   9.0100E-04
  178   8.2500E-04
  179   7.1600E-04
  180   6.7700E-04
  181   5.6300E-04
  182   5.4600E-04
  183   4.2500E-04
  184   3.8200E-04
  185   2.8900E-04
  186   3.2800E-04
  187   2.3600E-04
  188   2.0800E-04
  189   2.0200E-04
  190   1.3700E-04
