   53   2.0000E-06
   54   2.0000E-06
   55   4.0000E-06
   56   6.0000E-06
   57   7.0000E-06
   58   4.0000E-06
   59   7.0000E-06
   60   7.0000E-06
   61   5.0000E-06
   62   1.1000E-05
   63   1.0000E-05
   64   2.1000E-05
   65   1.7000E-05
   66   1.5000E-05
   67   2.7000E-05
   68   2.2000E-05
   69   4.0000E-05
   70   4.0000E-05
   71   4.0000E-05
   72   5.8000E-05
   73   5.0000E-05
   74   6.0000E-05
   75   6.8000E-05
   76   9.1000E-05
   77   9.9000E-05
   78   1.3100E-04
   79   1.4200E-04
   80   1.5200E-04
   81   2.2000E-04
   82   2.4800E-04
   83   2.7400E-04
   84   3.2300E-04
   85   3.9800E-04
   86   5.2200E-04
   87   6.0800E-04
   88   8.6200E-04
   89   9.3800E-04
   90   1.2950E-03
   91   1.6410E-03
   92   2.1370E-03
   93   2.7500E-03
   94   3.3570E-03
   95   4.3980E-03
   96   5.7040E-03
   97   6.7660E-03
   98   8.6060E-03
   99   1.0334E-02
  100   1.2473E-02
  101   1.5420E-02
  102   1.8467E-02
  103   2.1322E-02
  104   2.4098E-02
  105   2.7752E-02
  106   3.1795E-02
  107   3.5089E-02
  108   3.8941E-02
  109   4.1970E-02
  110   4.4595E-02
  111   4.6979E-02
  112   4.8307E-02
  113   4.9281E-02
  114   4.9641E-02
  115   4.9166E-02
  116   4.8653E-02
  117   4.6544E-02
  118   4.4435E-02
  119   4.2226E-02
  120   4.0140E-02
  121   3.6741E-02
  122   3.3729E-02
  123   2.9104E-02
  124   2.5264E-02
  125   2.1038E-02
  126   1.6985E-02
  127   1.4546E-02
  128   1.6995E-02
  129   2.1032E-02
  130   2.5283E-02
  131   2.9104E-02
  132   3.3726E-02
  133   3.6751E-02
  134   4.0137E-02
  135   4.2235E-02
  136   4.4445E-02
  137   4.6553E-02
  138   4.8653E-02
  139   4.9157E-02
  140   4.9649E-02
  141   4.9282E-02
  142   4.8297E-02
  143   4.6971E-02
  144   4.4599E-02
  145   4.1973E-02
  146   3.8938E-02
  147   3.5079E-02
  148   3.1798E-02
  149   2.7752E-02
  150   2.4083E-02
  151   2.1323E-02
  152   1.8456E-02
  153   1.5430E-02
  154   1.2456E-02
  155   1.0329E-02
  156   8.6120E-03
  157   6.7600E-03
  158   5.7070E-03
  159   4.3940E-03
  160   3.3580E-03
  161   2.7470E-03
  162   2.1390E-03
  163   1.6390E-03
  164   1.2950E-03
  165   9.3800E-04
  166   8.6200E-04
  167   6.0800E-04
  168   5.2200E-04
  169   3.9800E-04
  170   3.2300E-04
  171   2.7400E-04
  172   2.4800E-04
  173   2.2000E-04
  174   1.5200E-04
  175   1.4200E-04
  176   1.3100E-04
  177   9.9000E-05
  178   9.1000E-05
  179   6.8000E-05
  180   6.0000E-05
  181   5.0000E-05
  182   5.8000E-05
  183   4.0000E-05
  184   4.0000E-05
  185   4.0000E-05
  186   2.2000E-05
  187   2.7000E-05
  188   1.5000E-05
  189   1.7000E-05
  190   2.1000E-05
