   48   2.0000E-06
   62   4.0000E-06
   63   3.0000E-06
   65   2.0000E-06
   67   2.0000E-06
   68   2.0000E-06
   70   1.0000E-05
   71   7.0000E-06
   72   1.0000E-05
   73   9.0000E-06
   74   6.0000E-06
   75   1.2000E-05
   76   1.9000E-05
   77   2.5000E-05
   78   4.1000E-05
   79   4.0000E-05
   80   3.2000E-05
   81   6.5000E-05
   82   9.9000E-05
   83   1.4100E-04
   84   1.7000E-04
   85   2.3100E-04
   86   3.4900E-04
   87   4.4100E-04
   88   6.5300E-04
   89   8.1200E-04
   90   1.0050E-03
   91   1.3440E-03
   92   1.9050E-03
   93   2.3530E-03
   94   2.9700E-03
   95   3.8890E-03
   96   5.2000E-03
   97   6.3810E-03
   98   7.9890E-03
   99   1.0078E-02
  100   1.2170E-02
  101   1.4858E-02
  102   1.8131E-02
  103   2.1046E-02
  104   2.4180E-02
  105   2.8394E-02
  106   3.2474E-02
  107   3.6333E-02
  108   4.0359E-02
  109   4.4198E-02
  110   4.6752E-02
  111   5.0084E-02
  112   5.1900E-02
  113   5.2776E-02
  114   5.2721E-02
  115   5.2295E-02
  116   5.0040E-02
  117   4.8210E-02
  118   4.5414E-02
  119   4.2969E-02
  120   3.9368E-02
  121   3.5669E-02
  122   3.1281E-02
  123   2.6325E-02
  124   2.1208E-02
  125   1.6574E-02
  126   1.2832E-02
  127   1.0228E-02
  128   1.2832E-02
  129   1.6574E-02
  130   2.1208E-02
  131   2.6325E-02
  132   3.1281E-02
  133   3.5669E-02
  134   3.9368E-02
  135   4.2969E-02
  136   4.5414E-02
  137   4.8210E-02
  138   5.0040E-02
  139   5.2295E-02
  140   5.2721E-02
  141   5.2776E-02
  142   5.1900E-02
  143   5.0084E-02
  144   4.6752E-02
  145   4.4198E-02
  146   4.0359E-02
  147   3.6333E-02
  148   3.2474E-02
  149   2.8394E-02
  150   2.4180E-02
  151   2.1046E-02
  152   1.8131E-02
  153   1.4858E-02
  154   1.2170E-02
  155   1.0078E-02
  156   7.9890E-03
  157   6.3810E-03
  158   5.2000E-03
  159   3.8890E-03
  160   2.9700E-03
  161   2.3530E-03
  162   1.9050E-03
  163   1.3440E-03
  164   1.0050E-03
  165   8.1200E-04
  166   6.5300E-04
  167   4.4100E-04
  168   3.4900E-04
  169   2.3100E-04
  170   1.7000E-04
  171   1.4100E-04
  172   9.9000E-05
  173   6.5000E-05
  174   3.2000E-05
  175   4.0000E-05
  176   4.1000E-05
  177   2.5000E-05
  178   1.9000E-05
  179   1.2000E-05
  180   6.0000E-06
  181   9.0000E-06
  182   1.0000E-05
  183   7.0000E-06
  184   1.0000E-05
  186   2.0000E-06
  187   2.0000E-06
  189   2.0000E-06
