   48   2.0000E-06
   51   2.0000E-06
   54   8.0000E-06
   55   5.0000E-06
   57   6.0000E-06
   58   5.0000E-06
   59   9.0000E-06
   60   1.6000E-05
   61   9.0000E-06
   62   1.4000E-05
   63   1.5000E-05
   64   2.4000E-05
   65   2.5000E-05
   66   2.4000E-05
   67   3.0000E-05
   68   3.0000E-05
   69   4.7000E-05
   70   4.3000E-05
   71   4.4000E-05
   72   8.2000E-05
   73   8.9000E-05
   74   1.2100E-04
   75   1.4100E-04
   76   1.6400E-04
   77   1.4500E-04
   78   1.9000E-04
   79   2.0400E-04
   80   2.6400E-04
   81   2.6900E-04
   82   3.3200E-04
   83   3.7900E-04
   84   5.0300E-04
   85   5.0800E-04
   86   5.9600E-04
   87   6.5100E-04
   88   8.1000E-04
   89   9.5100E-04
   90   1.2080E-03
   91   1.3150E-03
   92   1.6430E-03
   93   2.0730E-03
   94   2.5240E-03
   95   2.8540E-03
   96   3.5240E-03
   97   4.2490E-03
   98   5.1210E-03
   99   6.2500E-03
  100   7.6970E-03
  101   8.9540E-03
  102   1.0499E-02
  103   1.2429E-02
  104   1.4855E-02
  105   1.7043E-02
  106   1.9523E-02
  107   2.2587E-02
  108   2.5464E-02
  109   2.8419E-02
  110   3.1465E-02
  111   3.4747E-02
  112   3.7236E-02
  113   3.9929E-02
  114   4.2757E-02
  115   4.4530E-02
  116   4.5980E-02
  117   4.6895E-02
  118   4.6409E-02
  119   4.6463E-02
  120   4.5457E-02
  121   4.4115E-02
  122   4.2975E-02
  123   4.1136E-02
  124   3.9421E-02
  125   3.7362E-02
  126   3.4666E-02
  127   3.0988E-02
  128   2.7721E-02
  129   2.4891E-02
  130   2.3524E-02
  131   2.5825E-02
  132   2.8551E-02
  133   3.2167E-02
  134   3.5666E-02
  135   3.7811E-02
  136   4.0064E-02
  137   4.1928E-02
  138   4.3330E-02
  139   4.4556E-02
  140   4.6036E-02
  141   4.6477E-02
  142   4.6742E-02
  143   4.6897E-02
  144   4.5653E-02
  145   4.3916E-02
  146   4.2116E-02
  147   3.9264E-02
  148   3.6598E-02
  149   3.3998E-02
  150   3.0681E-02
  151   2.7584E-02
  152   2.4650E-02
  153   2.1787E-02
  154   1.8952E-02
  155   1.6391E-02
  156   1.4176E-02
  157   1.1975E-02
  158   1.0066E-02
  159   8.6710E-03
  160   7.2680E-03
  161   6.0840E-03
  162   4.8460E-03
  163   4.0810E-03
  164   3.4040E-03
  165   2.7750E-03
  166   2.4140E-03
  167   1.9980E-03
  168   1.5830E-03
  169   1.3010E-03
  170   1.1670E-03
  171   9.3500E-04
  172   7.7500E-04
  173   6.4800E-04
  174   5.8400E-04
  175   4.9600E-04
  176   5.0200E-04
  177   3.7200E-04
  178   3.2500E-04
  179   2.6500E-04
  180   2.6500E-04
  181   1.9800E-04
  182   1.9300E-04
  183   1.4200E-04
  184   1.6400E-04
  185   1.4200E-04
  186   1.2000E-04
  187   8.6000E-05
  188   8.2000E-05
  189   4.4000E-05
  190   4.1000E-05
