   60   2.0000E-06
   61   2.0000E-06
   62   3.0000E-06
   63   5.0000E-06
   64   8.0000E-06
   65   6.0000E-06
   66   7.0000E-06
   67   2.0000E-06
   68   1.2000E-05
   69   9.0000E-06
   70   1.5000E-05
   71   1.3000E-05
   72   1.0000E-05
   73   1.4000E-05
   74   2.5000E-05
   75   2.2000E-05
   76   2.8000E-05
   77   2.2000E-05
   78   4.4000E-05
   79   5.2000E-05
   80   5.6000E-05
   81   7.9000E-05
   82   9.6000E-05
   83   1.0300E-04
   84   1.6500E-04
   85   1.8100E-04
   86   2.4500E-04
   87   3.1100E-04
   88   4.5800E-04
   89   5.6700E-04
   90   6.6400E-04
   91   9.7100E-04
   92   1.2350E-03
   93   1.5830E-03
   94   2.0440E-03
   95   2.7200E-03
   96   3.3630E-03
   97   4.2540E-03
   98   5.7610E-03
   99   6.8530E-03
  100   8.4660E-03
  101   1.0527E-02
  102   1.3045E-02
  103   1.5471E-02
  104   1.8620E-02
  105   2.1554E-02
  106   2.4680E-02
  107   2.8265E-02
  108   3.2608E-02
  109   3.6146E-02
  110   3.9117E-02
  111   4.3245E-02
  112   4.5823E-02
  113   4.7937E-02
  114   4.9720E-02
  115   5.0583E-02
  116   5.0997E-02
  117   5.0276E-02
  118   4.9005E-02
  119   4.6945E-02
  120   4.4813E-02
  121   4.2726E-02
  122   3.9746E-02
  123   3.6885E-02
  124   3.2672E-02
  125   2.8633E-02
  126   2.4063E-02
  127   1.9698E-02
  128   1.5687E-02
  129   1.5687E-02
  130   1.9698E-02
  131   2.4063E-02
  132   2.8633E-02
  133   3.2672E-02
  134   3.6885E-02
  135   3.9746E-02
  136   4.2726E-02
  137   4.4813E-02
  138   4.6945E-02
  139   4.9005E-02
  140   5.0276E-02
  141   5.0997E-02
  142   5.0583E-02
  143   4.9720E-02
  144   4.7937E-02
  145   4.5823E-02
  146   4.3245E-02
  147   3.9117E-02
  148   3.6146E-02
  149   3.2608E-02
  150   2.8265E-02
  151   2.4680E-02
  152   2.1554E-02
  153   1.8620E-02
  154   1.5471E-02
  155   1.3045E-02
  156   1.0527E-02
  157   8.4660E-03
  158   6.8530E-03
  159   5.7610E-03
  160   4.2540E-03
  161   3.3630E-03
  162   2.7200E-03
  163   2.0440E-03
  164   1.5830E-03
  165   1.2350E-03
  166   9.7100E-04
  167   6.6400E-04
  168   5.6700E-04
  169   4.5800E-04
  170   3.1100E-04
  171   2.4500E-04
  172   1.8100E-04
  173   1.6500E-04
  174   1.0300E-04
  175   9.6000E-05
  176   7.9000E-05
  177   5.6000E-05
  178   5.2000E-05
  179   4.4000E-05
  180   2.2000E-05
  181   2.8000E-05
  182   2.2000E-05
  183   2.5000E-05
  184   1.4000E-05
  185   1.0000E-05
  186   1.3000E-05
  187   1.5000E-05
  188   9.0000E-06
  189   1.2000E-05
  190   2.0000E-06
