   61   3.0000E-06
   62   4.0000E-06
   63   4.0000E-06
   64   2.0000E-06
   65   2.0000E-06
   66   6.0000E-06
   67   4.0000E-06
   68   5.0000E-06
   69   2.0000E-06
   70   6.0000E-06
   71   9.0000E-06
   72   1.8000E-05
   73   1.7000E-05
   74   2.1000E-05
   75   2.5000E-05
   76   3.1000E-05
   77   2.7000E-05
   78   4.3000E-05
   79   5.4000E-05
   80   5.2000E-05
   81   1.1200E-04
   82   1.1800E-04
   83   1.7200E-04
   84   1.7000E-04
   85   2.4400E-04
   86   3.1900E-04
   87   4.2600E-04
   88   5.7900E-04
   89   7.8500E-04
   90   9.6700E-04
   91   1.3170E-03
   92   1.8360E-03
   93   2.3250E-03
   94   2.9150E-03
   95   3.8550E-03
   96   5.0380E-03
   97   6.3330E-03
   98   8.1930E-03
   99   1.0073E-02
  100   1.1834E-02
  101   1.4857E-02
  102   1.8245E-02
  103   2.1276E-02
  104   2.4273E-02
  105   2.8084E-02
  106   3.2474E-02
  107   3.6334E-02
  108   4.0070E-02
  109   4.3564E-02
  110   4.6247E-02
  111   4.8920E-02
  112   5.1093E-02
  113   5.1766E-02
  114   5.1676E-02
  115   5.1075E-02
  116   4.9564E-02
  117   4.7756E-02
  118   4.5015E-02
  119   4.2808E-02
  120   4.0056E-02
  121   3.6518E-02
  122   3.2290E-02
  123   2.7288E-02
  124   2.2778E-02
  125   1.8168E-02
  126   1.4064E-02
  127   1.1532E-02
  128   1.4064E-02
  129   1.8168E-02
  130   2.2778E-02
  131   2.7288E-02
  132   3.2290E-02
  133   3.6518E-02
  134   4.0056E-02
  135   4.2808E-02
  136   4.5015E-02
  137   4.7756E-02
  138   4.9564E-02
  139   5.1075E-02
  140   5.1676E-02
  141   5.1766E-02
  142   5.1093E-02
  143   4.8920E-02
  144   4.6247E-02
  145   4.3564E-02
  146   4.0070E-02
  147   3.6334E-02
  148   3.2474E-02
  149   2.8084E-02
  150   2.4273E-02
  151   2.1276E-02
  152   1.8245E-02
  153   1.4857E-02
  154   1.1834E-02
  155   1.0073E-02
  156   8.1930E-03
  157   6.3330E-03
  158   5.0380E-03
  159   3.8550E-03
  160   2.9150E-03
  161   2.3250E-03
  162   1.8360E-03
  163   1.3170E-03
  164   9.6700E-04
  165   7.8500E-04
  166   5.7900E-04
  167   4.2600E-04
  168   3.1900E-04
  169   2.4400E-04
  170   1.7000E-04
  171   1.7200E-04
  172   1.1800E-04
  173   1.1200E-04
  174   5.2000E-05
  175   5.4000E-05
  176   4.3000E-05
  177   2.7000E-05
  178   3.1000E-05
  179   2.5000E-05
  180   2.1000E-05
  181   1.7000E-05
  182   1.8000E-05
  183   9.0000E-06
  184   6.0000E-06
  185   2.0000E-06
  186   5.0000E-06
  187   4.0000E-06
  188   6.0000E-06
  189   2.0000E-06
  190   2.0000E-06
