   61   2.0000E-06
   62   2.0000E-06
   63   3.0000E-06
   64   2.0000E-06
   65   2.0000E-06
   66   7.0000E-06
   67   5.0000E-06
   68   1.1000E-05
   69   6.0000E-06
   70   7.0000E-06
   71   1.0000E-05
   72   1.5000E-05
   73   1.5000E-05
   74   1.3000E-05
   75   2.0000E-05
   76   1.8000E-05
   77   2.8000E-05
   78   4.2000E-05
   79   4.7000E-05
   80   5.8000E-05
   81   5.7000E-05
   82   1.0400E-04
   83   1.1900E-04
   84   1.4400E-04
   85   1.8400E-04
   86   2.4800E-04
   87   3.5200E-04
   88   5.0400E-04
   89   6.0500E-04
   90   7.9500E-04
   91   1.0550E-03
   92   1.4850E-03
   93   1.8170E-03
   94   2.3300E-03
   95   2.9830E-03
   96   3.8680E-03
   97   4.9150E-03
   98   6.5110E-03
   99   7.5970E-03
  100   9.4390E-03
  101   1.1690E-02
  102   1.4426E-02
  103   1.7075E-02
  104   2.0393E-02
  105   2.3730E-02
  106   2.7050E-02
  107   3.0630E-02
  108   3.4925E-02
  109   3.8396E-02
  110   4.1873E-02
  111   4.5499E-02
  112   4.7891E-02
  113   4.9907E-02
  114   5.0747E-02
  115   5.1535E-02
  116   5.1073E-02
  117   5.0029E-02
  118   4.8056E-02
  119   4.5965E-02
  120   4.3659E-02
  121   4.1003E-02
  122   3.7773E-02
  123   3.4148E-02
  124   2.9409E-02
  125   2.4869E-02
  126   2.0241E-02
  127   1.5884E-02
  128   1.3332E-02
  129   1.5884E-02
  130   2.0241E-02
  131   2.4869E-02
  132   2.9409E-02
  133   3.4148E-02
  134   3.7773E-02
  135   4.1003E-02
  136   4.3659E-02
  137   4.5965E-02
  138   4.8056E-02
  139   5.0029E-02
  140   5.1073E-02
  141   5.1535E-02
  142   5.0747E-02
  143   4.9907E-02
  144   4.7891E-02
  145   4.5499E-02
  146   4.1873E-02
  147   3.8396E-02
  148   3.4925E-02
  149   3.0630E-02
  150   2.7050E-02
  151   2.3730E-02
  152   2.0393E-02
  153   1.7075E-02
  154   1.4426E-02
  155   1.1690E-02
  156   9.4390E-03
  157   7.5970E-03
  158   6.5110E-03
  159   4.9150E-03
  160   3.8680E-03
  161   2.9830E-03
  162   2.3300E-03
  163   1.8170E-03
  164   1.4850E-03
  165   1.0550E-03
  166   7.9500E-04
  167   6.0500E-04
  168   5.0400E-04
  169   3.5200E-04
  170   2.4800E-04
  171   1.8400E-04
  172   1.4400E-04
  173   1.1900E-04
  174   1.0400E-04
  175   5.7000E-05
  176   5.8000E-05
  177   4.7000E-05
  178   4.2000E-05
  179   2.8000E-05
  180   1.8000E-05
  181   2.0000E-05
  182   1.3000E-05
  183   1.5000E-05
  184   1.5000E-05
  185   1.0000E-05
  186   7.0000E-06
  187   6.0000E-06
  188   1.1000E-05
  189   5.0000E-06
  190   7.0000E-06
