   75   4.0000E-06
   76   2.0000E-06
   77   2.0000E-06
   78   8.0000E-06
   79   9.0000E-06
   80   2.1000E-05
   81   3.2000E-05
   82   2.6000E-05
   83   6.7000E-05
   84   1.2600E-04
   85   1.3300E-04
   86   2.2100E-04
   87   3.1400E-04
   88   4.8700E-04
   89   5.9900E-04
   90   8.6800E-04
   91   1.0680E-03
   92   1.4070E-03
   93   1.8250E-03
   94   2.5010E-03
   95   2.8940E-03
   96   3.4690E-03
   97   4.4730E-03
   98   5.4130E-03
   99   6.4390E-03
  100   7.7990E-03
  101   9.1440E-03
  102   1.0660E-02
  103   1.2673E-02
  104   1.5213E-02
  105   1.7302E-02
  106   1.9806E-02
  107   2.3131E-02
  108   2.5990E-02
  109   2.9233E-02
  110   3.3307E-02
  111   3.6489E-02
  112   3.9735E-02
  113   4.2890E-02
  114   4.6217E-02
  115   4.8041E-02
  116   4.9613E-02
  117   5.0291E-02
  118   5.0306E-02
  119   4.9345E-02
  120   4.7937E-02
  121   4.5841E-02
  122   4.3771E-02
  123   4.0886E-02
  124   3.8389E-02
  125   3.4520E-02
  126   3.0109E-02
  127   2.5347E-02
  128   2.0852E-02
  129   1.6073E-02
  130   1.3324E-02
  131   1.6073E-02
  132   2.0852E-02
  133   2.5347E-02
  134   3.0109E-02
  135   3.4520E-02
  136   3.8389E-02
  137   4.0886E-02
  138   4.3771E-02
  139   4.5841E-02
  140   4.7937E-02
  141   4.9345E-02
  142   5.0306E-02
  143   5.0291E-02
  144   4.9613E-02
  145   4.8041E-02
  146   4.6217E-02
  147   4.2890E-02
  148   3.9735E-02
  149   3.6489E-02
  150   3.3307E-02
  151   2.9233E-02
  152   2.5990E-02
  153   2.3131E-02
  154   1.9806E-02
  155   1.7302E-02
  156   1.5213E-02
  157   1.2673E-02
  158   1.0660E-02
  159   9.1440E-03
  160   7.7990E-03
  161   6.4390E-03
  162   5.4130E-03
  163   4.4730E-03
  164   3.4690E-03
  165   2.8940E-03
  166   2.5010E-03
  167   1.8250E-03
  168   1.4070E-03
  169   1.0680E-03
  170   8.6800E-04
  171   5.9900E-04
  172   4.8700E-04
  173   3.1400E-04
  174   2.2100E-04
  175   1.3300E-04
  176   1.2600E-04
  177   6.7000E-05
  178   2.6000E-05
  179   3.2000E-05
  180   2.1000E-05
  181   9.0000E-06
  182   8.0000E-06
  183   2.0000E-06
  184   2.0000E-06
  185   4.0000E-06
