   65   5.0000E-06
   66   4.0000E-06
   69   2.0000E-06
   71   2.0000E-06
   72   3.0000E-06
   73   4.0000E-06
   74   4.0000E-06
   75   6.0000E-06
   76   1.2000E-05
   77   1.4000E-05
   78   1.5000E-05
   79   2.5000E-05
   80   3.4000E-05
   81   4.1000E-05
   82   6.7000E-05
   83   7.4000E-05
   84   1.2800E-04
   85   1.8000E-04
   86   2.4800E-04
   87   3.3400E-04
   88   4.9900E-04
   89   6.5800E-04
   90   7.9600E-04
   91   1.0980E-03
   92   1.5270E-03
   93   1.8920E-03
   94   2.3350E-03
   95   3.0130E-03
   96   3.6360E-03
   97   4.6340E-03
   98   5.8830E-03
   99   7.1610E-03
  100   8.4020E-03
  101   1.0612E-02
  102   1.3056E-02
  103   1.5331E-02
  104   1.8498E-02
  105   2.1810E-02
  106   2.5167E-02
  107   2.8724E-02
  108   3.3221E-02
  109   3.6577E-02
  110   4.0264E-02
  111   4.3911E-02
  112   4.7009E-02
  113   4.9195E-02
  114   5.1315E-02
  115   5.1818E-02
  116   5.1565E-02
  117   5.0858E-02
  118   4.9696E-02
  119   4.7734E-02
  120   4.5037E-02
  121   4.2366E-02
  122   3.9043E-02
  123   3.5421E-02
  124   3.1290E-02
  125   2.6593E-02
  126   2.1553E-02
  127   1.6694E-02
  128   1.2876E-02
  129   1.2876E-02
  130   1.6694E-02
  131   2.1553E-02
  132   2.6593E-02
  133   3.1290E-02
  134   3.5421E-02
  135   3.9043E-02
  136   4.2366E-02
  137   4.5037E-02
  138   4.7734E-02
  139   4.9696E-02
  140   5.0858E-02
  141   5.1565E-02
  142   5.1818E-02
  143   5.1315E-02
  144   4.9195E-02
  145   4.7009E-02
  146   4.3911E-02
  147   4.0264E-02
  148   3.6577E-02
  149   3.3221E-02
  150   2.8724E-02
  151   2.5167E-02
  152   2.1810E-02
  153   1.8498E-02
  154   1.5331E-02
  155   1.3056E-02
  156   1.0612E-02
  157   8.4020E-03
  158   7.1610E-03
  159   5.8830E-03
  160   4.6340E-03
  161   3.6360E-03
  162   3.0130E-03
  163   2.3350E-03
  164   1.8920E-03
  165   1.5270E-03
  166   1.0980E-03
  167   7.9600E-04
  168   6.5800E-04
  169   4.9900E-04
  170   3.3400E-04
  171   2.4800E-04
  172   1.8000E-04
  173   1.2800E-04
  174   7.4000E-05
  175   6.7000E-05
  176   4.1000E-05
  177   3.4000E-05
  178   2.5000E-05
  179   1.5000E-05
  180   1.4000E-05
  181   1.2000E-05
  182   6.0000E-06
  183   4.0000E-06
  184   4.0000E-06
  185   3.0000E-06
  186   2.0000E-06
  188   2.0000E-06
