   72   2.0000E-06
   73   3.0000E-06
   74   4.0000E-06
   75   1.0000E-05
   76   1.1000E-05
   77   9.0000E-06
   78   1.7000E-05
   79   1.5000E-05
   80   2.6000E-05
   81   3.8000E-05
   82   5.6000E-05
   83   7.3000E-05
   84   1.2000E-04
   85   1.4500E-04
   86   2.1100E-04
   87   3.2400E-04
   88   4.6200E-04
   89   5.1800E-04
   90   6.9300E-04
   91   8.9100E-04
   92   1.2710E-03
   93   1.6190E-03
   94   2.0820E-03
   95   2.5780E-03
   96   3.0530E-03
   97   3.9250E-03
   98   5.1020E-03
   99   5.8820E-03
  100   7.4050E-03
  101   9.0630E-03
  102   1.0613E-02
  103   1.2811E-02
  104   1.5917E-02
  105   1.7885E-02
  106   2.0736E-02
  107   2.4578E-02
  108   2.8042E-02
  109   3.2272E-02
  110   3.5529E-02
  111   3.9052E-02
  112   4.2289E-02
  113   4.5196E-02
  114   4.8337E-02
  115   4.9848E-02
  116   5.0853E-02
  117   5.1234E-02
  118   5.0714E-02
  119   4.9216E-02
  120   4.7939E-02
  121   4.4778E-02
  122   4.3027E-02
  123   4.0135E-02
  124   3.6579E-02
  125   3.2476E-02
  126   2.7941E-02
  127   2.3008E-02
  128   1.8678E-02
  129   1.4684E-02
  130   1.4684E-02
  131   1.8678E-02
  132   2.3008E-02
  133   2.7941E-02
  134   3.2476E-02
  135   3.6579E-02
  136   4.0135E-02
  137   4.3027E-02
  138   4.4778E-02
  139   4.7939E-02
  140   4.9216E-02
  141   5.0714E-02
  142   5.1234E-02
  143   5.0853E-02
  144   4.9848E-02
  145   4.8337E-02
  146   4.5196E-02
  147   4.2289E-02
  148   3.9052E-02
  149   3.5529E-02
  150   3.2272E-02
  151   2.8042E-02
  152   2.4578E-02
  153   2.0736E-02
  154   1.7885E-02
  155   1.5917E-02
  156   1.2811E-02
  157   1.0613E-02
  158   9.0630E-03
  159   7.4050E-03
  160   5.8820E-03
  161   5.1020E-03
  162   3.9250E-03
  163   3.0530E-03
  164   2.5780E-03
  165   2.0820E-03
  166   1.6190E-03
  167   1.2710E-03
  168   8.9100E-04
  169   6.9300E-04
  170   5.1800E-04
  171   4.6200E-04
  172   3.2400E-04
  173   2.1100E-04
  174   1.4500E-04
  175   1.2000E-04
  176   7.3000E-05
  177   5.6000E-05
  178   3.8000E-05
  179   2.6000E-05
  180   1.5000E-05
  181   1.7000E-05
  182   9.0000E-06
  183   1.1000E-05
  184   1.0000E-05
  185   4.0000E-06
  186   3.0000E-06
  187   2.0000E-06
