   61   2.0000E-06
   62   2.0000E-06
   64   5.0000E-06
   65   3.0000E-06
   67   2.0000E-06
   68   7.0000E-06
   69   1.0000E-05
   70   4.0000E-06
   71   8.0000E-06
   72   9.0000E-06
   73   1.5000E-05
   74   1.4000E-05
   75   1.2000E-05
   76   1.8000E-05
   77   1.9000E-05
   78   2.8000E-05
   79   2.6000E-05
   80   5.9000E-05
   81   7.1000E-05
   82   1.0100E-04
   83   1.3100E-04
   84   1.5400E-04
   85   2.1700E-04
   86   2.8100E-04
   87   3.5200E-04
   88   5.3100E-04
   89   7.1700E-04
   90   8.7400E-04
   91   1.2670E-03
   92   1.7040E-03
   93   2.0790E-03
   94   2.5730E-03
   95   3.3910E-03
   96   4.4240E-03
   97   5.4370E-03
   98   7.1350E-03
   99   8.9370E-03
  100   1.0570E-02
  101   1.3058E-02
  102   1.6211E-02
  103   1.8903E-02
  104   2.2168E-02
  105   2.5896E-02
  106   2.9880E-02
  107   3.4076E-02
  108   3.7760E-02
  109   4.1179E-02
  110   4.4715E-02
  111   4.7342E-02
  112   4.9478E-02
  113   5.1190E-02
  114   5.1832E-02
  115   5.1826E-02
  116   5.0771E-02
  117   4.9083E-02
  118   4.7072E-02
  119   4.4577E-02
  120   4.1690E-02
  121   3.8690E-02
  122   3.4689E-02
  123   3.0642E-02
  124   2.5616E-02
  125   2.1011E-02
  126   1.6645E-02
  127   1.2772E-02
  128   1.2772E-02
  129   1.6645E-02
  130   2.1011E-02
  131   2.5616E-02
  132   3.0642E-02
  133   3.4689E-02
  134   3.8690E-02
  135   4.1690E-02
  136   4.4577E-02
  137   4.7072E-02
  138   4.9083E-02
  139   5.0771E-02
  140   5.1826E-02
  141   5.1832E-02
  142   5.1190E-02
  143   4.9478E-02
  144   4.7342E-02
  145   4.4715E-02
  146   4.1179E-02
  147   3.7760E-02
  148   3.4076E-02
  149   2.9880E-02
  150   2.5896E-02
  151   2.2168E-02
  152   1.8903E-02
  153   1.6211E-02
  154   1.3058E-02
  155   1.0570E-02
  156   8.9370E-03
  157   7.1350E-03
  158   5.4370E-03
  159   4.4240E-03
  160   3.3910E-03
  161   2.5730E-03
  162   2.0790E-03
  163   1.7040E-03
  164   1.2670E-03
  165   8.7400E-04
  166   7.1700E-04
  167   5.3100E-04
  168   3.5200E-04
  169   2.8100E-04
  170   2.1700E-04
  171   1.5400E-04
  172   1.3100E-04
  173   1.0100E-04
  174   7.1000E-05
  175   5.9000E-05
  176   2.6000E-05
  177   2.8000E-05
  178   1.9000E-05
  179   1.8000E-05
  180   1.2000E-05
  181   1.4000E-05
  182   1.5000E-05
  183   9.0000E-06
  184   8.0000E-06
  185   4.0000E-06
  186   1.0000E-05
  187   7.0000E-06
  188   2.0000E-06
  190   3.0000E-06
