   70   2.0000E-06
   73   2.0000E-06
   75   2.0000E-06
   76   4.0000E-06
   77   4.0000E-06
   78   6.0000E-06
   79   9.0000E-06
   80   1.0000E-05
   81   1.2000E-05
   82   2.3000E-05
   83   3.1000E-05
   84   4.2000E-05
   85   5.1000E-05
   86   9.4000E-05
   87   1.1300E-04
   88   1.7000E-04
   89   2.4400E-04
   90   3.3700E-04
   91   4.5200E-04
   92   6.3500E-04
   93   7.4600E-04
   94   9.9000E-04
   95   1.2680E-03
   96   1.8400E-03
   97   2.0870E-03
   98   2.6700E-03
   99   3.2770E-03
  100   3.9350E-03
  101   4.8490E-03
  102   6.1400E-03
  103   6.9400E-03
  104   7.9630E-03
  105   9.7850E-03
  106   1.1348E-02
  107   1.2836E-02
  108   1.5121E-02
  109   1.7234E-02
  110   1.9773E-02
  111   2.2156E-02
  112   2.5550E-02
  113   2.8416E-02
  114   3.1338E-02
  115   3.4941E-02
  116   3.7270E-02
  117   4.0836E-02
  118   4.3338E-02
  119   4.5311E-02
  120   4.7117E-02
  121   4.7929E-02
  122   4.8182E-02
  123   4.8175E-02
  124   4.7174E-02
  125   4.5514E-02
  126   4.3972E-02
  127   4.1903E-02
  128   3.9902E-02
  129   3.7471E-02
  130   3.4225E-02
  131   3.0734E-02
  132   2.6232E-02
  133   2.2326E-02
  134   2.2882E-02
  135   2.6765E-02
  136   3.1463E-02
  137   3.4524E-02
  138   3.8043E-02
  139   4.0286E-02
  140   4.2009E-02
  141   4.4336E-02
  142   4.5868E-02
  143   4.7221E-02
  144   4.8425E-02
  145   4.8152E-02
  146   4.7785E-02
  147   4.7089E-02
  148   4.5120E-02
  149   4.3072E-02
  150   4.0453E-02
  151   3.7063E-02
  152   3.4474E-02
  153   3.1159E-02
  154   2.8082E-02
  155   2.5249E-02
  156   2.1914E-02
  157   1.9487E-02
  158   1.6866E-02
  159   1.4926E-02
  160   1.2701E-02
  161   1.1072E-02
  162   9.4590E-03
  163   7.7050E-03
  164   6.7930E-03
  165   5.9060E-03
  166   4.6060E-03
  167   3.7580E-03
  168   3.0940E-03
  169   2.4800E-03
  170   2.0490E-03
  171   1.6570E-03
  172   1.1770E-03
  173   9.2400E-04
  174   6.9500E-04
  175   5.7300E-04
  176   4.0800E-04
  177   3.2500E-04
  178   2.1600E-04
  179   1.5500E-04
  180   1.1300E-04
  181   8.5000E-05
  182   4.6000E-05
  183   3.6000E-05
  184   2.9000E-05
  185   2.3000E-05
  186   1.2000E-05
  187   1.0000E-05
  188   9.0000E-06
  189   6.0000E-06
  190   4.0000E-06
