   50   4.0000E-06
   57   6.0000E-06
   58   5.0000E-06
   59   2.0000E-06
   60   3.0000E-06
   61   5.0000E-06
   62   1.1000E-05
   63   8.0000E-06
   64   1.4000E-05
   65   1.3000E-05
   66   1.5000E-05
   67   1.8000E-05
   68   3.1000E-05
   69   2.3000E-05
   70   3.3000E-05
   71   3.3000E-05
   72   3.5000E-05
   73   4.6000E-05
   74   6.7000E-05
   75   7.5000E-05
   76   1.1800E-04
   77   1.0500E-04
   78   1.1700E-04
   79   1.2900E-04
   80   2.0300E-04
   81   2.0400E-04
   82   2.3800E-04
   83   2.5200E-04
   84   3.2200E-04
   85   4.1900E-04
   86   4.7100E-04
   87   5.3900E-04
   88   6.8000E-04
   89   7.4300E-04
   90   9.3200E-04
   91   9.8400E-04
   92   1.3390E-03
   93   1.4530E-03
   94   1.6940E-03
   95   2.0860E-03
   96   2.6420E-03
   97   3.0330E-03
   98   3.5030E-03
   99   4.1990E-03
  100   5.0880E-03
  101   6.0630E-03
  102   7.2870E-03
  103   8.2930E-03
  104   9.5760E-03
  105   1.1217E-02
  106   1.3116E-02
  107   1.4898E-02
  108   1.7341E-02
  109   1.9387E-02
  110   2.1753E-02
  111   2.4232E-02
  112   2.7530E-02
  113   3.0152E-02
  114   3.3062E-02
  115   3.5625E-02
  116   3.8553E-02
  117   4.0326E-02
  118   4.2505E-02
  119   4.3890E-02
  120   4.5383E-02
  121   4.5327E-02
  122   4.5546E-02
  123   4.5134E-02
  124   4.4386E-02
  125   4.3167E-02
  126   4.1534E-02
  127   4.0334E-02
  128   3.8321E-02
  129   3.6207E-02
  130   3.3602E-02
  131   3.0369E-02
  132   2.7889E-02
  133   2.7594E-02
  134   3.0366E-02
  135   3.2939E-02
  136   3.6371E-02
  137   3.8172E-02
  138   4.0492E-02
  139   4.1771E-02
  140   4.3132E-02
  141   4.4165E-02
  142   4.5311E-02
  143   4.5823E-02
  144   4.5336E-02
  145   4.5620E-02
  146   4.4770E-02
  147   4.2897E-02
  148   4.0873E-02
  149   3.8939E-02
  150   3.6371E-02
  151   3.3388E-02
  152   3.0739E-02
  153   2.8010E-02
  154   2.5207E-02
  155   2.2273E-02
  156   1.9841E-02
  157   1.7744E-02
  158   1.5639E-02
  159   1.3505E-02
  160   1.1618E-02
  161   1.0108E-02
  162   8.7440E-03
  163   7.3950E-03
  164   6.4160E-03
  165   5.3450E-03
  166   4.4360E-03
  167   3.6940E-03
  168   3.1960E-03
  169   2.7470E-03
  170   2.2680E-03
  171   1.8790E-03
  172   1.4930E-03
  173   1.3290E-03
  174   1.2160E-03
  175   9.1100E-04
  176   8.5800E-04
  177   7.0800E-04
  178   6.1000E-04
  179   5.0400E-04
  180   4.4000E-04
  181   3.9900E-04
  182   3.1800E-04
  183   2.3200E-04
  184   2.3800E-04
  185   2.0100E-04
  186   1.9300E-04
  187   1.2300E-04
  188   1.2100E-04
  189   9.8000E-05
  190   1.1800E-04
