   73   5.0000E-06
   74   5.0000E-06
   76   2.0000E-06
   77   8.0000E-06
   78   7.0000E-06
   79   7.0000E-06
   80   1.7000E-05
   81   2.7000E-05
   82   5.4000E-05
   83   8.1000E-05
   84   8.5000E-05
   85   1.2400E-04
   86   1.6700E-04
   87   2.5400E-04
   88   3.9800E-04
   89   4.2200E-04
   90   6.6900E-04
   91   8.3200E-04
   92   1.0200E-03
   93   1.3990E-03
   94   1.8400E-03
   95   2.3110E-03
   96   2.7360E-03
   97   3.5700E-03
   98   4.2730E-03
   99   5.3280E-03
  100   6.5810E-03
  101   7.5580E-03
  102   8.7070E-03
  103   1.0894E-02
  104   1.3220E-02
  105   1.5107E-02
  106   1.7690E-02
  107   2.0855E-02
  108   2.3505E-02
  109   2.6950E-02
  110   3.0912E-02
  111   3.4042E-02
  112   3.7456E-02
  113   4.0944E-02
  114   4.4104E-02
  115   4.6379E-02
  116   4.8842E-02
  117   5.0285E-02
  118   5.0733E-02
  119   5.0349E-02
  120   4.9271E-02
  121   4.7850E-02
  122   4.5589E-02
  123   4.3359E-02
  124   4.0559E-02
  125   3.7579E-02
  126   3.4028E-02
  127   2.9692E-02
  128   2.4883E-02
  129   2.0309E-02
  130   1.6099E-02
  131   1.6099E-02
  132   2.0309E-02
  133   2.4883E-02
  134   2.9692E-02
  135   3.4028E-02
  136   3.7579E-02
  137   4.0559E-02
  138   4.3359E-02
  139   4.5589E-02
  140   4.7850E-02
  141   4.9271E-02
  142   5.0349E-02
  143   5.0733E-02
  144   5.0285E-02
  145   4.8842E-02
  146   4.6379E-02
  147   4.4104E-02
  148   4.0944E-02
  149   3.7456E-02
  150   3.4042E-02
  151   3.0912E-02
  152   2.6950E-02
  153   2.3505E-02
  154   2.0855E-02
  155   1.7690E-02
  156   1.5107E-02
  157   1.3220E-02
  158   1.0894E-02
  159   8.7070E-03
  160   7.5580E-03
  161   6.5810E-03
  162   5.3280E-03
  163   4.2730E-03
  164   3.5700E-03
  165   2.7360E-03
  166   2.3110E-03
  167   1.8400E-03
  168   1.3990E-03
  169   1.0200E-03
  170   8.3200E-04
  171   6.6900E-04
  172   4.2200E-04
  173   3.9800E-04
  174   2.5400E-04
  175   1.6700E-04
  176   1.2400E-04
  177   8.5000E-05
  178   8.1000E-05
  179   5.4000E-05
  180   2.7000E-05
  181   1.7000E-05
  182   7.0000E-06
  183   7.0000E-06
  184   8.0000E-06
  185   2.0000E-06
  187   5.0000E-06
  188   5.0000E-06
