   74   2.0000E-06
   77   3.0000E-06
   78   2.0000E-06
   79   9.0000E-06
   80   1.7000E-05
   81   2.8000E-05
   82   4.0000E-05
   83   5.8000E-05
   84   8.8000E-05
   85   1.2600E-04
   86   1.7400E-04
   87   2.4500E-04
   88   3.7900E-04
   89   5.3000E-04
   90   7.0400E-04
   91   8.7300E-04
   92   1.1050E-03
   93   1.3660E-03
   94   2.0320E-03
   95   2.3810E-03
   96   2.9510E-03
   97   3.6980E-03
   98   4.5080E-03
   99   5.3620E-03
  100   6.6250E-03
  101   7.6000E-03
  102   8.7960E-03
  103   1.0820E-02
  104   1.2618E-02
  105   1.4744E-02
  106   1.6961E-02
  107   1.9740E-02
  108   2.2177E-02
  109   2.5180E-02
  110   2.8990E-02
  111   3.1913E-02
  112   3.5032E-02
  113   3.8461E-02
  114   4.1223E-02
  115   4.4586E-02
  116   4.7102E-02
  117   4.8214E-02
  118   4.9380E-02
  119   4.9619E-02
  120   4.9107E-02
  121   4.8518E-02
  122   4.5632E-02
  123   4.3921E-02
  124   4.1635E-02
  125   3.9278E-02
  126   3.6315E-02
  127   3.2285E-02
  128   2.7686E-02
  129   2.3009E-02
  130   1.8383E-02
  131   1.5478E-02
  132   1.8383E-02
  133   2.3009E-02
  134   2.7686E-02
  135   3.2285E-02
  136   3.6315E-02
  137   3.9278E-02
  138   4.1635E-02
  139   4.3921E-02
  140   4.5632E-02
  141   4.8518E-02
  142   4.9107E-02
  143   4.9619E-02
  144   4.9380E-02
  145   4.8214E-02
  146   4.7102E-02
  147   4.4586E-02
  148   4.1223E-02
  149   3.8461E-02
  150   3.5032E-02
  151   3.1913E-02
  152   2.8990E-02
  153   2.5180E-02
  154   2.2177E-02
  155   1.9740E-02
  156   1.6961E-02
  157   1.4744E-02
  158   1.2618E-02
  159   1.0820E-02
  160   8.7960E-03
  161   7.6000E-03
  162   6.6250E-03
  163   5.3620E-03
  164   4.5080E-03
  165   3.6980E-03
  166   2.9510E-03
  167   2.3810E-03
  168   2.0320E-03
  169   1.3660E-03
  170   1.1050E-03
  171   8.7300E-04
  172   7.0400E-04
  173   5.3000E-04
  174   3.7900E-04
  175   2.4500E-04
  176   1.7400E-04
  177   1.2600E-04
  178   8.8000E-05
  179   5.8000E-05
  180   4.0000E-05
  181   2.8000E-05
  182   1.7000E-05
  183   9.0000E-06
  184   2.0000E-06
  185   3.0000E-06
  188   2.0000E-06
