   70   3.0000E-06
   71   2.0000E-06
   73   2.0000E-06
   74   4.0000E-06
   76   4.0000E-06
   77   1.0000E-05
   78   5.0000E-06
   79   1.2000E-05
   80   1.2000E-05
   81   2.7000E-05
   82   2.7000E-05
   83   2.8000E-05
   84   5.4000E-05
   85   7.9000E-05
   86   1.1500E-04
   87   1.4600E-04
   88   1.9600E-04
   89   2.8900E-04
   90   3.7900E-04
   91   4.8200E-04
   92   6.5400E-04
   93   9.3100E-04
   94   1.1450E-03
   95   1.4550E-03
   96   1.9310E-03
   97   2.3990E-03
   98   2.8290E-03
   99   3.6370E-03
  100   4.4860E-03
  101   5.1990E-03
  102   6.4950E-03
  103   7.7730E-03
  104   8.8760E-03
  105   1.0820E-02
  106   1.2799E-02
  107   1.4603E-02
  108   1.7051E-02
  109   1.9782E-02
  110   2.2555E-02
  111   2.5648E-02
  112   2.9173E-02
  113   3.2339E-02
  114   3.5369E-02
  115   3.8818E-02
  116   4.1720E-02
  117   4.4375E-02
  118   4.6465E-02
  119   4.8195E-02
  120   4.8812E-02
  121   4.8756E-02
  122   4.8712E-02
  123   4.7672E-02
  124   4.6130E-02
  125   4.4116E-02
  126   4.1696E-02
  127   4.0129E-02
  128   3.7152E-02
  129   3.3470E-02
  130   2.9486E-02
  131   2.4624E-02
  132   2.0690E-02
  133   2.1032E-02
  134   2.5133E-02
  135   3.0060E-02
  136   3.4041E-02
  137   3.7573E-02
  138   4.0366E-02
  139   4.2000E-02
  140   4.4323E-02
  141   4.6348E-02
  142   4.7957E-02
  143   4.8699E-02
  144   4.8800E-02
  145   4.8912E-02
  146   4.8038E-02
  147   4.6441E-02
  148   4.4091E-02
  149   4.1313E-02
  150   3.8606E-02
  151   3.5018E-02
  152   3.2022E-02
  153   2.8870E-02
  154   2.5276E-02
  155   2.2357E-02
  156   1.9478E-02
  157   1.6724E-02
  158   1.4520E-02
  159   1.2531E-02
  160   1.0574E-02
  161   8.7190E-03
  162   7.5840E-03
  163   6.2580E-03
  164   5.1640E-03
  165   4.2250E-03
  166   3.5000E-03
  167   2.7290E-03
  168   2.2650E-03
  169   1.8160E-03
  170   1.4160E-03
  171   1.0480E-03
  172   8.4900E-04
  173   6.2700E-04
  174   4.5800E-04
  175   3.4000E-04
  176   2.5900E-04
  177   2.0200E-04
  178   1.3300E-04
  179   1.0900E-04
  180   7.2000E-05
  181   4.7000E-05
  182   3.2000E-05
  183   2.3000E-05
  184   2.9000E-05
  185   1.0000E-05
  186   1.2000E-05
  187   5.0000E-06
  188   1.0000E-05
  189   4.0000E-06
