   69   2.0000E-06
   71   4.0000E-06
   72   9.0000E-06
   73   3.0000E-06
   74   3.0000E-06
   75   9.0000E-06
   76   4.0000E-06
   77   8.0000E-06
   78   7.0000E-06
   79   2.0000E-05
   80   2.4000E-05
   81   1.9000E-05
   82   3.4000E-05
   83   4.5000E-05
   84   4.7000E-05
   85   7.6000E-05
   86   1.2000E-04
   87   1.3400E-04
   88   1.7000E-04
   89   2.2200E-04
   90   3.3500E-04
   91   4.1600E-04
   92   5.6100E-04
   93   6.7700E-04
   94   9.1400E-04
   95   1.1090E-03
   96   1.5740E-03
   97   1.8310E-03
   98   2.2010E-03
   99   2.8430E-03
  100   3.5980E-03
  101   4.3250E-03
  102   5.3870E-03
  103   6.4690E-03
  104   7.6420E-03
  105   9.2310E-03
  106   1.1086E-02
  107   1.2961E-02
  108   1.5132E-02
  109   1.7590E-02
  110   2.0328E-02
  111   2.3791E-02
  112   2.7181E-02
  113   3.0171E-02
  114   3.3339E-02
  115   3.6931E-02
  116   4.0072E-02
  117   4.2762E-02
  118   4.5294E-02
  119   4.6622E-02
  120   4.8067E-02
  121   4.8773E-02
  122   4.9150E-02
  123   4.8129E-02
  124   4.7725E-02
  125   4.5432E-02
  126   4.4120E-02
  127   4.2015E-02
  128   3.9602E-02
  129   3.6636E-02
  130   3.3106E-02
  131   2.9207E-02
  132   2.5024E-02
  133   2.2558E-02
  134   2.5863E-02
  135   2.9827E-02
  136   3.3910E-02
  137   3.7377E-02
  138   4.0075E-02
  139   4.2438E-02
  140   4.4434E-02
  141   4.5804E-02
  142   4.7977E-02
  143   4.8319E-02
  144   4.9207E-02
  145   4.8658E-02
  146   4.8100E-02
  147   4.6232E-02
  148   4.4985E-02
  149   4.2311E-02
  150   3.9688E-02
  151   3.6213E-02
  152   3.2974E-02
  153   2.9650E-02
  154   2.6626E-02
  155   2.3103E-02
  156   1.9920E-02
  157   1.7091E-02
  158   1.4819E-02
  159   1.2732E-02
  160   1.0657E-02
  161   8.9570E-03
  162   7.4080E-03
  163   6.2450E-03
  164   5.1310E-03
  165   4.1880E-03
  166   3.4440E-03
  167   2.6520E-03
  168   2.1450E-03
  169   1.7660E-03
  170   1.3850E-03
  171   1.1150E-03
  172   8.0800E-04
  173   6.6500E-04
  174   5.0500E-04
  175   3.8500E-04
  176   3.1900E-04
  177   1.9500E-04
  178   1.6600E-04
  179   1.3100E-04
  180   1.1200E-04
  181   7.2000E-05
  182   3.7000E-05
  183   4.7000E-05
  184   3.1000E-05
  185   2.2000E-05
  186   2.1000E-05
  187   1.8000E-05
  188   7.0000E-06
  189   8.0000E-06
  190   4.0000E-06
