   79   2.0000E-06
   81   1.3000E-05
   82   2.1000E-05
   83   2.3000E-05
   84   3.9000E-05
   85   6.9000E-05
   86   1.1400E-04
   87   1.5700E-04
   88   2.2800E-04
   89   3.1400E-04
   90   5.0800E-04
   91   6.6000E-04
   92   9.8700E-04
   93   1.3430E-03
   94   1.6890E-03
   95   2.2630E-03
   96   3.1400E-03
   97   3.6820E-03
   98   4.6650E-03
   99   5.7620E-03
  100   6.8190E-03
  101   8.2150E-03
  102   9.8860E-03
  103   1.0929E-02
  104   1.2337E-02
  105   1.4193E-02
  106   1.5626E-02
  107   1.7173E-02
  108   1.9286E-02
  109   2.1072E-02
  110   2.2610E-02
  111   2.4786E-02
  112   2.7681E-02
  113   2.9292E-02
  114   3.1955E-02
  115   3.4183E-02
  116   3.6546E-02
  117   3.8983E-02
  118   4.0598E-02
  119   4.2446E-02
  120   4.3673E-02
  121   4.4466E-02
  122   4.4382E-02
  123   4.4033E-02
  124   4.3199E-02
  125   4.1593E-02
  126   4.0133E-02
  127   3.8812E-02
  128   3.6518E-02
  129   3.3859E-02
  130   3.0902E-02
  131   2.6978E-02
  132   2.2712E-02
  133   1.8425E-02
  134   1.8425E-02
  135   2.2712E-02
  136   2.6978E-02
  137   3.0902E-02
  138   3.3859E-02
  139   3.6518E-02
  140   3.8812E-02
  141   4.0133E-02
  142   4.1593E-02
  143   4.3199E-02
  144   4.4033E-02
  145   4.4382E-02
  146   4.4466E-02
  147   4.3673E-02
  148   4.2446E-02
  149   4.0598E-02
  150   3.8983E-02
  151   3.6546E-02
  152   3.4183E-02
  153   3.1955E-02
  154   2.9292E-02
  155   2.7681E-02
  156   2.4786E-02
  157   2.2610E-02
  158   2.1072E-02
  159   1.9286E-02
  160   1.7173E-02
  161   1.5626E-02
  162   1.4193E-02
  163   1.2337E-02
  164   1.0929E-02
  165   9.8860E-03
  166   8.2150E-03
  167   6.8190E-03
  168   5.7620E-03
  169   4.6650E-03
  170   3.6820E-03
  171   3.1400E-03
  172   2.2630E-03
  173   1.6890E-03
  174   1.3430E-03
  175   9.8700E-04
  176   6.6000E-04
  177   5.0800E-04
  178   3.1400E-04
  179   2.2800E-04
  180   1.5700E-04
  181   1.1400E-04
  182   6.9000E-05
  183   3.9000E-05
  184   2.3000E-05
  185   2.1000E-05
  186   1.3000E-05
  188   2.0000E-06
