   58   2.0000E-06
   59   3.0000E-06
   60   7.0000E-06
   61   4.0000E-06
   62   1.1000E-05
   63   4.0000E-06
   64   1.3000E-05
   65   7.0000E-06
   66   1.7000E-05
   67   1.7000E-05
   68   3.5000E-05
   69   2.7000E-05
   70   3.1000E-05
   71   2.6000E-05
   72   4.7000E-05
   73   5.3000E-05
   74   5.7000E-05
   75   5.7000E-05
   76   8.3000E-05
   77   1.0200E-04
   78   1.1300E-04
   79   1.0900E-04
   80   1.4800E-04
   81   1.6000E-04
   82   1.9000E-04
   83   1.9800E-04
   84   3.1200E-04
   85   3.0400E-04
   86   3.8300E-04
   87   4.4700E-04
   88   5.7400E-04
   89   6.2900E-04
   90   8.5200E-04
   91   9.6700E-04
   92   1.1200E-03
   93   1.3880E-03
   94   1.7720E-03
   95   2.0350E-03
   96   2.5250E-03
   97   3.0600E-03
   98   3.7510E-03
   99   4.6520E-03
  100   5.9030E-03
  101   6.7690E-03
  102   8.1040E-03
  103   1.0134E-02
  104   1.1942E-02
  105   1.4171E-02
  106   1.6564E-02
  107   1.9151E-02
  108   2.2099E-02
  109   2.5092E-02
  110   2.8353E-02
  111   3.1331E-02
  112   3.4449E-02
  113   3.7844E-02
  114   4.0148E-02
  115   4.2770E-02
  116   4.4793E-02
  117   4.5943E-02
  118   4.7216E-02
  119   4.7574E-02
  120   4.7481E-02
  121   4.6410E-02
  122   4.5582E-02
  123   4.3973E-02
  124   4.2579E-02
  125   4.0009E-02
  126   3.8013E-02
  127   3.5095E-02
  128   3.1827E-02
  129   2.8446E-02
  130   2.4735E-02
  131   2.3289E-02
  132   2.5815E-02
  133   2.9592E-02
  134   3.2947E-02
  135   3.6371E-02
  136   3.8842E-02
  137   4.0812E-02
  138   4.3204E-02
  139   4.4464E-02
  140   4.6172E-02
  141   4.6715E-02
  142   4.7678E-02
  143   4.7711E-02
  144   4.7005E-02
  145   4.5480E-02
  146   4.4346E-02
  147   4.1822E-02
  148   3.9651E-02
  149   3.6727E-02
  150   3.3695E-02
  151   3.0478E-02
  152   2.7231E-02
  153   2.4238E-02
  154   2.1184E-02
  155   1.8238E-02
  156   1.6030E-02
  157   1.3504E-02
  158   1.1360E-02
  159   9.4610E-03
  160   7.7680E-03
  161   6.5530E-03
  162   5.5000E-03
  163   4.3570E-03
  164   3.5870E-03
  165   2.9230E-03
  166   2.3870E-03
  167   1.9770E-03
  168   1.6280E-03
  169   1.3340E-03
  170   1.0700E-03
  171   9.4800E-04
  172   7.9100E-04
  173   6.0200E-04
  174   5.4800E-04
  175   4.4000E-04
  176   3.7200E-04
  177   3.0100E-04
  178   2.9900E-04
  179   1.9800E-04
  180   1.8700E-04
  181   1.5900E-04
  182   1.4500E-04
  183   1.1400E-04
  184   1.1200E-04
  185   1.0300E-04
  186   7.5000E-05
  187   5.8000E-05
  188   5.4000E-05
  189   5.7000E-05
  190   4.3000E-05
