   63   5.0000E-06
   69   3.0000E-06
   70   4.0000E-06
   72   5.0000E-06
   73   4.0000E-06
   74   9.0000E-06
   75   6.0000E-06
   76   1.0000E-05
   77   9.0000E-06
   78   1.3000E-05
   79   2.9000E-05
   80   2.7000E-05
   81   2.8000E-05
   82   2.7000E-05
   83   4.9000E-05
   84   8.2000E-05
   85   1.0000E-04
   86   1.3900E-04
   87   1.9500E-04
   88   2.3000E-04
   89   3.1900E-04
   90   5.2000E-04
   91   5.7300E-04
   92   6.7200E-04
   93   9.3000E-04
   94   1.2940E-03
   95   1.5750E-03
   96   2.0350E-03
   97   2.5460E-03
   98   3.0480E-03
   99   3.8210E-03
  100   4.9700E-03
  101   5.7770E-03
  102   6.9880E-03
  103   8.4430E-03
  104   1.0460E-02
  105   1.2071E-02
  106   1.4835E-02
  107   1.7104E-02
  108   1.9444E-02
  109   2.2794E-02
  110   2.6387E-02
  111   2.9305E-02
  112   3.3142E-02
  113   3.6824E-02
  114   3.9449E-02
  115   4.2955E-02
  116   4.5464E-02
  117   4.7231E-02
  118   4.8932E-02
  119   4.9980E-02
  120   4.9668E-02
  121   4.9266E-02
  122   4.7714E-02
  123   4.6065E-02
  124   4.3915E-02
  125   4.2090E-02
  126   3.9379E-02
  127   3.6406E-02
  128   3.2938E-02
  129   2.8584E-02
  130   2.3858E-02
  131   1.9815E-02
  132   2.0082E-02
  133   2.4334E-02
  134   2.8995E-02
  135   3.3425E-02
  136   3.6675E-02
  137   3.9693E-02
  138   4.2274E-02
  139   4.4170E-02
  140   4.6303E-02
  141   4.7936E-02
  142   4.9289E-02
  143   4.9775E-02
  144   4.9924E-02
  145   4.8883E-02
  146   4.7199E-02
  147   4.5140E-02
  148   4.2734E-02
  149   3.9206E-02
  150   3.6499E-02
  151   3.2827E-02
  152   2.9164E-02
  153   2.6026E-02
  154   2.2492E-02
  155   1.9289E-02
  156   1.6976E-02
  157   1.4490E-02
  158   1.1959E-02
  159   1.0202E-02
  160   8.3520E-03
  161   6.8420E-03
  162   5.7310E-03
  163   4.7960E-03
  164   3.7390E-03
  165   2.9850E-03
  166   2.4180E-03
  167   1.9610E-03
  168   1.5410E-03
  169   1.2330E-03
  170   8.5600E-04
  171   6.5600E-04
  172   5.6600E-04
  173   4.6200E-04
  174   3.2300E-04
  175   2.1000E-04
  176   1.8400E-04
  177   1.3000E-04
  178   1.0300E-04
  179   7.4000E-05
  180   4.6000E-05
  181   2.9000E-05
  182   2.6000E-05
  183   2.9000E-05
  184   2.7000E-05
  185   1.3000E-05
  186   9.0000E-06
  187   1.0000E-05
  188   6.0000E-06
  189   9.0000E-06
  190   4.0000E-06
