   55   3.0000E-06
   57   2.0000E-06
   58   2.0000E-06
   59   5.0000E-06
   60   7.0000E-06
   61   1.1000E-05
   62   8.0000E-06
   63   6.0000E-06
   64   1.8000E-05
   65   1.7000E-05
   66   2.7000E-05
   67   2.8000E-05
   68   3.1000E-05
   69   3.8000E-05
   70   5.0000E-05
   71   6.1000E-05
   72   8.1000E-05
   73   7.4000E-05
   74   1.0700E-04
   75   1.1100E-04
   76   1.4000E-04
   77   1.7100E-04
   78   1.8900E-04
   79   2.2000E-04
   80   2.5100E-04
   81   2.7700E-04
   82   3.5000E-04
   83   3.7900E-04
   84   4.4600E-04
   85   5.1600E-04
   86   6.0100E-04
   87   7.0600E-04
   88   7.9100E-04
   89   9.4100E-04
   90   1.2130E-03
   91   1.3440E-03
   92   1.5810E-03
   93   1.8900E-03
   94   2.0070E-03
   95   2.5310E-03
   96   3.0250E-03
   97   3.5690E-03
   98   4.0110E-03
   99   4.8440E-03
  100   5.7480E-03
  101   6.7320E-03
  102   8.0920E-03
  103   8.9820E-03
  104   1.0485E-02
  105   1.2258E-02
  106   1.4339E-02
  107   1.6183E-02
  108   1.8472E-02
  109   2.0954E-02
  110   2.3361E-02
  111   2.6024E-02
  112   2.8712E-02
  113   3.1772E-02
  114   3.4237E-02
  115   3.6882E-02
  116   3.9269E-02
  117   4.1012E-02
  118   4.2978E-02
  119   4.4377E-02
  120   4.4973E-02
  121   4.4737E-02
  122   4.4659E-02
  123   4.4085E-02
  124   4.3534E-02
  125   4.2379E-02
  126   4.0808E-02
  127   3.8843E-02
  128   3.6722E-02
  129   3.4793E-02
  130   3.2238E-02
  131   2.8801E-02
  132   2.6976E-02
  133   2.8888E-02
  134   3.1883E-02
  135   3.4980E-02
  136   3.6932E-02
  137   3.8944E-02
  138   4.0818E-02
  139   4.2383E-02
  140   4.3778E-02
  141   4.4420E-02
  142   4.4772E-02
  143   4.5331E-02
  144   4.5190E-02
  145   4.4681E-02
  146   4.2962E-02
  147   4.1789E-02
  148   3.9674E-02
  149   3.7184E-02
  150   3.4990E-02
  151   3.1997E-02
  152   2.9408E-02
  153   2.6284E-02
  154   2.4011E-02
  155   2.1339E-02
  156   1.8848E-02
  157   1.6721E-02
  158   1.4652E-02
  159   1.2748E-02
  160   1.0904E-02
  161   9.4530E-03
  162   8.1910E-03
  163   7.1750E-03
  164   6.0170E-03
  165   5.0890E-03
  166   4.2840E-03
  167   3.7560E-03
  168   3.2360E-03
  169   2.6940E-03
  170   2.2690E-03
  171   1.8880E-03
  172   1.7450E-03
  173   1.4550E-03
  174   1.2570E-03
  175   1.1250E-03
  176   8.6400E-04
  177   7.4900E-04
  178   6.8200E-04
  179   5.8800E-04
  180   4.9200E-04
  181   4.3200E-04
  182   3.6600E-04
  183   3.4000E-04
  184   2.7000E-04
  185   2.4300E-04
  186   2.1400E-04
  187   1.9200E-04
  188   1.6100E-04
  189   1.4100E-04
  190   1.1300E-04
