   56   2.0000E-06
   58   3.0000E-06
   61   8.0000E-06
   62   8.0000E-06
   63   5.0000E-06
   64   8.0000E-06
   65   1.1000E-05
   66   1.1000E-05
   67   1.8000E-05
   68   1.9000E-05
   69   2.5000E-05
   70   3.8000E-05
   71   2.4000E-05
   72   4.8000E-05
   73   6.0000E-05
   74   6.6000E-05
   75   6.7000E-05
   76   8.7000E-05
   77   1.0200E-04
   78   1.2100E-04
   79   1.5100E-04
   80   1.7600E-04
   81   1.6000E-04
   82   2.3000E-04
   83   2.7600E-04
   84   2.6500E-04
   85   4.1100E-04
   86   4.1900E-04
   87   4.8600E-04
   88   6.4600E-04
   89   7.1100E-04
   90   8.4900E-04
   91   9.5500E-04
   92   1.2250E-03
   93   1.3360E-03
   94   1.7080E-03
   95   2.1200E-03
   96   2.5380E-03
   97   2.9330E-03
   98   3.4390E-03
   99   4.0780E-03
  100   4.7670E-03
  101   5.7600E-03
  102   6.7050E-03
  103   7.7470E-03
  104   8.9550E-03
  105   1.0693E-02
  106   1.2378E-02
  107   1.4227E-02
  108   1.6295E-02
  109   1.8203E-02
  110   2.0672E-02
  111   2.2928E-02
  112   2.6179E-02
  113   2.8409E-02
  114   3.1534E-02
  115   3.4249E-02
  116   3.6726E-02
  117   3.9167E-02
  118   4.1646E-02
  119   4.3046E-02
  120   4.4431E-02
  121   4.4833E-02
  122   4.5628E-02
  123   4.4969E-02
  124   4.4638E-02
  125   4.3772E-02
  126   4.2663E-02
  127   4.1175E-02
  128   3.9691E-02
  129   3.7314E-02
  130   3.5083E-02
  131   3.2110E-02
  132   2.9074E-02
  133   2.7627E-02
  134   2.9552E-02
  135   3.2149E-02
  136   3.5454E-02
  137   3.7790E-02
  138   3.9562E-02
  139   4.1565E-02
  140   4.2842E-02
  141   4.3966E-02
  142   4.4912E-02
  143   4.5467E-02
  144   4.5861E-02
  145   4.5247E-02
  146   4.4663E-02
  147   4.3357E-02
  148   4.1703E-02
  149   3.9342E-02
  150   3.6899E-02
  151   3.4550E-02
  152   3.1394E-02
  153   2.8960E-02
  154   2.6336E-02
  155   2.3185E-02
  156   2.0915E-02
  157   1.8495E-02
  158   1.6360E-02
  159   1.4616E-02
  160   1.2664E-02
  161   1.0656E-02
  162   9.2420E-03
  163   7.9350E-03
  164   6.8850E-03
  165   5.8910E-03
  166   4.8990E-03
  167   4.1320E-03
  168   3.6040E-03
  169   3.0330E-03
  170   2.6100E-03
  171   2.1580E-03
  172   1.8120E-03
  173   1.4650E-03
  174   1.2470E-03
  175   1.0530E-03
  176   8.4900E-04
  177   7.9300E-04
  178   6.5700E-04
  179   5.8700E-04
  180   4.8100E-04
  181   3.9600E-04
  182   3.7900E-04
  183   2.5300E-04
  184   2.5100E-04
  185   2.1800E-04
  186   1.7000E-04
  187   1.7100E-04
  188   1.3700E-04
  189   1.2200E-04
  190   1.0000E-04
