   58   3.0000E-06
   59   5.0000E-06
   60   3.0000E-06
   61   2.0000E-06
   62   2.0000E-06
   63   7.0000E-06
   64   7.0000E-06
   65   7.0000E-06
   66   1.3000E-05
   67   1.2000E-05
   68   1.5000E-05
   69   1.3000E-05
   70   1.7000E-05
   71   2.6000E-05
   72   2.2000E-05
   73   2.7000E-05
   74   3.5000E-05
   75   4.6000E-05
   76   7.4000E-05
   77   7.3000E-05
   78   1.0200E-04
   79   1.1000E-04
   80   1.8000E-04
   81   2.1900E-04
   82   3.1900E-04
   83   3.9800E-04
   84   5.3700E-04
   85   7.5100E-04
   86   1.0650E-03
   87   1.4160E-03
   88   1.8010E-03
   89   2.4130E-03
   90   3.1920E-03
   91   4.0810E-03
   92   5.5410E-03
   93   7.0520E-03
   94   8.5290E-03
   95   1.0773E-02
   96   1.4233E-02
   97   1.6406E-02
   98   1.9657E-02
   99   2.3207E-02
  100   2.7160E-02
  101   3.0924E-02
  102   3.5898E-02
  103   3.9422E-02
  104   4.2544E-02
  105   4.6561E-02
  106   4.9610E-02
  107   5.1073E-02
  108   5.1514E-02
  109   5.2673E-02
  110   5.1656E-02
  111   5.0544E-02
  112   4.8514E-02
  113   4.5605E-02
  114   4.3239E-02
  115   4.0306E-02
  116   3.7177E-02
  117   3.2144E-02
  118   2.7392E-02
  119   2.2236E-02
  120   1.7627E-02
  121   1.3369E-02
  122   9.9680E-03
  123   7.4090E-03
  124   6.0260E-03
  125   7.4090E-03
  126   9.9680E-03
  127   1.3369E-02
  128   1.7627E-02
  129   2.2236E-02
  130   2.7392E-02
  131   3.2144E-02
  132   3.7177E-02
  133   4.0306E-02
  134   4.3239E-02
  135   4.5605E-02
  136   4.8514E-02
  137   5.0544E-02
  138   5.1656E-02
  139   5.2673E-02
  140   5.1514E-02
  141   5.1073E-02
  142   4.9610E-02
  143   4.6561E-02
  144   4.2544E-02
  145   3.9422E-02
  146   3.5898E-02
  147   3.0924E-02
  148   2.7160E-02
  149   2.3207E-02
  150   1.9657E-02
  151   1.6406E-02
  152   1.4233E-02
  153   1.0773E-02
  154   8.5290E-03
  155   7.0520E-03
  156   5.5410E-03
  157   4.0810E-03
  158   3.1920E-03
  159   2.4130E-03
  160   1.8010E-03
  161   1.4160E-03
  162   1.0650E-03
  163   7.5100E-04
  164   5.3700E-04
  165   3.9800E-04
  166   3.1900E-04
  167   2.1900E-04
  168   1.8000E-04
  169   1.1000E-04
  170   1.0200E-04
  171   7.3000E-05
  172   7.4000E-05
  173   4.6000E-05
  174   3.5000E-05
  175   2.7000E-05
  176   2.2000E-05
  177   2.6000E-05
  178   1.7000E-05
  179   1.3000E-05
  180   1.5000E-05
  181   1.2000E-05
  182   1.3000E-05
  183   7.0000E-06
  184   7.0000E-06
  185   7.0000E-06
  186   2.0000E-06
  187   2.0000E-06
  188   3.0000E-06
  189   5.0000E-06
  190   3.0000E-06
