   54   2.0000E-06
   60   2.0000E-06
   61   3.0000E-06
   62   4.0000E-06
   63   3.0000E-06
   64   2.0000E-06
   66   5.0000E-06
   67   5.0000E-06
   68   6.0000E-06
   69   1.0000E-05
   70   1.4000E-05
   71   8.0000E-06
   72   1.7000E-05
   73   5.0000E-06
   74   2.3000E-05
   75   2.8000E-05
   76   3.7000E-05
   77   5.8000E-05
   78   6.3000E-05
   79   8.5000E-05
   80   1.4600E-04
   81   1.7900E-04
   82   2.8800E-04
   83   3.2300E-04
   84   4.3000E-04
   85   6.5400E-04
   86   9.1200E-04
   87   1.1700E-03
   88   1.5930E-03
   89   2.1190E-03
   90   2.6600E-03
   91   3.4860E-03
   92   4.9350E-03
   93   5.9440E-03
   94   7.3190E-03
   95   9.5190E-03
   96   1.2242E-02
   97   1.4415E-02
   98   1.8034E-02
   99   2.1085E-02
  100   2.4502E-02
  101   2.9193E-02
  102   3.3780E-02
  103   3.7027E-02
  104   4.1317E-02
  105   4.4837E-02
  106   4.8728E-02
  107   5.0634E-02
  108   5.2641E-02
  109   5.2982E-02
  110   5.2724E-02
  111   5.1824E-02
  112   5.0443E-02
  113   4.7755E-02
  114   4.4980E-02
  115   4.2646E-02
  116   3.8816E-02
  117   3.4743E-02
  118   2.9595E-02
  119   2.4511E-02
  120   1.9402E-02
  121   1.4842E-02
  122   1.0871E-02
  123   7.8830E-03
  124   5.4580E-03
  125   5.4580E-03
  126   7.8830E-03
  127   1.0871E-02
  128   1.4842E-02
  129   1.9402E-02
  130   2.4511E-02
  131   2.9595E-02
  132   3.4743E-02
  133   3.8816E-02
  134   4.2646E-02
  135   4.4980E-02
  136   4.7755E-02
  137   5.0443E-02
  138   5.1824E-02
  139   5.2724E-02
  140   5.2982E-02
  141   5.2641E-02
  142   5.0634E-02
  143   4.8728E-02
  144   4.4837E-02
  145   4.1317E-02
  146   3.7027E-02
  147   3.3780E-02
  148   2.9193E-02
  149   2.4502E-02
  150   2.1085E-02
  151   1.8034E-02
  152   1.4415E-02
  153   1.2242E-02
  154   9.5190E-03
  155   7.3190E-03
  156   5.9440E-03
  157   4.9350E-03
  158   3.4860E-03
  159   2.6600E-03
  160   2.1190E-03
  161   1.5930E-03
  162   1.1700E-03
  163   9.1200E-04
  164   6.5400E-04
  165   4.3000E-04
  166   3.2300E-04
  167   2.8800E-04
  168   1.7900E-04
  169   1.4600E-04
  170   8.5000E-05
  171   6.3000E-05
  172   5.8000E-05
  173   3.7000E-05
  174   2.8000E-05
  175   2.3000E-05
  176   5.0000E-06
  177   1.7000E-05
  178   8.0000E-06
  179   1.4000E-05
  180   1.0000E-05
  181   6.0000E-06
  182   5.0000E-06
  183   5.0000E-06
  185   2.0000E-06
  186   3.0000E-06
  187   4.0000E-06
  188   3.0000E-06
  189   2.0000E-06
