   51   2.0000E-06
   52   3.0000E-06
   53   2.0000E-06
   56   4.0000E-06
   58   4.0000E-06
   59   3.0000E-06
   60   9.0000E-06
   61   3.0000E-06
   62   8.0000E-06
   63   1.3000E-05
   64   8.0000E-06
   65   1.3000E-05
   66   1.3000E-05
   67   2.1000E-05
   68   2.5000E-05
   69   3.5000E-05
   70   4.5000E-05
   71   4.5000E-05
   72   5.3000E-05
   73   6.2000E-05
   74   7.7000E-05
   75   8.9000E-05
   76   1.2400E-04
   77   1.1900E-04
   78   1.6600E-04
   79   1.8100E-04
   80   2.6300E-04
   81   3.0500E-04
   82   4.6800E-04
   83   5.2400E-04
   84   6.6600E-04
   85   8.4000E-04
   86   1.2880E-03
   87   1.6230E-03
   88   2.0240E-03
   89   2.6860E-03
   90   3.3360E-03
   91   4.3010E-03
   92   5.8200E-03
   93   7.1200E-03
   94   8.7040E-03
   95   1.1004E-02
   96   1.4104E-02
   97   1.6283E-02
   98   1.9484E-02
   99   2.3198E-02
  100   2.6731E-02
  101   3.0622E-02
  102   3.5258E-02
  103   3.8247E-02
  104   4.1419E-02
  105   4.4893E-02
  106   4.7575E-02
  107   4.8676E-02
  108   5.0330E-02
  109   5.1075E-02
  110   5.0312E-02
  111   4.8981E-02
  112   4.7515E-02
  113   4.5597E-02
  114   4.3370E-02
  115   4.0594E-02
  116   3.7512E-02
  117   3.3345E-02
  118   2.8600E-02
  119   2.3676E-02
  120   1.9376E-02
  121   1.5525E-02
  122   1.2208E-02
  123   9.4380E-03
  124   7.8480E-03
  125   9.4380E-03
  126   1.2208E-02
  127   1.5525E-02
  128   1.9376E-02
  129   2.3676E-02
  130   2.8600E-02
  131   3.3345E-02
  132   3.7512E-02
  133   4.0594E-02
  134   4.3370E-02
  135   4.5597E-02
  136   4.7515E-02
  137   4.8981E-02
  138   5.0312E-02
  139   5.1075E-02
  140   5.0330E-02
  141   4.8676E-02
  142   4.7575E-02
  143   4.4893E-02
  144   4.1419E-02
  145   3.8247E-02
  146   3.5258E-02
  147   3.0622E-02
  148   2.6731E-02
  149   2.3198E-02
  150   1.9484E-02
  151   1.6283E-02
  152   1.4104E-02
  153   1.1004E-02
  154   8.7040E-03
  155   7.1200E-03
  156   5.8200E-03
  157   4.3010E-03
  158   3.3360E-03
  159   2.6860E-03
  160   2.0240E-03
  161   1.6230E-03
  162   1.2880E-03
  163   8.4000E-04
  164   6.6600E-04
  165   5.2400E-04
  166   4.6800E-04
  167   3.0500E-04
  168   2.6300E-04
  169   1.8100E-04
  170   1.6600E-04
  171   1.1900E-04
  172   1.2400E-04
  173   8.9000E-05
  174   7.7000E-05
  175   6.2000E-05
  176   5.3000E-05
  177   4.5000E-05
  178   4.5000E-05
  179   3.5000E-05
  180   2.5000E-05
  181   2.1000E-05
  182   1.3000E-05
  183   1.3000E-05
  184   8.0000E-06
  185   1.3000E-05
  186   8.0000E-06
  187   3.0000E-06
  188   9.0000E-06
  189   3.0000E-06
  190   4.0000E-06
