   48   3.0000E-06
   52   2.0000E-06
   54   2.0000E-06
   56   4.0000E-06
   57   7.0000E-06
   58   1.0000E-05
   59   1.5000E-05
   60   1.5000E-05
   61   2.0000E-05
   62   2.3000E-05
   63   2.8000E-05
   64   3.7000E-05
   65   4.0000E-05
   66   4.1000E-05
   67   5.0000E-05
   68   5.5000E-05
   69   7.1000E-05
   70   7.7000E-05
   71   9.6000E-05
   72   1.3000E-04
   73   1.2700E-04
   74   1.4400E-04
   75   2.1800E-04
   76   2.2100E-04
   77   2.8700E-04
   78   2.9000E-04
   79   3.8800E-04
   80   4.6300E-04
   81   5.3900E-04
   82   7.5400E-04
   83   8.3700E-04
   84   1.0520E-03
   85   1.3700E-03
   86   1.8930E-03
   87   2.1970E-03
   88   2.7700E-03
   89   3.5790E-03
   90   4.4740E-03
   91   5.7440E-03
   92   7.3510E-03
   93   8.7060E-03
   94   1.0405E-02
   95   1.2678E-02
   96   1.6064E-02
   97   1.8243E-02
   98   2.1502E-02
   99   2.4674E-02
  100   2.8454E-02
  101   3.1510E-02
  102   3.5543E-02
  103   3.8858E-02
  104   4.1329E-02
  105   4.4131E-02
  106   4.6418E-02
  107   4.7997E-02
  108   4.8099E-02
  109   4.8566E-02
  110   4.7352E-02
  111   4.6655E-02
  112   4.5093E-02
  113   4.3484E-02
  114   4.1090E-02
  115   3.8589E-02
  116   3.5212E-02
  117   3.1412E-02
  118   2.7362E-02
  119   2.3600E-02
  120   1.9641E-02
  121   1.6497E-02
  122   1.3814E-02
  123   1.1542E-02
  124   1.1542E-02
  125   1.3814E-02
  126   1.6497E-02
  127   1.9641E-02
  128   2.3600E-02
  129   2.7362E-02
  130   3.1412E-02
  131   3.5212E-02
  132   3.8589E-02
  133   4.1090E-02
  134   4.3484E-02
  135   4.5093E-02
  136   4.6655E-02
  137   4.7352E-02
  138   4.8566E-02
  139   4.8099E-02
  140   4.8001E-02
  141   4.6417E-02
  142   4.4128E-02
  143   4.1331E-02
  144   3.8856E-02
  145   3.5543E-02
  146   3.1510E-02
  147   2.8454E-02
  148   2.4674E-02
  149   2.1502E-02
  150   1.8243E-02
  151   1.6064E-02
  152   1.2678E-02
  153   1.0405E-02
  154   8.7060E-03
  155   7.3510E-03
  156   5.7440E-03
  157   4.4740E-03
  158   3.5790E-03
  159   2.7700E-03
  160   2.1970E-03
  161   1.8930E-03
  162   1.3700E-03
  163   1.0520E-03
  164   8.3700E-04
  165   7.5400E-04
  166   5.3900E-04
  167   4.6300E-04
  168   3.8800E-04
  169   2.9000E-04
  170   2.8700E-04
  171   2.2100E-04
  172   2.1800E-04
  173   1.4400E-04
  174   1.2700E-04
  175   1.3000E-04
  176   9.6000E-05
  177   7.7000E-05
  178   7.1000E-05
  179   5.5000E-05
  180   5.0000E-05
  181   4.1000E-05
  182   4.0000E-05
  183   3.7000E-05
  184   2.8000E-05
  185   2.3000E-05
  186   2.0000E-05
  187   1.5000E-05
  188   1.5000E-05
  189   1.0000E-05
  190   7.0000E-06
