   55   2.0000E-06
   56   3.0000E-06
   57   5.0000E-06
   58   2.0000E-06
   59   2.0000E-06
   60   5.0000E-06
   61   2.0000E-06
   62   7.0000E-06
   63   1.0000E-05
   64   1.1000E-05
   65   1.2000E-05
   66   7.0000E-06
   67   9.0000E-06
   68   1.9000E-05
   69   2.1000E-05
   70   3.1000E-05
   71   3.0000E-05
   72   5.4000E-05
   73   3.8000E-05
   74   4.8000E-05
   75   7.3000E-05
   76   1.0400E-04
   77   7.5000E-05
   78   1.3500E-04
   79   1.6200E-04
   80   2.0800E-04
   81   2.7000E-04
   82   4.0600E-04
   83   4.7400E-04
   84   6.2400E-04
   85   8.5900E-04
   86   1.2420E-03
   87   1.5920E-03
   88   2.0850E-03
   89   2.8970E-03
   90   3.8560E-03
   91   4.8110E-03
   92   6.4800E-03
   93   7.9560E-03
   94   9.8240E-03
   95   1.2620E-02
   96   1.5881E-02
   97   1.8354E-02
   98   2.1707E-02
   99   2.5814E-02
  100   3.0135E-02
  101   3.4055E-02
  102   3.8103E-02
  103   4.2313E-02
  104   4.5112E-02
  105   4.8018E-02
  106   5.1054E-02
  107   5.2441E-02
  108   5.2200E-02
  109   5.2478E-02
  110   5.0708E-02
  111   4.9322E-02
  112   4.6865E-02
  113   4.4415E-02
  114   4.1518E-02
  115   3.8134E-02
  116   3.3792E-02
  117   2.8511E-02
  118   2.3570E-02
  119   1.8926E-02
  120   1.4429E-02
  121   1.0874E-02
  122   8.0570E-03
  123   6.1200E-03
  124   6.1200E-03
  125   8.0570E-03
  126   1.0874E-02
  127   1.4429E-02
  128   1.8926E-02
  129   2.3570E-02
  130   2.8511E-02
  131   3.3792E-02
  132   3.8134E-02
  133   4.1518E-02
  134   4.4415E-02
  135   4.6865E-02
  136   4.9322E-02
  137   5.0708E-02
  138   5.2478E-02
  139   5.2200E-02
  140   5.2441E-02
  141   5.1054E-02
  142   4.8018E-02
  143   4.5112E-02
  144   4.2313E-02
  145   3.8103E-02
  146   3.4055E-02
  147   3.0135E-02
  148   2.5814E-02
  149   2.1707E-02
  150   1.8354E-02
  151   1.5881E-02
  152   1.2620E-02
  153   9.8240E-03
  154   7.9560E-03
  155   6.4800E-03
  156   4.8110E-03
  157   3.8560E-03
  158   2.8970E-03
  159   2.0850E-03
  160   1.5920E-03
  161   1.2420E-03
  162   8.5900E-04
  163   6.2400E-04
  164   4.7400E-04
  165   4.0600E-04
  166   2.7000E-04
  167   2.0800E-04
  168   1.6200E-04
  169   1.3500E-04
  170   7.5000E-05
  171   1.0400E-04
  172   7.3000E-05
  173   4.8000E-05
  174   3.8000E-05
  175   5.4000E-05
  176   3.0000E-05
  177   3.1000E-05
  178   2.1000E-05
  179   1.9000E-05
  180   9.0000E-06
  181   7.0000E-06
  182   1.2000E-05
  183   1.1000E-05
  184   1.0000E-05
  185   7.0000E-06
  186   2.0000E-06
  187   5.0000E-06
  188   2.0000E-06
  189   2.0000E-06
  190   5.0000E-06
