   53   2.0000E-06
   60   4.0000E-06
   61   5.0000E-06
   62   5.0000E-06
   63   6.0000E-06
   64   1.4000E-05
   65   1.1000E-05
   66   1.7000E-05
   67   1.2000E-05
   68   2.4000E-05
   69   3.8000E-05
   70   2.9000E-05
   71   4.0000E-05
   72   5.4000E-05
   73   4.2000E-05
   74   7.6000E-05
   75   7.8000E-05
   76   9.9000E-05
   77   1.2800E-04
   78   1.7900E-04
   79   1.8400E-04
   80   2.3600E-04
   81   2.8400E-04
   82   3.3200E-04
   83   4.2600E-04
   84   5.6300E-04
   85   7.0300E-04
   86   7.8700E-04
   87   1.0590E-03
   88   1.3800E-03
   89   1.6790E-03
   90   2.1440E-03
   91   2.6930E-03
   92   3.4220E-03
   93   4.1460E-03
   94   5.3810E-03
   95   6.6620E-03
   96   7.7130E-03
   97   9.7070E-03
   98   1.2025E-02
   99   1.4014E-02
  100   1.6553E-02
  101   1.9744E-02
  102   2.2380E-02
  103   2.6105E-02
  104   2.9586E-02
  105   3.2875E-02
  106   3.5992E-02
  107   3.9110E-02
  108   4.2091E-02
  109   4.4568E-02
  110   4.5841E-02
  111   4.7161E-02
  112   4.7636E-02
  113   4.7590E-02
  114   4.6962E-02
  115   4.5615E-02
  116   4.4303E-02
  117   4.2280E-02
  118   4.0536E-02
  119   3.8356E-02
  120   3.4658E-02
  121   3.1301E-02
  122   2.7488E-02
  123   2.3790E-02
  124   2.0156E-02
  125   1.6850E-02
  126   1.4461E-02
  127   1.4734E-02
  128   1.7369E-02
  129   2.0839E-02
  130   2.4634E-02
  131   2.8357E-02
  132   3.2095E-02
  133   3.5594E-02
  134   3.9014E-02
  135   4.1006E-02
  136   4.2683E-02
  137   4.4684E-02
  138   4.6203E-02
  139   4.7271E-02
  140   4.7642E-02
  141   4.7738E-02
  142   4.6891E-02
  143   4.5812E-02
  144   4.4045E-02
  145   4.1587E-02
  146   3.8469E-02
  147   3.5276E-02
  148   3.2263E-02
  149   2.9080E-02
  150   2.5303E-02
  151   2.1892E-02
  152   1.9025E-02
  153   1.6141E-02
  154   1.3577E-02
  155   1.1634E-02
  156   9.3570E-03
  157   7.4530E-03
  158   6.4250E-03
  159   5.2060E-03
  160   4.0320E-03
  161   3.2580E-03
  162   2.5850E-03
  163   2.0720E-03
  164   1.6160E-03
  165   1.3220E-03
  166   1.0200E-03
  167   7.5900E-04
  168   6.8400E-04
  169   5.4400E-04
  170   4.2400E-04
  171   3.1600E-04
  172   2.7900E-04
  173   2.3300E-04
  174   1.8200E-04
  175   1.7700E-04
  176   1.2700E-04
  177   9.7000E-05
  178   7.8000E-05
  179   7.6000E-05
  180   4.2000E-05
  181   5.4000E-05
  182   4.0000E-05
  183   2.9000E-05
  184   3.8000E-05
  185   2.4000E-05
  186   1.2000E-05
  187   1.7000E-05
  188   1.1000E-05
  189   1.4000E-05
  190   6.0000E-06
