   63   3.0000E-06
   66   4.0000E-06
   67   2.0000E-06
   68   5.0000E-06
   69   4.0000E-06
   70   2.0000E-06
   71   6.0000E-06
   72   5.0000E-06
   73   1.1000E-05
   74   8.0000E-06
   75   2.2000E-05
   76   2.3000E-05
   77   4.0000E-05
   78   5.3000E-05
   79   6.0000E-05
   80   8.7000E-05
   81   1.1600E-04
   82   1.7600E-04
   83   2.5400E-04
   84   3.6100E-04
   85   4.5500E-04
   86   6.4700E-04
   87   8.8200E-04
   88   1.2290E-03
   89   1.6210E-03
   90   2.0630E-03
   91   2.8240E-03
   92   3.9390E-03
   93   4.5520E-03
   94   5.9410E-03
   95   7.5660E-03
   96   9.2170E-03
   97   1.1469E-02
   98   1.4487E-02
   99   1.7077E-02
  100   1.9653E-02
  101   2.4090E-02
  102   2.8539E-02
  103   3.2115E-02
  104   3.5975E-02
  105   4.0263E-02
  106   4.3717E-02
  107   4.7207E-02
  108   5.0170E-02
  109   5.1646E-02
  110   5.2718E-02
  111   5.2703E-02
  112   5.2079E-02
  113   5.0433E-02
  114   4.8234E-02
  115   4.5891E-02
  116   4.2877E-02
  117   4.0118E-02
  118   3.6145E-02
  119   3.1088E-02
  120   2.5911E-02
  121   2.0982E-02
  122   1.6194E-02
  123   1.1812E-02
  124   8.4360E-03
  125   5.7630E-03
  126   5.7630E-03
  127   8.4360E-03
  128   1.1812E-02
  129   1.6194E-02
  130   2.0982E-02
  131   2.5911E-02
  132   3.1088E-02
  133   3.6145E-02
  134   4.0118E-02
  135   4.2877E-02
  136   4.5891E-02
  137   4.8234E-02
  138   5.0433E-02
  139   5.2079E-02
  140   5.2703E-02
  141   5.2718E-02
  142   5.1646E-02
  143   5.0170E-02
  144   4.7207E-02
  145   4.3717E-02
  146   4.0263E-02
  147   3.5975E-02
  148   3.2115E-02
  149   2.8539E-02
  150   2.4090E-02
  151   1.9653E-02
  152   1.7077E-02
  153   1.4487E-02
  154   1.1469E-02
  155   9.2170E-03
  156   7.5660E-03
  157   5.9410E-03
  158   4.5520E-03
  159   3.9390E-03
  160   2.8240E-03
  161   2.0630E-03
  162   1.6210E-03
  163   1.2290E-03
  164   8.8200E-04
  165   6.4700E-04
  166   4.5500E-04
  167   3.6100E-04
  168   2.5400E-04
  169   1.7600E-04
  170   1.1600E-04
  171   8.7000E-05
  172   6.0000E-05
  173   5.3000E-05
  174   4.0000E-05
  175   2.3000E-05
  176   2.2000E-05
  177   8.0000E-06
  178   1.1000E-05
  179   5.0000E-06
  180   6.0000E-06
  181   2.0000E-06
  182   4.0000E-06
  183   5.0000E-06
  184   2.0000E-06
  185   4.0000E-06
  188   3.0000E-06
