   68   2.0000E-06
   70   2.0000E-06
   71   2.0000E-06
   73   4.0000E-06
   74   7.0000E-06
   75   1.1000E-05
   76   8.0000E-06
   77   3.0000E-05
   78   4.2000E-05
   79   3.8000E-05
   80   5.7000E-05
   81   1.1000E-04
   82   1.9300E-04
   83   2.2100E-04
   84   3.6600E-04
   85   4.6400E-04
   86   6.3500E-04
   87   9.4900E-04
   88   1.3610E-03
   89   1.6190E-03
   90   2.1710E-03
   91   2.7830E-03
   92   3.7430E-03
   93   4.5900E-03
   94   5.8310E-03
   95   7.1500E-03
   96   8.6140E-03
   97   1.0752E-02
   98   1.3522E-02
   99   1.5608E-02
  100   1.8284E-02
  101   2.1795E-02
  102   2.5625E-02
  103   2.9564E-02
  104   3.3302E-02
  105   3.7635E-02
  106   4.1110E-02
  107   4.5102E-02
  108   4.8717E-02
  109   5.0654E-02
  110   5.1871E-02
  111   5.3024E-02
  112   5.2507E-02
  113   5.2082E-02
  114   4.9532E-02
  115   4.7274E-02
  116   4.4580E-02
  117   4.1565E-02
  118   3.8131E-02
  119   3.3646E-02
  120   2.8574E-02
  121   2.3773E-02
  122   1.8167E-02
  123   1.3745E-02
  124   9.7700E-03
  125   6.5690E-03
  126   4.9900E-03
  127   6.5690E-03
  128   9.7700E-03
  129   1.3745E-02
  130   1.8167E-02
  131   2.3773E-02
  132   2.8574E-02
  133   3.3646E-02
  134   3.8131E-02
  135   4.1565E-02
  136   4.4580E-02
  137   4.7274E-02
  138   4.9532E-02
  139   5.2082E-02
  140   5.2507E-02
  141   5.3024E-02
  142   5.1871E-02
  143   5.0654E-02
  144   4.8717E-02
  145   4.5102E-02
  146   4.1110E-02
  147   3.7635E-02
  148   3.3302E-02
  149   2.9564E-02
  150   2.5625E-02
  151   2.1795E-02
  152   1.8284E-02
  153   1.5608E-02
  154   1.3522E-02
  155   1.0752E-02
  156   8.6140E-03
  157   7.1500E-03
  158   5.8310E-03
  159   4.5900E-03
  160   3.7430E-03
  161   2.7830E-03
  162   2.1710E-03
  163   1.6190E-03
  164   1.3610E-03
  165   9.4900E-04
  166   6.3500E-04
  167   4.6400E-04
  168   3.6600E-04
  169   2.2100E-04
  170   1.9300E-04
  171   1.1000E-04
  172   5.7000E-05
  173   3.8000E-05
  174   4.2000E-05
  175   3.0000E-05
  176   8.0000E-06
  177   1.1000E-05
  178   7.0000E-06
  179   4.0000E-06
  181   2.0000E-06
  182   2.0000E-06
  184   2.0000E-06
