   72   2.0000E-06
   74   3.0000E-06
   75   7.0000E-06
   76   4.0000E-06
   77   1.6000E-05
   78   1.6000E-05
   79   2.1000E-05
   80   5.1000E-05
   81   6.1000E-05
   82   7.5000E-05
   83   1.1900E-04
   84   1.8000E-04
   85   2.1300E-04
   86   3.2100E-04
   87   4.5900E-04
   88   6.2600E-04
   89   8.6400E-04
   90   1.1380E-03
   91   1.4800E-03
   92   1.8220E-03
   93   2.4350E-03
   94   3.3330E-03
   95   3.9700E-03
   96   4.8810E-03
   97   5.9930E-03
   98   7.1880E-03
   99   8.9140E-03
  100   1.1116E-02
  101   1.3137E-02
  102   1.5200E-02
  103   1.8265E-02
  104   2.1358E-02
  105   2.4794E-02
  106   2.8782E-02
  107   3.1709E-02
  108   3.5380E-02
  109   3.9400E-02
  110   4.2763E-02
  111   4.5503E-02
  112   4.7579E-02
  113   4.9647E-02
  114   5.0418E-02
  115   5.0606E-02
  116   4.9676E-02
  117   4.8853E-02
  118   4.6643E-02
  119   4.4619E-02
  120   4.2256E-02
  121   3.9993E-02
  122   3.6372E-02
  123   3.1761E-02
  124   2.7164E-02
  125   2.1930E-02
  126   1.7601E-02
  127   1.3316E-02
  128   9.9400E-03
  129   9.9400E-03
  130   1.3316E-02
  131   1.7601E-02
  132   2.1930E-02
  133   2.7164E-02
  134   3.1761E-02
  135   3.6372E-02
  136   3.9993E-02
  137   4.2256E-02
  138   4.4619E-02
  139   4.6643E-02
  140   4.8853E-02
  141   4.9676E-02
  142   5.0606E-02
  143   5.0418E-02
  144   4.9647E-02
  145   4.7579E-02
  146   4.5503E-02
  147   4.2763E-02
  148   3.9400E-02
  149   3.5380E-02
  150   3.1709E-02
  151   2.8782E-02
  152   2.4794E-02
  153   2.1358E-02
  154   1.8265E-02
  155   1.5200E-02
  156   1.3137E-02
  157   1.1116E-02
  158   8.9140E-03
  159   7.1880E-03
  160   5.9930E-03
  161   4.8810E-03
  162   3.9700E-03
  163   3.3330E-03
  164   2.4350E-03
  165   1.8220E-03
  166   1.4800E-03
  167   1.1380E-03
  168   8.6400E-04
  169   6.2600E-04
  170   4.5900E-04
  171   3.2100E-04
  172   2.1300E-04
  173   1.8000E-04
  174   1.1900E-04
  175   7.5000E-05
  176   6.1000E-05
  177   5.1000E-05
  178   2.1000E-05
  179   1.6000E-05
  180   1.6000E-05
  181   4.0000E-06
  182   7.0000E-06
  183   3.0000E-06
  185   2.0000E-06
