   76   3.0000E-06
   77   2.0000E-06
   78   2.0000E-06
   79   1.5000E-05
   80   1.5000E-05
   81   3.0000E-05
   82   5.5000E-05
   83   7.6000E-05
   84   1.2500E-04
   85   1.7900E-04
   86   2.8700E-04
   87   3.6800E-04
   88   5.6800E-04
   89   7.3000E-04
   90   1.0130E-03
   91   1.3030E-03
   92   1.7660E-03
   93   2.1580E-03
   94   2.7090E-03
   95   3.3550E-03
   96   4.5870E-03
   97   5.1960E-03
   98   6.2070E-03
   99   7.4910E-03
  100   9.1500E-03
  101   1.0820E-02
  102   1.2870E-02
  103   1.4762E-02
  104   1.6659E-02
  105   1.9816E-02
  106   2.2720E-02
  107   2.5537E-02
  108   2.8724E-02
  109   3.2331E-02
  110   3.5502E-02
  111   3.8969E-02
  112   4.2390E-02
  113   4.4247E-02
  114   4.6563E-02
  115   4.8252E-02
  116   4.8952E-02
  117   4.9511E-02
  118   4.8005E-02
  119   4.7115E-02
  120   4.5637E-02
  121   4.3085E-02
  122   4.0887E-02
  123   3.8149E-02
  124   3.5335E-02
  125   3.1688E-02
  126   2.6495E-02
  127   2.1784E-02
  128   1.7502E-02
  129   1.3243E-02
  130   1.0821E-02
  131   1.3656E-02
  132   1.7833E-02
  133   2.2277E-02
  134   2.7174E-02
  135   3.2144E-02
  136   3.5704E-02
  137   3.8538E-02
  138   4.1258E-02
  139   4.3226E-02
  140   4.5934E-02
  141   4.7167E-02
  142   4.8190E-02
  143   4.9607E-02
  144   4.8853E-02
  145   4.8218E-02
  146   4.6344E-02
  147   4.4160E-02
  148   4.2056E-02
  149   3.8628E-02
  150   3.5195E-02
  151   3.2063E-02
  152   2.8435E-02
  153   2.5250E-02
  154   2.2537E-02
  155   1.9408E-02
  156   1.6515E-02
  157   1.4594E-02
  158   1.2656E-02
  159   1.0716E-02
  160   8.9170E-03
  161   7.2810E-03
  162   6.0170E-03
  163   5.1360E-03
  164   4.3680E-03
  165   3.2570E-03
  166   2.5820E-03
  167   2.0720E-03
  168   1.6480E-03
  169   1.2380E-03
  170   9.5800E-04
  171   6.9900E-04
  172   5.2900E-04
  173   3.5800E-04
  174   2.6100E-04
  175   1.7400E-04
  176   1.1400E-04
  177   6.7000E-05
  178   6.0000E-05
  179   2.2000E-05
  180   1.8000E-05
  181   1.2000E-05
  182   2.0000E-06
  183   2.0000E-06
  184   3.0000E-06
