   66   2.0000E-06
   69   2.0000E-06
   70   2.0000E-06
   71   5.0000E-06
   72   7.0000E-06
   73   7.0000E-06
   74   1.0000E-05
   75   1.5000E-05
   76   1.8000E-05
   77   3.2000E-05
   78   3.9000E-05
   79   6.8000E-05
   80   9.4000E-05
   81   1.0300E-04
   82   1.6900E-04
   83   2.2900E-04
   84   3.6600E-04
   85   4.9100E-04
   86   6.9600E-04
   87   9.2400E-04
   88   1.2980E-03
   89   1.6980E-03
   90   2.1950E-03
   91   2.8330E-03
   92   4.0000E-03
   93   4.6450E-03
   94   5.9790E-03
   95   7.4920E-03
   96   9.2760E-03
   97   1.1728E-02
   98   1.4667E-02
   99   1.7309E-02
  100   1.9956E-02
  101   2.4019E-02
  102   2.8490E-02
  103   3.2185E-02
  104   3.5969E-02
  105   4.0453E-02
  106   4.3738E-02
  107   4.7048E-02
  108   5.0389E-02
  109   5.1486E-02
  110   5.2655E-02
  111   5.3347E-02
  112   5.1989E-02
  113   5.0369E-02
  114   4.8463E-02
  115   4.6136E-02
  116   4.3215E-02
  117   3.9967E-02
  118   3.5898E-02
  119   3.1129E-02
  120   2.5994E-02
  121   2.0332E-02
  122   1.5593E-02
  123   1.1156E-02
  124   8.0610E-03
  125   5.5370E-03
  126   5.5370E-03
  127   8.0610E-03
  128   1.1156E-02
  129   1.5593E-02
  130   2.0332E-02
  131   2.5994E-02
  132   3.1129E-02
  133   3.5898E-02
  134   3.9967E-02
  135   4.3215E-02
  136   4.6136E-02
  137   4.8463E-02
  138   5.0369E-02
  139   5.1989E-02
  140   5.3347E-02
  141   5.2655E-02
  142   5.1486E-02
  143   5.0389E-02
  144   4.7048E-02
  145   4.3738E-02
  146   4.0453E-02
  147   3.5969E-02
  148   3.2185E-02
  149   2.8490E-02
  150   2.4019E-02
  151   1.9956E-02
  152   1.7309E-02
  153   1.4667E-02
  154   1.1728E-02
  155   9.2760E-03
  156   7.4920E-03
  157   5.9790E-03
  158   4.6450E-03
  159   4.0000E-03
  160   2.8330E-03
  161   2.1950E-03
  162   1.6980E-03
  163   1.2980E-03
  164   9.2400E-04
  165   6.9600E-04
  166   4.9100E-04
  167   3.6600E-04
  168   2.2900E-04
  169   1.6900E-04
  170   1.0300E-04
  171   9.4000E-05
  172   6.8000E-05
  173   3.9000E-05
  174   3.2000E-05
  175   1.8000E-05
  176   1.5000E-05
  177   1.0000E-05
  178   7.0000E-06
  179   7.0000E-06
  180   5.0000E-06
  181   2.0000E-06
  182   2.0000E-06
  185   2.0000E-06
