   67   2.0000E-06
   69   2.0000E-06
   72   5.0000E-06
   73   2.0000E-06
   74   4.0000E-06
   75   8.0000E-06
   76   1.0000E-05
   77   1.6000E-05
   78   2.9000E-05
   79   2.8000E-05
   80   7.9000E-05
   81   7.2000E-05
   82   1.5100E-04
   83   1.9000E-04
   84   3.6100E-04
   85   4.5000E-04
   86   5.9100E-04
   87   8.8000E-04
   88   1.2640E-03
   89   1.4840E-03
   90   2.0370E-03
   91   2.7510E-03
   92   3.6580E-03
   93   4.2470E-03
   94   5.6890E-03
   95   6.7400E-03
   96   8.0520E-03
   97   9.8050E-03
   98   1.2610E-02
   99   1.4294E-02
  100   1.6893E-02
  101   2.0248E-02
  102   2.3554E-02
  103   2.7312E-02
  104   3.1550E-02
  105   3.5037E-02
  106   3.8586E-02
  107   4.2599E-02
  108   4.6700E-02
  109   4.8685E-02
  110   5.0958E-02
  111   5.2361E-02
  112   5.2367E-02
  113   5.1883E-02
  114   5.0547E-02
  115   4.7891E-02
  116   4.6051E-02
  117   4.3005E-02
  118   4.0472E-02
  119   3.6430E-02
  120   3.2142E-02
  121   2.6587E-02
  122   2.0825E-02
  123   1.6204E-02
  124   1.1842E-02
  125   8.1460E-03
  126   5.5910E-03
  127   5.5910E-03
  128   8.1460E-03
  129   1.1842E-02
  130   1.6204E-02
  131   2.0825E-02
  132   2.6587E-02
  133   3.2142E-02
  134   3.6430E-02
  135   4.0472E-02
  136   4.3005E-02
  137   4.6051E-02
  138   4.7891E-02
  139   5.0547E-02
  140   5.1883E-02
  141   5.2367E-02
  142   5.2361E-02
  143   5.0958E-02
  144   4.8685E-02
  145   4.6700E-02
  146   4.2599E-02
  147   3.8586E-02
  148   3.5037E-02
  149   3.1550E-02
  150   2.7312E-02
  151   2.3554E-02
  152   2.0248E-02
  153   1.6893E-02
  154   1.4294E-02
  155   1.2610E-02
  156   9.8050E-03
  157   8.0520E-03
  158   6.7400E-03
  159   5.6890E-03
  160   4.2470E-03
  161   3.6580E-03
  162   2.7510E-03
  163   2.0370E-03
  164   1.4840E-03
  165   1.2640E-03
  166   8.8000E-04
  167   5.9100E-04
  168   4.5000E-04
  169   3.6100E-04
  170   1.9000E-04
  171   1.5100E-04
  172   7.2000E-05
  173   7.9000E-05
  174   2.8000E-05
  175   2.9000E-05
  176   1.6000E-05
  177   1.0000E-05
  178   8.0000E-06
  179   4.0000E-06
  180   2.0000E-06
  181   5.0000E-06
  184   2.0000E-06
  186   2.0000E-06
