   65   3.0000E-06
   71   3.0000E-06
   74   4.0000E-06
   75   7.0000E-06
   76   1.3000E-05
   77   1.9000E-05
   78   2.4000E-05
   79   2.5000E-05
   80   5.0000E-05
   81   7.7000E-05
   82   1.2500E-04
   83   1.4800E-04
   84   2.5200E-04
   85   3.3500E-04
   86   4.4200E-04
   87   6.7000E-04
   88   9.7000E-04
   89   1.1730E-03
   90   1.6370E-03
   91   2.1190E-03
   92   2.5990E-03
   93   3.3270E-03
   94   4.5040E-03
   95   5.2470E-03
   96   6.3500E-03
   97   7.7890E-03
   98   9.6080E-03
   99   1.1641E-02
  100   1.4144E-02
  101   1.6386E-02
  102   1.9033E-02
  103   2.2720E-02
  104   2.6709E-02
  105   2.9504E-02
  106   3.3081E-02
  107   3.7319E-02
  108   4.0848E-02
  109   4.4309E-02
  110   4.7659E-02
  111   4.9197E-02
  112   5.1100E-02
  113   5.1053E-02
  114   5.1162E-02
  115   4.9914E-02
  116   4.7986E-02
  117   4.6421E-02
  118   4.3960E-02
  119   4.1072E-02
  120   3.8213E-02
  121   3.3831E-02
  122   2.9219E-02
  123   2.4295E-02
  124   1.9160E-02
  125   1.4592E-02
  126   1.0483E-02
  127   7.4490E-03
  128   7.4490E-03
  129   1.0483E-02
  130   1.4592E-02
  131   1.9160E-02
  132   2.4295E-02
  133   2.9219E-02
  134   3.3831E-02
  135   3.8213E-02
  136   4.1072E-02
  137   4.3960E-02
  138   4.6421E-02
  139   4.7986E-02
  140   4.9914E-02
  141   5.1162E-02
  142   5.1053E-02
  143   5.1100E-02
  144   4.9197E-02
  145   4.7659E-02
  146   4.4309E-02
  147   4.0848E-02
  148   3.7319E-02
  149   3.3081E-02
  150   2.9504E-02
  151   2.6709E-02
  152   2.2720E-02
  153   1.9033E-02
  154   1.6386E-02
  155   1.4144E-02
  156   1.1641E-02
  157   9.6080E-03
  158   7.7890E-03
  159   6.3500E-03
  160   5.2470E-03
  161   4.5040E-03
  162   3.3270E-03
  163   2.5990E-03
  164   2.1190E-03
  165   1.6370E-03
  166   1.1730E-03
  167   9.7000E-04
  168   6.7000E-04
  169   4.4200E-04
  170   3.3500E-04
  171   2.5200E-04
  172   1.4800E-04
  173   1.2500E-04
  174   7.7000E-05
  175   5.0000E-05
  176   2.5000E-05
  177   2.4000E-05
  178   1.9000E-05
  179   1.3000E-05
  180   7.0000E-06
  181   4.0000E-06
  184   3.0000E-06
  190   3.0000E-06
