   78   1.0000E-05
   79   1.0000E-05
   80   1.0000E-05
   81   3.5000E-05
   82   5.7000E-05
   83   8.1000E-05
   84   1.5200E-04
   85   2.3100E-04
   86   3.7100E-04
   87   5.6800E-04
   88   7.8600E-04
   89   1.1840E-03
   90   1.7890E-03
   91   2.3390E-03
   92   3.1690E-03
   93   4.0830E-03
   94   5.1480E-03
   95   6.4250E-03
   96   8.4100E-03
   97   9.3750E-03
   98   1.0894E-02
   99   1.2666E-02
  100   1.4792E-02
  101   1.6382E-02
  102   1.8521E-02
  103   1.9929E-02
  104   2.1400E-02
  105   2.3017E-02
  106   2.6098E-02
  107   2.7600E-02
  108   3.0060E-02
  109   3.2665E-02
  110   3.4543E-02
  111   3.7410E-02
  112   4.0523E-02
  113   4.2026E-02
  114   4.3848E-02
  115   4.4406E-02
  116   4.5140E-02
  117   4.5106E-02
  118   4.4255E-02
  119   4.2865E-02
  120   4.1731E-02
  121   3.9424E-02
  122   3.7886E-02
  123   3.5351E-02
  124   3.1957E-02
  125   2.7605E-02
  126   2.3050E-02
  127   1.7962E-02
  128   1.3490E-02
  129   9.5290E-03
  130   7.2160E-03
  131   9.5290E-03
  132   1.3490E-02
  133   1.7962E-02
  134   2.3050E-02
  135   2.7605E-02
  136   3.1957E-02
  137   3.5351E-02
  138   3.7886E-02
  139   3.9424E-02
  140   4.1731E-02
  141   4.2865E-02
  142   4.4255E-02
  143   4.5106E-02
  144   4.5140E-02
  145   4.4406E-02
  146   4.3848E-02
  147   4.2026E-02
  148   4.0523E-02
  149   3.7410E-02
  150   3.4543E-02
  151   3.2665E-02
  152   3.0060E-02
  153   2.7600E-02
  154   2.6098E-02
  155   2.3017E-02
  156   2.1400E-02
  157   1.9929E-02
  158   1.8521E-02
  159   1.6382E-02
  160   1.4792E-02
  161   1.2666E-02
  162   1.0894E-02
  163   9.3750E-03
  164   8.4100E-03
  165   6.4250E-03
  166   5.1480E-03
  167   4.0830E-03
  168   3.1690E-03
  169   2.3390E-03
  170   1.7890E-03
  171   1.1840E-03
  172   7.8600E-04
  173   5.6800E-04
  174   3.7100E-04
  175   2.3100E-04
  176   1.5200E-04
  177   8.1000E-05
  178   5.7000E-05
  179   3.5000E-05
  180   1.0000E-05
  181   1.0000E-05
  182   1.0000E-05
