   72   2.0000E-06
   74   2.0000E-06
   75   3.0000E-06
   76   7.0000E-06
   77   7.0000E-06
   78   2.3000E-05
   79   2.4000E-05
   80   6.4000E-05
   81   7.6000E-05
   82   1.2700E-04
   83   2.1100E-04
   84   3.2500E-04
   85   4.6300E-04
   86   6.3600E-04
   87   9.2400E-04
   88   1.4050E-03
   89   1.6770E-03
   90   2.3320E-03
   91   3.0020E-03
   92   3.7420E-03
   93   4.5900E-03
   94   6.2480E-03
   95   7.2300E-03
   96   8.1910E-03
   97   1.0097E-02
   98   1.2290E-02
   99   1.3912E-02
  100   1.6453E-02
  101   1.9293E-02
  102   2.1601E-02
  103   2.5264E-02
  104   2.9391E-02
  105   3.2297E-02
  106   3.5917E-02
  107   3.9700E-02
  108   4.4055E-02
  109   4.6454E-02
  110   4.9015E-02
  111   5.0840E-02
  112   5.1851E-02
  113   5.1374E-02
  114   5.0364E-02
  115   4.8836E-02
  116   4.6809E-02
  117   4.4739E-02
  118   4.1450E-02
  119   3.8006E-02
  120   3.4511E-02
  121   2.9134E-02
  122   2.3885E-02
  123   1.8452E-02
  124   1.4166E-02
  125   9.6250E-03
  126   6.5520E-03
  127   4.6780E-03
  128   6.5520E-03
  129   9.6250E-03
  130   1.4166E-02
  131   1.8452E-02
  132   2.3885E-02
  133   2.9134E-02
  134   3.4511E-02
  135   3.8006E-02
  136   4.1450E-02
  137   4.4739E-02
  138   4.6809E-02
  139   4.8836E-02
  140   5.0364E-02
  141   5.1374E-02
  142   5.1851E-02
  143   5.0840E-02
  144   4.9015E-02
  145   4.6454E-02
  146   4.4055E-02
  147   3.9700E-02
  148   3.5917E-02
  149   3.2297E-02
  150   2.9391E-02
  151   2.5264E-02
  152   2.1601E-02
  153   1.9293E-02
  154   1.6453E-02
  155   1.3912E-02
  156   1.2290E-02
  157   1.0097E-02
  158   8.1910E-03
  159   7.2300E-03
  160   6.2480E-03
  161   4.5900E-03
  162   3.7420E-03
  163   3.0020E-03
  164   2.3320E-03
  165   1.6770E-03
  166   1.4050E-03
  167   9.2400E-04
  168   6.3600E-04
  169   4.6300E-04
  170   3.2500E-04
  171   2.1100E-04
  172   1.2700E-04
  173   7.6000E-05
  174   6.4000E-05
  175   2.4000E-05
  176   2.3000E-05
  177   7.0000E-06
  178   7.0000E-06
  179   3.0000E-06
  180   2.0000E-06
  182   2.0000E-06
