   70   3.0000E-06
   71   2.0000E-06
   72   4.0000E-06
   73   2.0000E-06
   74   4.0000E-06
   75   8.0000E-06
   76   1.5000E-05
   77   1.6000E-05
   78   2.4000E-05
   79   2.1000E-05
   80   4.1000E-05
   81   5.1000E-05
   82   6.2000E-05
   83   9.6000E-05
   84   1.0800E-04
   85   1.6300E-04
   86   2.4900E-04
   87   3.2700E-04
   88   3.9500E-04
   89   5.4800E-04
   90   7.4100E-04
   91   1.0260E-03
   92   1.3370E-03
   93   1.6410E-03
   94   2.1710E-03
   95   2.6860E-03
   96   3.4800E-03
   97   4.1960E-03
   98   5.2360E-03
   99   6.2900E-03
  100   7.4290E-03
  101   8.8380E-03
  102   1.0516E-02
  103   1.2088E-02
  104   1.3963E-02
  105   1.6185E-02
  106   1.8378E-02
  107   2.0924E-02
  108   2.3779E-02
  109   2.6271E-02
  110   2.8993E-02
  111   3.2404E-02
  112   3.5751E-02
  113   3.8291E-02
  114   4.0873E-02
  115   4.3383E-02
  116   4.4851E-02
  117   4.6248E-02
  118   4.6568E-02
  119   4.6640E-02
  120   4.6048E-02
  121   4.4708E-02
  122   4.3207E-02
  123   4.1600E-02
  124   4.0053E-02
  125   3.7776E-02
  126   3.5025E-02
  127   3.1732E-02
  128   2.7777E-02
  129   2.4356E-02
  130   2.0093E-02
  131   1.7472E-02
  132   1.8642E-02
  133   2.2450E-02
  134   2.6449E-02
  135   3.0465E-02
  136   3.3881E-02
  137   3.6799E-02
  138   3.9250E-02
  139   4.1073E-02
  140   4.2655E-02
  141   4.3892E-02
  142   4.5758E-02
  143   4.6679E-02
  144   4.6523E-02
  145   4.6690E-02
  146   4.5716E-02
  147   4.4208E-02
  148   4.2332E-02
  149   3.9622E-02
  150   3.6945E-02
  151   3.3858E-02
  152   3.0655E-02
  153   2.7702E-02
  154   2.4964E-02
  155   2.2450E-02
  156   1.9549E-02
  157   1.7269E-02
  158   1.4934E-02
  159   1.3053E-02
  160   1.1317E-02
  161   9.4750E-03
  162   8.0610E-03
  163   6.7740E-03
  164   5.5230E-03
  165   4.5850E-03
  166   3.6910E-03
  167   2.9100E-03
  168   2.3140E-03
  169   1.7860E-03
  170   1.3970E-03
  171   1.1190E-03
  172   7.9700E-04
  173   6.1500E-04
  174   4.4800E-04
  175   3.3500E-04
  176   2.5200E-04
  177   2.0800E-04
  178   1.3200E-04
  179   1.0300E-04
  180   7.9000E-05
  181   6.0000E-05
  182   4.5000E-05
  183   3.4000E-05
  184   1.8000E-05
  185   2.8000E-05
  186   1.4000E-05
  187   1.3000E-05
  188   8.0000E-06
  189   4.0000E-06
  190   2.0000E-06
