   78   4.0000E-06
   79   1.1000E-05
   80   1.0000E-05
   81   2.2000E-05
   82   4.5000E-05
   83   5.2000E-05
   84   8.7000E-05
   85   1.6000E-04
   86   2.3900E-04
   87   3.2300E-04
   88   5.2400E-04
   89   7.2500E-04
   90   1.0500E-03
   91   1.2920E-03
   92   1.9600E-03
   93   2.3780E-03
   94   3.0470E-03
   95   3.8780E-03
   96   5.1180E-03
   97   5.9070E-03
   98   7.2290E-03
   99   8.5150E-03
  100   9.7530E-03
  101   1.1467E-02
  102   1.3365E-02
  103   1.4654E-02
  104   1.6358E-02
  105   1.8784E-02
  106   2.0917E-02
  107   2.3130E-02
  108   2.6333E-02
  109   2.8632E-02
  110   3.1418E-02
  111   3.4180E-02
  112   3.7293E-02
  113   3.9746E-02
  114   4.1875E-02
  115   4.4181E-02
  116   4.5967E-02
  117   4.6302E-02
  118   4.6557E-02
  119   4.6296E-02
  120   4.4809E-02
  121   4.3552E-02
  122   4.1975E-02
  123   3.9983E-02
  124   3.7867E-02
  125   3.5188E-02
  126   3.1703E-02
  127   2.6820E-02
  128   2.2352E-02
  129   1.7631E-02
  130   1.3011E-02
  131   1.0593E-02
  132   1.3018E-02
  133   1.7636E-02
  134   2.2374E-02
  135   2.6823E-02
  136   3.1696E-02
  137   3.5191E-02
  138   3.7872E-02
  139   3.9984E-02
  140   4.1994E-02
  141   4.3546E-02
  142   4.4791E-02
  143   4.6297E-02
  144   4.6576E-02
  145   4.6300E-02
  146   4.5968E-02
  147   4.4174E-02
  148   4.1889E-02
  149   3.9721E-02
  150   3.7300E-02
  151   3.4176E-02
  152   3.1414E-02
  153   2.8621E-02
  154   2.6333E-02
  155   2.3138E-02
  156   2.0907E-02
  157   1.8797E-02
  158   1.6358E-02
  159   1.4646E-02
  160   1.3352E-02
  161   1.1468E-02
  162   9.7490E-03
  163   8.5130E-03
  164   7.2210E-03
  165   5.9060E-03
  166   5.1060E-03
  167   3.8820E-03
  168   3.0420E-03
  169   2.3820E-03
  170   1.9560E-03
  171   1.2920E-03
  172   1.0490E-03
  173   7.2300E-04
  174   5.2400E-04
  175   3.2300E-04
  176   2.3900E-04
  177   1.6000E-04
  178   8.7000E-05
  179   5.2000E-05
  180   4.5000E-05
  181   2.2000E-05
  182   1.0000E-05
  183   1.1000E-05
  184   4.0000E-06
