   58   3.0000E-06
   61   2.0000E-06
   62   2.0000E-06
   63   6.0000E-06
   64   4.0000E-06
   65   2.0000E-06
   66   1.0000E-05
   67   9.0000E-06
   68   1.5000E-05
   69   1.3000E-05
   70   2.2000E-05
   71   1.7000E-05
   72   2.9000E-05
   73   5.2000E-05
   74   5.0000E-05
   75   6.0000E-05
   76   7.3000E-05
   77   9.1000E-05
   78   1.3600E-04
   79   1.1500E-04
   80   1.8700E-04
   81   1.8200E-04
   82   2.8800E-04
   83   2.7300E-04
   84   3.5600E-04
   85   4.6000E-04
   86   6.0500E-04
   87   6.9600E-04
   88   8.6400E-04
   89   9.9000E-04
   90   1.3610E-03
   91   1.5110E-03
   92   2.0250E-03
   93   2.3580E-03
   94   2.9690E-03
   95   3.5500E-03
   96   4.4040E-03
   97   5.1040E-03
   98   6.2090E-03
   99   7.3010E-03
  100   8.7900E-03
  101   1.0130E-02
  102   1.1969E-02
  103   1.3783E-02
  104   1.5696E-02
  105   1.7997E-02
  106   2.0642E-02
  107   2.3295E-02
  108   2.5930E-02
  109   2.8952E-02
  110   3.1711E-02
  111   3.4612E-02
  112   3.7399E-02
  113   3.8942E-02
  114   4.1041E-02
  115   4.2587E-02
  116   4.3473E-02
  117   4.4212E-02
  118   4.4433E-02
  119   4.4049E-02
  120   4.3418E-02
  121   4.2585E-02
  122   4.1416E-02
  123   3.9964E-02
  124   3.8377E-02
  125   3.6192E-02
  126   3.3362E-02
  127   3.0749E-02
  128   2.7908E-02
  129   2.5231E-02
  130   2.3916E-02
  131   2.5384E-02
  132   2.8095E-02
  133   3.1042E-02
  134   3.3748E-02
  135   3.6294E-02
  136   3.9118E-02
  137   4.0386E-02
  138   4.1458E-02
  139   4.3219E-02
  140   4.3804E-02
  141   4.4591E-02
  142   4.4844E-02
  143   4.4477E-02
  144   4.4142E-02
  145   4.3055E-02
  146   4.1667E-02
  147   3.9199E-02
  148   3.7580E-02
  149   3.5105E-02
  150   3.2230E-02
  151   2.9117E-02
  152   2.6351E-02
  153   2.3649E-02
  154   2.0951E-02
  155   1.8398E-02
  156   1.6061E-02
  157   1.4080E-02
  158   1.2271E-02
  159   1.0484E-02
  160   9.0220E-03
  161   7.5450E-03
  162   6.3770E-03
  163   5.4250E-03
  164   4.5380E-03
  165   3.7510E-03
  166   3.0510E-03
  167   2.5680E-03
  168   2.0730E-03
  169   1.7060E-03
  170   1.3170E-03
  171   1.1690E-03
  172   8.9600E-04
  173   7.8700E-04
  174   6.4200E-04
  175   5.1700E-04
  176   4.2400E-04
  177   3.2500E-04
  178   2.6600E-04
  179   2.6500E-04
  180   1.7500E-04
  181   1.8200E-04
  182   1.1200E-04
  183   1.2300E-04
  184   8.2000E-05
  185   7.7000E-05
  186   5.8000E-05
  187   5.2000E-05
  188   4.6000E-05
  189   2.3000E-05
  190   1.9000E-05
