   78   6.0000E-06
   79   1.0000E-05
   80   2.0000E-06
   81   1.7000E-05
   82   4.7000E-05
   83   4.9000E-05
   84   1.0200E-04
   85   1.4500E-04
   86   2.6600E-04
   87   4.4300E-04
   88   5.9200E-04
   89   1.0300E-03
   90   1.3860E-03
   91   1.9760E-03
   92   2.8780E-03
   93   3.7240E-03
   94   4.5720E-03
   95   5.8340E-03
   96   7.8370E-03
   97   9.2160E-03
   98   1.0884E-02
   99   1.2963E-02
  100   1.4176E-02
  101   1.6436E-02
  102   1.8902E-02
  103   1.9866E-02
  104   2.1110E-02
  105   2.3102E-02
  106   2.4559E-02
  107   2.6282E-02
  108   2.8064E-02
  109   2.9763E-02
  110   3.1475E-02
  111   3.3410E-02
  112   3.5803E-02
  113   3.7631E-02
  114   3.9785E-02
  115   4.1339E-02
  116   4.2136E-02
  117   4.2486E-02
  118   4.2594E-02
  119   4.1852E-02
  120   4.1117E-02
  121   3.9939E-02
  122   3.8387E-02
  123   3.7047E-02
  124   3.4945E-02
  125   3.2358E-02
  126   2.8751E-02
  127   2.4200E-02
  128   1.9195E-02
  129   1.4706E-02
  130   1.0554E-02
  131   8.0600E-03
  132   1.0554E-02
  133   1.4706E-02
  134   1.9195E-02
  135   2.4200E-02
  136   2.8751E-02
  137   3.2358E-02
  138   3.4945E-02
  139   3.7047E-02
  140   3.8387E-02
  141   3.9939E-02
  142   4.1117E-02
  143   4.1852E-02
  144   4.2594E-02
  145   4.2486E-02
  146   4.2136E-02
  147   4.1339E-02
  148   3.9785E-02
  149   3.7631E-02
  150   3.5803E-02
  151   3.3410E-02
  152   3.1475E-02
  153   2.9763E-02
  154   2.8064E-02
  155   2.6282E-02
  156   2.4559E-02
  157   2.3102E-02
  158   2.1110E-02
  159   1.9866E-02
  160   1.8902E-02
  161   1.6436E-02
  162   1.4176E-02
  163   1.2963E-02
  164   1.0884E-02
  165   9.2160E-03
  166   7.8370E-03
  167   5.8340E-03
  168   4.5720E-03
  169   3.7240E-03
  170   2.8780E-03
  171   1.9760E-03
  172   1.3860E-03
  173   1.0300E-03
  174   5.9200E-04
  175   4.4300E-04
  176   2.6600E-04
  177   1.4500E-04
  178   1.0200E-04
  179   4.9000E-05
  180   4.7000E-05
  181   1.7000E-05
  182   2.0000E-06
  183   1.0000E-05
  184   6.0000E-06
