   90   5.0000E-06
   92   2.0000E-06
   94   8.0000E-06
   95   1.8000E-05
   96   1.3000E-05
   97   2.9000E-05
   98   2.9000E-05
   99   4.4000E-05
  100   3.7000E-05
  101   6.4000E-05
  102   7.3000E-05
  103   1.1600E-04
  104   1.2400E-04
  105   1.5800E-04
  106   2.1200E-04
  107   2.6000E-04
  108   3.0000E-04
  109   4.0500E-04
  110   5.1400E-04
  111   6.5700E-04
  112   8.5800E-04
  113   9.5500E-04
  114   1.1810E-03
  115   1.5070E-03
  116   1.7850E-03
  117   2.1880E-03
  118   2.4940E-03
  119   3.0810E-03
  120   3.5110E-03
  121   4.1000E-03
  122   4.7370E-03
  123   5.5290E-03
  124   6.2720E-03
  125   7.0790E-03
  126   7.9250E-03
  127   8.9050E-03
  128   1.0269E-02
  129   1.2443E-02
  130   1.5221E-02
  131   2.0664E-02
  132   2.9455E-02
  133   4.2268E-02
  134   6.2199E-02
  135   9.0855E-02
  136   1.2582E-01
  137   1.6985E-01
  138   2.3457E-01
  139   2.4237E-01
  140   2.3457E-01
  141   1.6985E-01
  142   1.2582E-01
  143   9.0855E-02
  144   6.2199E-02
  145   4.2268E-02
  146   2.9455E-02
  147   2.0664E-02
  148   1.5221E-02
  149   1.2443E-02
  150   1.0269E-02
  151   8.9050E-03
  152   7.9250E-03
  153   7.0790E-03
  154   6.2720E-03
  155   5.5290E-03
  156   4.7370E-03
  157   4.1000E-03
  158   3.5110E-03
  159   3.0810E-03
  160   2.4940E-03
  161   2.1880E-03
  162   1.7850E-03
  163   1.5070E-03
  164   1.1810E-03
  165   9.5500E-04
  166   8.5800E-04
  167   6.5700E-04
  168   5.1400E-04
  169   4.0500E-04
  170   3.0000E-04
  171   2.6000E-04
  172   2.1200E-04
  173   1.5800E-04
  174   1.2400E-04
  175   1.1600E-04
  176   7.3000E-05
  177   6.4000E-05
  178   3.7000E-05
  179   4.4000E-05
  180   2.9000E-05
  181   2.9000E-05
  182   1.3000E-05
  183   1.8000E-05
  184   8.0000E-06
  186   2.0000E-06
  188   5.0000E-06
