   93   3.0000E-06
   95   2.0000E-06
   96   4.0000E-06
   97   1.2000E-05
   98   1.1000E-05
   99   1.3000E-05
  100   2.4000E-05
  101   2.5000E-05
  102   4.1000E-05
  103   5.3000E-05
  104   6.6000E-05
  105   9.2000E-05
  106   1.0200E-04
  107   1.5300E-04
  108   1.8400E-04
  109   2.2800E-04
  110   3.3300E-04
  111   3.5600E-04
  112   5.0300E-04
  113   6.1900E-04
  114   7.4700E-04
  115   9.1600E-04
  116   1.1040E-03
  117   1.3180E-03
  118   1.5890E-03
  119   2.0170E-03
  120   2.3150E-03
  121   2.7150E-03
  122   3.1900E-03
  123   3.7440E-03
  124   4.2130E-03
  125   4.8170E-03
  126   5.5640E-03
  127   6.2030E-03
  128   7.5110E-03
  129   9.1490E-03
  130   1.1623E-02
  131   1.6867E-02
  132   2.6009E-02
  133   3.9012E-02
  134   6.0365E-02
  135   9.1427E-02
  136   1.3043E-01
  137   1.7934E-01
  138   2.5409E-01
  139   2.6174E-01
  140   2.5409E-01
  141   1.7934E-01
  142   1.3043E-01
  143   9.1427E-02
  144   6.0365E-02
  145   3.9012E-02
  146   2.6009E-02
  147   1.6867E-02
  148   1.1623E-02
  149   9.1490E-03
  150   7.5110E-03
  151   6.2030E-03
  152   5.5640E-03
  153   4.8170E-03
  154   4.2130E-03
  155   3.7440E-03
  156   3.1900E-03
  157   2.7150E-03
  158   2.3150E-03
  159   2.0170E-03
  160   1.5890E-03
  161   1.3180E-03
  162   1.1040E-03
  163   9.1600E-04
  164   7.4700E-04
  165   6.1900E-04
  166   5.0300E-04
  167   3.5600E-04
  168   3.3300E-04
  169   2.2800E-04
  170   1.8400E-04
  171   1.5300E-04
  172   1.0200E-04
  173   9.2000E-05
  174   6.6000E-05
  175   5.3000E-05
  176   4.1000E-05
  177   2.5000E-05
  178   2.4000E-05
  179   1.3000E-05
  180   1.1000E-05
  181   1.2000E-05
  182   4.0000E-06
  183   2.0000E-06
  185   3.0000E-06
