   96   2.0000E-06
   97   5.0000E-06
   98   2.0000E-06
   99   1.1000E-05
  100   1.2000E-05
  101   8.0000E-06
  102   1.2000E-05
  103   2.8000E-05
  104   2.5000E-05
  105   4.1000E-05
  106   6.4000E-05
  107   7.8000E-05
  108   9.0000E-05
  109   1.4200E-04
  110   1.8600E-04
  111   2.0100E-04
  112   2.5400E-04
  113   3.4600E-04
  114   4.2700E-04
  115   5.3400E-04
  116   6.7800E-04
  117   7.8200E-04
  118   9.9500E-04
  119   1.1520E-03
  120   1.3870E-03
  121   1.7530E-03
  122   1.9770E-03
  123   2.3550E-03
  124   2.7670E-03
  125   3.2480E-03
  126   3.4950E-03
  127   4.4450E-03
  128   5.1470E-03
  129   6.5960E-03
  130   9.1450E-03
  131   1.3937E-02
  132   2.3113E-02
  133   3.6187E-02
  134   5.8774E-02
  135   9.1099E-02
  136   1.3351E-01
  137   1.8842E-01
  138   2.6745E-01
  139   2.7819E-01
  140   2.6745E-01
  141   1.8842E-01
  142   1.3351E-01
  143   9.1099E-02
  144   5.8774E-02
  145   3.6187E-02
  146   2.3113E-02
  147   1.3937E-02
  148   9.1450E-03
  149   6.5960E-03
  150   5.1470E-03
  151   4.4450E-03
  152   3.4950E-03
  153   3.2480E-03
  154   2.7670E-03
  155   2.3550E-03
  156   1.9770E-03
  157   1.7530E-03
  158   1.3870E-03
  159   1.1520E-03
  160   9.9500E-04
  161   7.8200E-04
  162   6.7800E-04
  163   5.3400E-04
  164   4.2700E-04
  165   3.4600E-04
  166   2.5400E-04
  167   2.0100E-04
  168   1.8600E-04
  169   1.4200E-04
  170   9.0000E-05
  171   7.8000E-05
  172   6.4000E-05
  173   4.1000E-05
  174   2.5000E-05
  175   2.8000E-05
  176   1.2000E-05
  177   8.0000E-06
  178   1.2000E-05
  179   1.1000E-05
  180   2.0000E-06
  181   5.0000E-06
  182   2.0000E-06
