   59   2.0000E-06
   64   3.0000E-06
   65   2.0000E-06
   72   4.0000E-06
   73   4.0000E-06
   74   2.0000E-06
   75   4.0000E-06
   76   2.0000E-06
   77   2.0000E-06
   78   1.1000E-05
   79   4.0000E-06
   80   7.0000E-06
   81   3.0000E-06
   82   7.0000E-06
   83   1.3000E-05
   84   1.9000E-05
   85   1.1000E-05
   86   2.5000E-05
   87   3.3000E-05
   88   3.2000E-05
   89   3.6000E-05
   90   5.9000E-05
   91   5.0000E-05
   92   6.0000E-05
   93   8.1000E-05
   94   1.2700E-04
   95   1.4100E-04
   96   2.0000E-04
   97   2.2000E-04
   98   3.0600E-04
   99   4.1400E-04
  100   4.6000E-04
  101   5.8900E-04
  102   7.9900E-04
  103   8.7000E-04
  104   1.1070E-03
  105   1.3190E-03
  106   1.7860E-03
  107   2.1240E-03
  108   2.6150E-03
  109   3.0770E-03
  110   3.7460E-03
  111   4.4080E-03
  112   5.4460E-03
  113   6.4010E-03
  114   7.4230E-03
  115   8.8560E-03
  116   1.0302E-02
  117   1.2148E-02
  118   1.3795E-02
  119   1.5781E-02
  120   1.8140E-02
  121   2.0317E-02
  122   2.2745E-02
  123   2.5435E-02
  124   2.7987E-02
  125   3.0478E-02
  126   3.3074E-02
  127   3.6148E-02
  128   3.8328E-02
  129   4.1533E-02
  130   4.4979E-02
  131   4.7622E-02
  132   5.1957E-02
  133   5.6481E-02
  134   6.1218E-02
  135   6.8503E-02
  136   7.6152E-02
  137   8.4094E-02
  138   9.2125E-02
  139   9.2117E-02
  140   8.3660E-02
  141   7.6294E-02
  142   6.8832E-02
  143   6.1866E-02
  144   5.6712E-02
  145   5.3435E-02
  146   4.8927E-02
  147   4.5722E-02
  148   4.3497E-02
  149   4.0224E-02
  150   3.7408E-02
  151   3.5179E-02
  152   3.2253E-02
  153   2.9724E-02
  154   2.7201E-02
  155   2.4718E-02
  156   2.1851E-02
  157   1.9795E-02
  158   1.7388E-02
  159   1.5184E-02
  160   1.3381E-02
  161   1.1659E-02
  162   9.8050E-03
  163   8.5780E-03
  164   7.0360E-03
  165   6.1770E-03
  166   5.1620E-03
  167   4.1900E-03
  168   3.5980E-03
  169   2.9690E-03
  170   2.4760E-03
  171   2.0470E-03
  172   1.6420E-03
  173   1.2720E-03
  174   1.0430E-03
  175   8.7800E-04
  176   7.5300E-04
  177   5.5900E-04
  178   4.3900E-04
  179   3.9600E-04
  180   2.8600E-04
  181   2.1400E-04
  182   1.9000E-04
  183   1.4800E-04
  184   1.0400E-04
  185   8.0000E-05
  186   5.6000E-05
  187   5.6000E-05
  188   5.7000E-05
  189   3.5000E-05
  190   2.9000E-05
