   77   2.0000E-06
   78   2.0000E-06
   79   5.0000E-06
   80   5.0000E-06
   81   1.0000E-05
   82   9.0000E-06
   83   1.6000E-05
   84   2.8000E-05
   85   2.9000E-05
   86   3.8000E-05
   87   5.1000E-05
   88   7.9000E-05
   89   9.6000E-05
   90   1.1000E-04
   91   1.5500E-04
   92   1.9400E-04
   93   2.2700E-04
   94   2.8900E-04
   95   3.5400E-04
   96   4.2400E-04
   97   5.2000E-04
   98   6.3500E-04
   99   7.4800E-04
  100   9.5200E-04
  101   1.1560E-03
  102   1.3810E-03
  103   1.7240E-03
  104   2.0420E-03
  105   2.5060E-03
  106   2.8280E-03
  107   3.4620E-03
  108   3.9670E-03
  109   4.8310E-03
  110   5.2430E-03
  111   6.3020E-03
  112   7.2990E-03
  113   8.3290E-03
  114   9.4230E-03
  115   1.0808E-02
  116   1.1775E-02
  117   1.3646E-02
  118   1.5179E-02
  119   1.6662E-02
  120   1.8464E-02
  121   1.9797E-02
  122   2.2153E-02
  123   2.3956E-02
  124   2.6904E-02
  125   2.9187E-02
  126   3.0824E-02
  127   3.3808E-02
  128   3.5962E-02
  129   3.9138E-02
  130   4.0575E-02
  131   4.2813E-02
  132   4.5248E-02
  133   4.8080E-02
  134   5.3347E-02
  135   5.7851E-02
  136   6.1090E-02
  137   5.8931E-02
  138   5.7199E-02
  139   5.6427E-02
  140   5.4739E-02
  141   5.4985E-02
  142   5.4723E-02
  143   5.4427E-02
  144   5.4474E-02
  145   5.2832E-02
  146   5.1311E-02
  147   4.9879E-02
  148   4.8269E-02
  149   4.5952E-02
  150   4.4283E-02
  151   4.3392E-02
  152   4.0544E-02
  153   3.9126E-02
  154   3.6526E-02
  155   3.4321E-02
  156   3.1933E-02
  157   2.9622E-02
  158   2.7067E-02
  159   2.4571E-02
  160   2.2721E-02
  161   2.0892E-02
  162   1.8714E-02
  163   1.6657E-02
  164   1.4860E-02
  165   1.3185E-02
  166   1.1603E-02
  167   1.0627E-02
  168   8.9630E-03
  169   7.9940E-03
  170   7.0840E-03
  171   6.0520E-03
  172   5.1500E-03
  173   4.5340E-03
  174   3.8150E-03
  175   3.1550E-03
  176   2.7360E-03
  177   2.2790E-03
  178   1.9480E-03
  179   1.5370E-03
  180   1.3150E-03
  181   1.1150E-03
  182   9.0300E-04
  183   7.5700E-04
  184   5.6500E-04
  185   4.7400E-04
  186   3.8200E-04
  187   3.2000E-04
  188   2.5200E-04
  189   1.9600E-04
  190   1.8200E-04
