   81   3.0000E-06
   83   2.0000E-06
   84   4.0000E-06
   85   3.0000E-06
   86   4.0000E-06
   87   6.0000E-06
   88   1.0000E-05
   89   1.5000E-05
   90   1.7000E-05
   91   2.6000E-05
   92   5.0000E-05
   93   4.4000E-05
   94   8.3000E-05
   95   1.0800E-04
   96   1.3300E-04
   97   1.5500E-04
   98   2.2400E-04
   99   2.5900E-04
  100   3.5100E-04
  101   5.3900E-04
  102   5.2800E-04
  103   7.2800E-04
  104   8.9200E-04
  105   1.1860E-03
  106   1.4480E-03
  107   1.7070E-03
  108   2.1760E-03
  109   2.5610E-03
  110   3.1260E-03
  111   3.8300E-03
  112   4.3080E-03
  113   5.1850E-03
  114   6.1940E-03
  115   7.4630E-03
  116   8.3940E-03
  117   9.8370E-03
  118   1.1273E-02
  119   1.2932E-02
  120   1.4854E-02
  121   1.6786E-02
  122   1.8834E-02
  123   2.1015E-02
  124   2.3710E-02
  125   2.6317E-02
  126   2.8800E-02
  127   3.1360E-02
  128   3.4548E-02
  129   3.7131E-02
  130   3.9780E-02
  131   4.2821E-02
  132   4.5905E-02
  133   4.8411E-02
  134   5.0349E-02
  135   5.3834E-02
  136   5.4339E-02
  137   5.7872E-02
  138   5.7282E-02
  139   5.8342E-02
  140   6.0521E-02
  141   6.1030E-02
  142   6.0632E-02
  143   6.0956E-02
  144   6.0740E-02
  145   5.8913E-02
  146   5.8315E-02
  147   5.6710E-02
  148   5.4916E-02
  149   5.2821E-02
  150   5.0141E-02
  151   4.8389E-02
  152   4.5910E-02
  153   4.2843E-02
  154   3.9788E-02
  155   3.7128E-02
  156   3.4545E-02
  157   3.1370E-02
  158   2.8807E-02
  159   2.6312E-02
  160   2.3717E-02
  161   2.1021E-02
  162   1.8837E-02
  163   1.6789E-02
  164   1.4857E-02
  165   1.2931E-02
  166   1.1270E-02
  167   9.8400E-03
  168   8.3970E-03
  169   7.4610E-03
  170   6.1960E-03
  171   5.1850E-03
  172   4.3080E-03
  173   3.8300E-03
  174   3.1260E-03
  175   2.5610E-03
  176   2.1780E-03
  177   1.7050E-03
  178   1.4480E-03
  179   1.1860E-03
  180   8.9200E-04
  181   7.2800E-04
  182   5.2800E-04
  183   5.3900E-04
  184   3.5100E-04
  185   2.5900E-04
  186   2.2400E-04
  187   1.5500E-04
  188   1.3300E-04
  189   1.0800E-04
  190   8.3000E-05
