   84   2.0000E-06
   87   2.0000E-06
   88   5.0000E-06
   89   9.0000E-06
   90   4.0000E-06
   91   1.8000E-05
   92   2.1000E-05
   93   2.1000E-05
   94   2.8000E-05
   95   4.6000E-05
   96   4.8000E-05
   97   6.8000E-05
   98   9.6000E-05
   99   1.4800E-04
  100   1.8200E-04
  101   2.5100E-04
  102   3.2400E-04
  103   3.8000E-04
  104   5.0600E-04
  105   6.4600E-04
  106   8.0800E-04
  107   9.9500E-04
  108   1.2480E-03
  109   1.5930E-03
  110   1.8620E-03
  111   2.3930E-03
  112   3.0550E-03
  113   3.5060E-03
  114   4.1160E-03
  115   5.0750E-03
  116   6.0620E-03
  117   6.9390E-03
  118   8.2260E-03
  119   9.5800E-03
  120   1.0993E-02
  121   1.2473E-02
  122   1.4559E-02
  123   1.6552E-02
  124   1.8647E-02
  125   2.0662E-02
  126   2.3186E-02
  127   2.6101E-02
  128   2.8526E-02
  129   3.1455E-02
  130   3.4520E-02
  131   3.7161E-02
  132   4.0275E-02
  133   4.2946E-02
  134   4.5975E-02
  135   4.8798E-02
  136   5.0966E-02
  137   5.2942E-02
  138   5.5111E-02
  139   5.7062E-02
  140   5.9167E-02
  141   6.0082E-02
  142   6.0677E-02
  143   6.1698E-02
  144   6.2366E-02
  145   6.1698E-02
  146   6.0677E-02
  147   6.0082E-02
  148   5.9167E-02
  149   5.7062E-02
  150   5.5111E-02
  151   5.2942E-02
  152   5.0966E-02
  153   4.8798E-02
  154   4.5975E-02
  155   4.2946E-02
  156   4.0275E-02
  157   3.7161E-02
  158   3.4520E-02
  159   3.1455E-02
  160   2.8526E-02
  161   2.6101E-02
  162   2.3186E-02
  163   2.0662E-02
  164   1.8647E-02
  165   1.6552E-02
  166   1.4559E-02
  167   1.2473E-02
  168   1.0993E-02
  169   9.5800E-03
  170   8.2260E-03
  171   6.9390E-03
  172   6.0620E-03
  173   5.0750E-03
  174   4.1160E-03
  175   3.5060E-03
  176   3.0550E-03
  177   2.3930E-03
  178   1.8620E-03
  179   1.5930E-03
  180   1.2480E-03
  181   9.9500E-04
  182   8.0800E-04
  183   6.4600E-04
  184   5.0600E-04
  185   3.8000E-04
  186   3.2400E-04
  187   2.5100E-04
  188   1.8200E-04
  189   1.4800E-04
  190   9.6000E-05
