   76   2.0000E-06
   78   2.0000E-06
   79   5.0000E-06
   80   7.0000E-06
   81   1.4000E-05
   82   2.1000E-05
   83   1.7000E-05
   84   2.3000E-05
   85   3.5000E-05
   86   5.6000E-05
   87   7.4000E-05
   88   9.4000E-05
   89   9.3000E-05
   90   1.2600E-04
   91   1.6400E-04
   92   1.9300E-04
   93   2.5800E-04
   94   3.4500E-04
   95   4.0500E-04
   96   5.0000E-04
   97   5.0200E-04
   98   6.7300E-04
   99   8.0800E-04
  100   1.0060E-03
  101   1.2720E-03
  102   1.4670E-03
  103   1.7640E-03
  104   2.1750E-03
  105   2.6510E-03
  106   2.8610E-03
  107   3.5580E-03
  108   4.0940E-03
  109   4.5380E-03
  110   5.6150E-03
  111   6.3520E-03
  112   7.1730E-03
  113   8.1790E-03
  114   9.4920E-03
  115   1.0620E-02
  116   1.1821E-02
  117   1.3450E-02
  118   1.4962E-02
  119   1.6522E-02
  120   1.8259E-02
  121   1.9812E-02
  122   2.1905E-02
  123   2.4083E-02
  124   2.6429E-02
  125   2.8652E-02
  126   3.0347E-02
  127   3.3312E-02
  128   3.5939E-02
  129   3.8306E-02
  130   3.9279E-02
  131   4.1733E-02
  132   4.3970E-02
  133   4.7831E-02
  134   5.1136E-02
  135   5.5844E-02
  136   5.8239E-02
  137   5.9080E-02
  138   5.6400E-02
  139   5.5143E-02
  140   5.3617E-02
  141   5.4174E-02
  142   5.3524E-02
  143   5.3311E-02
  144   5.3799E-02
  145   5.2292E-02
  146   4.9654E-02
  147   4.9393E-02
  148   4.7200E-02
  149   4.5450E-02
  150   4.4431E-02
  151   4.2901E-02
  152   4.0856E-02
  153   4.0302E-02
  154   3.7939E-02
  155   3.5389E-02
  156   3.2950E-02
  157   3.0450E-02
  158   2.7792E-02
  159   2.6210E-02
  160   2.3685E-02
  161   2.1806E-02
  162   1.9841E-02
  163   1.7873E-02
  164   1.6014E-02
  165   1.4154E-02
  166   1.2680E-02
  167   1.1223E-02
  168   1.0122E-02
  169   8.8000E-03
  170   7.5580E-03
  171   6.7100E-03
  172   6.0630E-03
  173   4.9660E-03
  174   4.3460E-03
  175   3.7120E-03
  176   3.0950E-03
  177   2.6670E-03
  178   2.4000E-03
  179   1.8710E-03
  180   1.5600E-03
  181   1.3560E-03
  182   1.1450E-03
  183   8.8600E-04
  184   7.4700E-04
  185   5.8700E-04
  186   4.9200E-04
  187   4.1300E-04
  188   3.4300E-04
  189   2.6200E-04
  190   2.1200E-04
