   68   3.0000E-06
   70   4.0000E-06
   72   2.0000E-06
   74   6.0000E-06
   75   4.0000E-06
   76   1.3000E-05
   77   1.4000E-05
   78   1.6000E-05
   79   2.7000E-05
   80   5.1000E-05
   81   5.1000E-05
   82   7.7000E-05
   83   1.2000E-04
   84   1.9000E-04
   85   2.9000E-04
   86   3.6400E-04
   87   5.0500E-04
   88   7.2800E-04
   89   8.8600E-04
   90   1.2220E-03
   91   1.6560E-03
   92   2.1700E-03
   93   2.5820E-03
   94   3.3990E-03
   95   4.1340E-03
   96   4.8670E-03
   97   6.2710E-03
   98   8.2380E-03
   99   9.2640E-03
  100   1.1214E-02
  101   1.3678E-02
  102   1.6013E-02
  103   1.8971E-02
  104   2.2842E-02
  105   2.6020E-02
  106   2.8906E-02
  107   3.3675E-02
  108   3.7152E-02
  109   4.0961E-02
  110   4.3928E-02
  111   4.7303E-02
  112   4.9341E-02
  113   5.0560E-02
  114   5.1445E-02
  115   5.1671E-02
  116   5.0665E-02
  117   4.9248E-02
  118   4.6963E-02
  119   4.4706E-02
  120   4.0874E-02
  121   3.8432E-02
  122   3.4515E-02
  123   2.9629E-02
  124   2.4659E-02
  125   1.9755E-02
  126   1.4637E-02
  127   1.0797E-02
  128   8.5240E-03
  129   1.0797E-02
  130   1.4637E-02
  131   1.9755E-02
  132   2.4659E-02
  133   2.9629E-02
  134   3.4515E-02
  135   3.8432E-02
  136   4.0874E-02
  137   4.4706E-02
  138   4.6963E-02
  139   4.9248E-02
  140   5.0665E-02
  141   5.1671E-02
  142   5.1445E-02
  143   5.0560E-02
  144   4.9341E-02
  145   4.7303E-02
  146   4.3928E-02
  147   4.0961E-02
  148   3.7152E-02
  149   3.3675E-02
  150   2.8906E-02
  151   2.6020E-02
  152   2.2842E-02
  153   1.8971E-02
  154   1.6013E-02
  155   1.3678E-02
  156   1.1214E-02
  157   9.2640E-03
  158   8.2380E-03
  159   6.2710E-03
  160   4.8670E-03
  161   4.1340E-03
  162   3.3990E-03
  163   2.5820E-03
  164   2.1700E-03
  165   1.6560E-03
  166   1.2220E-03
  167   8.8600E-04
  168   7.2800E-04
  169   5.0500E-04
  170   3.6400E-04
  171   2.9000E-04
  172   1.9000E-04
  173   1.2000E-04
  174   7.7000E-05
  175   5.1000E-05
  176   5.1000E-05
  177   2.7000E-05
  178   1.6000E-05
  179   1.4000E-05
  180   1.3000E-05
  181   4.0000E-06
  182   6.0000E-06
  184   2.0000E-06
  186   4.0000E-06
  188   3.0000E-06
