   74   2.0000E-06
   76   2.0000E-06
   77   6.0000E-06
   78   8.0000E-06
   79   9.0000E-06
   80   2.9000E-05
   81   3.1000E-05
   82   5.5000E-05
   83   8.3000E-05
   84   1.4600E-04
   85   2.0700E-04
   86   2.6900E-04
   87   4.0700E-04
   88   5.6700E-04
   89   7.4800E-04
   90   1.0900E-03
   91   1.3740E-03
   92   1.8320E-03
   93   2.2470E-03
   94   3.2470E-03
   95   3.8360E-03
   96   4.6780E-03
   97   5.6640E-03
   98   6.6720E-03
   99   7.8860E-03
  100   9.9870E-03
  101   1.1132E-02
  102   1.2491E-02
  103   1.4671E-02
  104   1.6962E-02
  105   1.9537E-02
  106   2.2671E-02
  107   2.4815E-02
  108   2.7890E-02
  109   3.1265E-02
  110   3.4978E-02
  111   3.7493E-02
  112   4.1048E-02
  113   4.3724E-02
  114   4.5931E-02
  115   4.7818E-02
  116   4.9097E-02
  117   4.9302E-02
  118   4.8524E-02
  119   4.7379E-02
  120   4.6166E-02
  121   4.3540E-02
  122   4.1337E-02
  123   3.9107E-02
  124   3.5659E-02
  125   3.1642E-02
  126   2.7142E-02
  127   2.2060E-02
  128   1.7426E-02
  129   1.2906E-02
  130   1.0368E-02
  131   1.2906E-02
  132   1.7426E-02
  133   2.2060E-02
  134   2.7142E-02
  135   3.1642E-02
  136   3.5659E-02
  137   3.9107E-02
  138   4.1337E-02
  139   4.3540E-02
  140   4.6166E-02
  141   4.7379E-02
  142   4.8524E-02
  143   4.9302E-02
  144   4.9097E-02
  145   4.7818E-02
  146   4.5931E-02
  147   4.3724E-02
  148   4.1048E-02
  149   3.7493E-02
  150   3.4978E-02
  151   3.1265E-02
  152   2.7890E-02
  153   2.4815E-02
  154   2.2671E-02
  155   1.9537E-02
  156   1.6962E-02
  157   1.4671E-02
  158   1.2491E-02
  159   1.1132E-02
  160   9.9870E-03
  161   7.8860E-03
  162   6.6720E-03
  163   5.6640E-03
  164   4.6780E-03
  165   3.8360E-03
  166   3.2470E-03
  167   2.2470E-03
  168   1.8320E-03
  169   1.3740E-03
  170   1.0900E-03
  171   7.4800E-04
  172   5.6700E-04
  173   4.0700E-04
  174   2.6900E-04
  175   2.0700E-04
  176   1.4600E-04
  177   8.3000E-05
  178   5.5000E-05
  179   3.1000E-05
  180   2.9000E-05
  181   9.0000E-06
  182   8.0000E-06
  183   6.0000E-06
  184   2.0000E-06
  186   2.0000E-06
