   49   2.0000E-06
   56   2.0000E-06
   59   2.0000E-06
   60   4.0000E-06
   61   8.0000E-06
   62   9.0000E-06
   63   8.0000E-06
   64   1.8000E-05
   65   7.0000E-06
   66   2.3000E-05
   67   1.4000E-05
   68   3.1000E-05
   69   2.7000E-05
   70   4.3000E-05
   71   3.6000E-05
   72   4.7000E-05
   73   6.3000E-05
   74   7.0000E-05
   75   9.4000E-05
   76   9.7000E-05
   77   1.0600E-04
   78   1.3900E-04
   79   1.7000E-04
   80   2.0400E-04
   81   2.2200E-04
   82   2.5700E-04
   83   3.0700E-04
   84   4.1000E-04
   85   4.6600E-04
   86   5.4000E-04
   87   6.8500E-04
   88   7.8600E-04
   89   9.7300E-04
   90   1.2350E-03
   91   1.4680E-03
   92   1.7040E-03
   93   2.1600E-03
   94   2.7450E-03
   95   3.1960E-03
   96   4.0090E-03
   97   4.6650E-03
   98   5.5190E-03
   99   6.7710E-03
  100   8.3120E-03
  101   9.6390E-03
  102   1.1360E-02
  103   1.3425E-02
  104   1.5933E-02
  105   1.8118E-02
  106   2.1018E-02
  107   2.4090E-02
  108   2.6751E-02
  109   2.9851E-02
  110   3.2828E-02
  111   3.5587E-02
  112   3.8367E-02
  113   4.1097E-02
  114   4.2723E-02
  115   4.4612E-02
  116   4.5835E-02
  117   4.6202E-02
  118   4.6107E-02
  119   4.5412E-02
  120   4.4585E-02
  121   4.3535E-02
  122   4.1850E-02
  123   4.0141E-02
  124   3.8034E-02
  125   3.5593E-02
  126   3.2390E-02
  127   2.9552E-02
  128   2.6166E-02
  129   2.2967E-02
  130   2.1499E-02
  131   2.3995E-02
  132   2.7814E-02
  133   3.0698E-02
  134   3.3901E-02
  135   3.6986E-02
  136   3.9082E-02
  137   4.1125E-02
  138   4.2555E-02
  139   4.4217E-02
  140   4.5003E-02
  141   4.5973E-02
  142   4.6296E-02
  143   4.6333E-02
  144   4.5468E-02
  145   4.4164E-02
  146   4.2070E-02
  147   4.0182E-02
  148   3.7380E-02
  149   3.4616E-02
  150   3.1782E-02
  151   2.8713E-02
  152   2.5635E-02
  153   2.2865E-02
  154   2.0093E-02
  155   1.7307E-02
  156   1.5101E-02
  157   1.2582E-02
  158   1.0736E-02
  159   9.2460E-03
  160   7.6740E-03
  161   6.4240E-03
  162   5.2000E-03
  163   4.4340E-03
  164   3.6700E-03
  165   3.0880E-03
  166   2.5300E-03
  167   2.0520E-03
  168   1.6200E-03
  169   1.3820E-03
  170   1.1710E-03
  171   9.2700E-04
  172   7.5100E-04
  173   6.5100E-04
  174   5.1200E-04
  175   4.6300E-04
  176   3.9200E-04
  177   2.9700E-04
  178   2.5100E-04
  179   2.2500E-04
  180   1.9400E-04
  181   1.6500E-04
  182   1.3700E-04
  183   1.0800E-04
  184   1.0000E-04
  185   8.9000E-05
  186   7.5000E-05
  187   5.8000E-05
  188   4.7000E-05
  189   3.9000E-05
  190   4.0000E-05
