   58   2.0000E-06
   62   3.0000E-06
   64   2.0000E-06
   65   3.0000E-06
   66   2.0000E-06
   67   2.0000E-06
   68   1.1000E-05
   69   1.0000E-05
   70   1.1000E-05
   71   8.0000E-06
   72   1.0000E-05
   73   2.7000E-05
   74   3.1000E-05
   75   3.3000E-05
   76   3.9000E-05
   77   3.0000E-05
   78   4.7000E-05
   79   6.1000E-05
   80   8.1000E-05
   81   9.3000E-05
   82   1.2300E-04
   83   1.2900E-04
   84   1.7700E-04
   85   2.3500E-04
   86   2.8400E-04
   87   3.4900E-04
   88   4.2600E-04
   89   6.0200E-04
   90   7.6500E-04
   91   9.3500E-04
   92   1.2090E-03
   93   1.5170E-03
   94   2.0770E-03
   95   2.4260E-03
   96   3.1030E-03
   97   3.8420E-03
   98   4.6830E-03
   99   5.7410E-03
  100   7.5220E-03
  101   8.8220E-03
  102   1.0490E-02
  103   1.2742E-02
  104   1.5100E-02
  105   1.7755E-02
  106   2.0874E-02
  107   2.3868E-02
  108   2.6657E-02
  109   3.0324E-02
  110   3.4167E-02
  111   3.7153E-02
  112   3.9835E-02
  113   4.3428E-02
  114   4.4797E-02
  115   4.7556E-02
  116   4.8218E-02
  117   4.8558E-02
  118   4.8558E-02
  119   4.7548E-02
  120   4.6303E-02
  121   4.4677E-02
  122   4.2865E-02
  123   4.0778E-02
  124   3.8082E-02
  125   3.5019E-02
  126   3.1280E-02
  127   2.7217E-02
  128   2.3386E-02
  129   1.9527E-02
  130   1.7327E-02
  131   2.0147E-02
  132   2.4077E-02
  133   2.7979E-02
  134   3.2100E-02
  135   3.5702E-02
  136   3.8635E-02
  137   4.1394E-02
  138   4.3041E-02
  139   4.5055E-02
  140   4.6654E-02
  141   4.7791E-02
  142   4.8581E-02
  143   4.8684E-02
  144   4.8274E-02
  145   4.7025E-02
  146   4.4603E-02
  147   4.2872E-02
  148   3.9458E-02
  149   3.6755E-02
  150   3.3520E-02
  151   2.9573E-02
  152   2.6258E-02
  153   2.3275E-02
  154   2.0445E-02
  155   1.7335E-02
  156   1.4679E-02
  157   1.2412E-02
  158   1.0113E-02
  159   8.6370E-03
  160   7.1930E-03
  161   5.5930E-03
  162   4.5080E-03
  163   3.7220E-03
  164   2.9200E-03
  165   2.3870E-03
  166   1.9530E-03
  167   1.4710E-03
  168   1.1420E-03
  169   8.8900E-04
  170   7.2700E-04
  171   5.8300E-04
  172   3.8200E-04
  173   3.4200E-04
  174   2.7800E-04
  175   2.2400E-04
  176   1.6700E-04
  177   1.3200E-04
  178   1.1600E-04
  179   9.1000E-05
  180   7.8000E-05
  181   6.1000E-05
  182   4.7000E-05
  183   3.0000E-05
  184   3.9000E-05
  185   3.3000E-05
  186   3.1000E-05
  187   2.7000E-05
  188   1.0000E-05
  189   8.0000E-06
  190   1.1000E-05
