   68   2.0000E-06
   69   2.0000E-06
   74   2.0000E-06
   75   4.0000E-06
   77   1.0000E-05
   78   7.0000E-06
   79   2.3000E-05
   80   4.4000E-05
   81   4.9000E-05
   82   8.3000E-05
   83   1.2800E-04
   84   2.0300E-04
   85   2.6100E-04
   86   3.9500E-04
   87   5.6800E-04
   88   8.2900E-04
   89   1.1060E-03
   90   1.4170E-03
   91   1.8250E-03
   92   2.4610E-03
   93   2.9260E-03
   94   4.0810E-03
   95   4.6580E-03
   96   5.4910E-03
   97   6.9590E-03
   98   8.4500E-03
   99   9.9360E-03
  100   1.1701E-02
  101   1.3662E-02
  102   1.5534E-02
  103   1.8307E-02
  104   2.1638E-02
  105   2.4223E-02
  106   2.7355E-02
  107   3.0833E-02
  108   3.4673E-02
  109   3.8130E-02
  110   4.1938E-02
  111   4.4628E-02
  112   4.7248E-02
  113   4.9396E-02
  114   5.0647E-02
  115   5.1002E-02
  116   5.0604E-02
  117   4.9039E-02
  118   4.7342E-02
  119   4.4502E-02
  120   4.2085E-02
  121   3.9417E-02
  122   3.6131E-02
  123   3.1641E-02
  124   2.6546E-02
  125   2.1795E-02
  126   1.6699E-02
  127   1.2289E-02
  128   9.0520E-03
  129   9.0520E-03
  130   1.2289E-02
  131   1.6699E-02
  132   2.1795E-02
  133   2.6546E-02
  134   3.1641E-02
  135   3.6131E-02
  136   3.9417E-02
  137   4.2085E-02
  138   4.4502E-02
  139   4.7342E-02
  140   4.9039E-02
  141   5.0604E-02
  142   5.1002E-02
  143   5.0647E-02
  144   4.9396E-02
  145   4.7248E-02
  146   4.4628E-02
  147   4.1938E-02
  148   3.8130E-02
  149   3.4673E-02
  150   3.0833E-02
  151   2.7355E-02
  152   2.4223E-02
  153   2.1638E-02
  154   1.8307E-02
  155   1.5534E-02
  156   1.3662E-02
  157   1.1701E-02
  158   9.9360E-03
  159   8.4500E-03
  160   6.9590E-03
  161   5.4910E-03
  162   4.6580E-03
  163   4.0810E-03
  164   2.9260E-03
  165   2.4610E-03
  166   1.8250E-03
  167   1.4170E-03
  168   1.1060E-03
  169   8.2900E-04
  170   5.6800E-04
  171   3.9500E-04
  172   2.6100E-04
  173   2.0300E-04
  174   1.2800E-04
  175   8.3000E-05
  176   4.9000E-05
  177   4.4000E-05
  178   2.3000E-05
  179   7.0000E-06
  180   1.0000E-05
  182   4.0000E-06
  183   2.0000E-06
  188   2.0000E-06
  189   2.0000E-06
