   59   2.0000E-06
   70   3.0000E-06
   73   4.0000E-06
   74   6.0000E-06
   75   7.0000E-06
   76   8.0000E-06
   77   9.0000E-06
   78   1.8000E-05
   79   2.1000E-05
   80   4.2000E-05
   81   6.8000E-05
   82   8.5000E-05
   83   1.1500E-04
   84   1.6500E-04
   85   2.2900E-04
   86   3.2700E-04
   87   4.4300E-04
   88   7.3000E-04
   89   8.5600E-04
   90   1.1260E-03
   91   1.4670E-03
   92   1.9020E-03
   93   2.4000E-03
   94   3.3560E-03
   95   3.7410E-03
   96   4.6680E-03
   97   5.9550E-03
   98   7.8310E-03
   99   9.0130E-03
  100   1.0960E-02
  101   1.3367E-02
  102   1.5672E-02
  103   1.8759E-02
  104   2.2970E-02
  105   2.5729E-02
  106   2.8876E-02
  107   3.3032E-02
  108   3.7445E-02
  109   4.0852E-02
  110   4.3834E-02
  111   4.7202E-02
  112   4.9249E-02
  113   5.0944E-02
  114   5.1935E-02
  115   5.1500E-02
  116   5.0600E-02
  117   4.8599E-02
  118   4.6781E-02
  119   4.4896E-02
  120   4.1769E-02
  121   3.8915E-02
  122   3.4683E-02
  123   2.9931E-02
  124   2.5372E-02
  125   2.0064E-02
  126   1.5545E-02
  127   1.1406E-02
  128   8.9680E-03
  129   1.1406E-02
  130   1.5545E-02
  131   2.0064E-02
  132   2.5372E-02
  133   2.9931E-02
  134   3.4683E-02
  135   3.8915E-02
  136   4.1769E-02
  137   4.4896E-02
  138   4.6781E-02
  139   4.8599E-02
  140   5.0600E-02
  141   5.1500E-02
  142   5.1935E-02
  143   5.0944E-02
  144   4.9249E-02
  145   4.7202E-02
  146   4.3834E-02
  147   4.0852E-02
  148   3.7445E-02
  149   3.3032E-02
  150   2.8876E-02
  151   2.5729E-02
  152   2.2970E-02
  153   1.8759E-02
  154   1.5672E-02
  155   1.3367E-02
  156   1.0960E-02
  157   9.0130E-03
  158   7.8310E-03
  159   5.9550E-03
  160   4.6680E-03
  161   3.7410E-03
  162   3.3560E-03
  163   2.4000E-03
  164   1.9020E-03
  165   1.4670E-03
  166   1.1260E-03
  167   8.5600E-04
  168   7.3000E-04
  169   4.4300E-04
  170   3.2700E-04
  171   2.2900E-04
  172   1.6500E-04
  173   1.1500E-04
  174   8.5000E-05
  175   6.8000E-05
  176   4.2000E-05
  177   2.1000E-05
  178   1.8000E-05
  179   9.0000E-06
  180   8.0000E-06
  181   7.0000E-06
  182   6.0000E-06
  183   4.0000E-06
  186   3.0000E-06
