   52   2.0000E-06
   56   5.0000E-06
   57   7.0000E-06
   58   2.0000E-06
   59   6.0000E-06
   60   8.0000E-06
   61   1.3000E-05
   62   6.0000E-06
   63   1.5000E-05
   64   3.0000E-05
   65   2.5000E-05
   66   3.4000E-05
   67   3.4000E-05
   68   3.7000E-05
   69   5.7000E-05
   70   6.5000E-05
   71   6.0000E-05
   72   8.8000E-05
   73   9.1000E-05
   74   1.3900E-04
   75   1.2300E-04
   76   1.6900E-04
   77   1.9900E-04
   78   2.1500E-04
   79   2.7700E-04
   80   3.7000E-04
   81   3.8400E-04
   82   4.2400E-04
   83   5.2900E-04
   84   6.2500E-04
   85   6.7500E-04
   86   8.2200E-04
   87   9.8500E-04
   88   1.2020E-03
   89   1.4420E-03
   90   1.7410E-03
   91   2.0090E-03
   92   2.4270E-03
   93   2.9880E-03
   94   3.6480E-03
   95   4.2130E-03
   96   5.0490E-03
   97   6.1230E-03
   98   7.3280E-03
   99   8.6040E-03
  100   1.0508E-02
  101   1.1880E-02
  102   1.3870E-02
  103   1.6345E-02
  104   1.8894E-02
  105   2.1250E-02
  106   2.4035E-02
  107   2.7079E-02
  108   3.0002E-02
  109   3.2804E-02
  110   3.5624E-02
  111   3.8213E-02
  112   4.0478E-02
  113   4.2286E-02
  114   4.4049E-02
  115   4.4718E-02
  116   4.4815E-02
  117   4.4976E-02
  118   4.4499E-02
  119   4.3822E-02
  120   4.2357E-02
  121   4.1053E-02
  122   3.9536E-02
  123   3.7559E-02
  124   3.5116E-02
  125   3.2148E-02
  126   2.9130E-02
  127   2.6473E-02
  128   2.3592E-02
  129   2.2609E-02
  130   2.4559E-02
  131   2.7741E-02
  132   3.0376E-02
  133   3.3486E-02
  134   3.6211E-02
  135   3.8693E-02
  136   4.0352E-02
  137   4.1547E-02
  138   4.3206E-02
  139   4.4351E-02
  140   4.4935E-02
  141   4.5229E-02
  142   4.4827E-02
  143   4.4768E-02
  144   4.3529E-02
  145   4.1776E-02
  146   3.9861E-02
  147   3.7331E-02
  148   3.4396E-02
  149   3.1931E-02
  150   2.8979E-02
  151   2.6062E-02
  152   2.3121E-02
  153   2.0499E-02
  154   1.8011E-02
  155   1.5329E-02
  156   1.3285E-02
  157   1.1447E-02
  158   9.9090E-03
  159   8.1680E-03
  160   6.9910E-03
  161   5.7310E-03
  162   4.8330E-03
  163   4.0890E-03
  164   3.4500E-03
  165   2.8110E-03
  166   2.2810E-03
  167   1.9600E-03
  168   1.6890E-03
  169   1.4130E-03
  170   1.1280E-03
  171   9.6000E-04
  172   7.8700E-04
  173   6.8000E-04
  174   5.9600E-04
  175   5.2200E-04
  176   4.1900E-04
  177   3.8700E-04
  178   3.6200E-04
  179   2.7400E-04
  180   2.1600E-04
  181   1.9300E-04
  182   1.6900E-04
  183   1.2300E-04
  184   1.3900E-04
  185   9.1000E-05
  186   9.0000E-05
  187   5.8000E-05
  188   6.5000E-05
  189   5.7000E-05
  190   3.7000E-05
