   55   2.0000E-06
   59   3.0000E-06
   61   4.0000E-06
   62   5.0000E-06
   63   7.0000E-06
   64   5.0000E-06
   65   8.0000E-06
   66   7.0000E-06
   67   1.3000E-05
   68   1.4000E-05
   69   1.8000E-05
   70   1.3000E-05
   71   3.2000E-05
   72   3.2000E-05
   73   4.3000E-05
   74   4.8000E-05
   75   5.2000E-05
   76   6.0000E-05
   77   7.6000E-05
   78   1.0500E-04
   79   1.0900E-04
   80   1.4900E-04
   81   1.7100E-04
   82   2.0400E-04
   83   2.5600E-04
   84   3.1600E-04
   85   3.6400E-04
   86   3.9900E-04
   87   5.5300E-04
   88   6.5600E-04
   89   8.5400E-04
   90   1.1110E-03
   91   1.2820E-03
   92   1.6700E-03
   93   1.9930E-03
   94   2.6850E-03
   95   3.1570E-03
   96   4.0790E-03
   97   5.1090E-03
   98   6.1450E-03
   99   7.5570E-03
  100   9.3700E-03
  101   1.1021E-02
  102   1.2911E-02
  103   1.5715E-02
  104   1.8579E-02
  105   2.1377E-02
  106   2.4269E-02
  107   2.7455E-02
  108   3.0746E-02
  109   3.4447E-02
  110   3.8070E-02
  111   4.0624E-02
  112   4.3583E-02
  113   4.5356E-02
  114   4.6996E-02
  115   4.7883E-02
  116   4.8190E-02
  117   4.7729E-02
  118   4.6889E-02
  119   4.5573E-02
  120   4.3832E-02
  121   4.2014E-02
  122   3.9884E-02
  123   3.7302E-02
  124   3.4024E-02
  125   3.0600E-02
  126   2.6536E-02
  127   2.2791E-02
  128   1.9069E-02
  129   1.7065E-02
  130   1.9657E-02
  131   2.3418E-02
  132   2.7208E-02
  133   3.1268E-02
  134   3.4706E-02
  135   3.7917E-02
  136   4.0461E-02
  137   4.2236E-02
  138   4.4044E-02
  139   4.5866E-02
  140   4.7221E-02
  141   4.7888E-02
  142   4.8386E-02
  143   4.7862E-02
  144   4.6746E-02
  145   4.5132E-02
  146   4.3183E-02
  147   4.0052E-02
  148   3.7532E-02
  149   3.3908E-02
  150   3.0245E-02
  151   2.6868E-02
  152   2.3852E-02
  153   2.1070E-02
  154   1.7963E-02
  155   1.5305E-02
  156   1.2502E-02
  157   1.0859E-02
  158   8.9600E-03
  159   7.4660E-03
  160   5.9350E-03
  161   4.9140E-03
  162   4.0060E-03
  163   3.0410E-03
  164   2.6090E-03
  165   1.9180E-03
  166   1.5870E-03
  167   1.2500E-03
  168   1.0690E-03
  169   8.1700E-04
  170   6.3700E-04
  171   5.3400E-04
  172   3.9300E-04
  173   3.5900E-04
  174   3.0900E-04
  175   2.5100E-04
  176   2.0000E-04
  177   1.6500E-04
  178   1.5100E-04
  179   1.0500E-04
  180   1.0500E-04
  181   7.6000E-05
  182   6.0000E-05
  183   5.2000E-05
  184   4.8000E-05
  185   4.3000E-05
  186   3.2000E-05
  187   3.2000E-05
  188   1.3000E-05
  189   1.8000E-05
  190   1.4000E-05
