   63   2.0000E-06
   67   3.0000E-06
   68   3.0000E-06
   69   2.0000E-06
   70   5.0000E-06
   71   2.0000E-06
   72   8.0000E-06
   73   5.0000E-06
   74   1.8000E-05
   75   9.0000E-06
   76   2.0000E-05
   77   2.7000E-05
   78   2.1000E-05
   79   3.7000E-05
   80   4.9000E-05
   81   7.5000E-05
   82   9.2000E-05
   83   1.2500E-04
   84   1.8300E-04
   85   1.8900E-04
   86   2.3900E-04
   87   3.8100E-04
   88   5.0400E-04
   89   6.4400E-04
   90   8.7700E-04
   91   1.1210E-03
   92   1.4820E-03
   93   1.9030E-03
   94   2.5130E-03
   95   3.0380E-03
   96   3.8200E-03
   97   5.1190E-03
   98   6.2530E-03
   99   7.8020E-03
  100   9.5310E-03
  101   1.1683E-02
  102   1.3899E-02
  103   1.6645E-02
  104   2.0197E-02
  105   2.2959E-02
  106   2.6342E-02
  107   3.0382E-02
  108   3.4201E-02
  109   3.7741E-02
  110   4.1322E-02
  111   4.4206E-02
  112   4.6694E-02
  113   4.8346E-02
  114   5.0271E-02
  115   5.0995E-02
  116   5.0297E-02
  117   4.9464E-02
  118   4.7899E-02
  119   4.5725E-02
  120   4.3590E-02
  121   4.1137E-02
  122   3.8521E-02
  123   3.4415E-02
  124   3.0288E-02
  125   2.5809E-02
  126   2.0867E-02
  127   1.6988E-02
  128   1.3001E-02
  129   1.3011E-02
  130   1.6996E-02
  131   2.0925E-02
  132   2.5826E-02
  133   3.0343E-02
  134   3.4438E-02
  135   3.8565E-02
  136   4.1152E-02
  137   4.3584E-02
  138   4.5768E-02
  139   4.7969E-02
  140   4.9437E-02
  141   5.0319E-02
  142   5.1017E-02
  143   5.0224E-02
  144   4.8357E-02
  145   4.6638E-02
  146   4.4186E-02
  147   4.1324E-02
  148   3.7742E-02
  149   3.4151E-02
  150   3.0321E-02
  151   2.6330E-02
  152   2.2950E-02
  153   2.0173E-02
  154   1.6607E-02
  155   1.3874E-02
  156   1.1679E-02
  157   9.4960E-03
  158   7.8060E-03
  159   6.2310E-03
  160   5.1180E-03
  161   3.8120E-03
  162   3.0260E-03
  163   2.5030E-03
  164   1.9080E-03
  165   1.4730E-03
  166   1.1240E-03
  167   8.7000E-04
  168   6.4000E-04
  169   5.0400E-04
  170   3.8100E-04
  171   2.3500E-04
  172   1.9100E-04
  173   1.8300E-04
  174   1.2300E-04
  175   9.2000E-05
  176   7.5000E-05
  177   4.9000E-05
  178   3.7000E-05
  179   2.1000E-05
  180   2.7000E-05
  181   2.0000E-05
  182   9.0000E-06
  183   1.8000E-05
  184   5.0000E-06
  185   8.0000E-06
  186   2.0000E-06
  187   5.0000E-06
  188   2.0000E-06
  189   3.0000E-06
  190   3.0000E-06
