   52   3.0000E-06
   53   2.0000E-06
   54   2.0000E-06
   57   3.0000E-06
   59   3.0000E-06
   60   4.0000E-06
   61   3.0000E-06
   62   4.0000E-06
   63   6.0000E-06
   64   1.1000E-05
   65   5.0000E-06
   66   2.2000E-05
   67   9.0000E-06
   68   1.4000E-05
   69   1.7000E-05
   70   2.0000E-05
   71   3.0000E-05
   72   2.4000E-05
   73   2.8000E-05
   74   5.2000E-05
   75   5.1000E-05
   76   7.0000E-05
   77   6.6000E-05
   78   9.5000E-05
   79   1.0500E-04
   80   1.2700E-04
   81   1.5700E-04
   82   2.1500E-04
   83   2.3100E-04
   84   3.3100E-04
   85   3.8500E-04
   86   5.4000E-04
   87   7.1100E-04
   88   9.2200E-04
   89   1.1680E-03
   90   1.3910E-03
   91   1.9160E-03
   92   2.5830E-03
   93   3.3290E-03
   94   4.2160E-03
   95   5.4700E-03
   96   6.8040E-03
   97   8.3660E-03
   98   1.0565E-02
   99   1.2610E-02
  100   1.4871E-02
  101   1.7863E-02
  102   2.1834E-02
  103   2.4892E-02
  104   2.8457E-02
  105   3.2443E-02
  106   3.5588E-02
  107   3.9395E-02
  108   4.2774E-02
  109   4.5378E-02
  110   4.7485E-02
  111   4.9374E-02
  112   4.9768E-02
  113   5.0175E-02
  114   4.9339E-02
  115   4.8508E-02
  116   4.6703E-02
  117   4.4423E-02
  118   4.2190E-02
  119   3.9392E-02
  120   3.6149E-02
  121   3.2355E-02
  122   2.7762E-02
  123   2.3496E-02
  124   1.9267E-02
  125   1.5349E-02
  126   1.2041E-02
  127   1.2037E-02
  128   1.5360E-02
  129   1.9296E-02
  130   2.3519E-02
  131   2.7811E-02
  132   3.2382E-02
  133   3.6171E-02
  134   3.9403E-02
  135   4.2194E-02
  136   4.4457E-02
  137   4.6715E-02
  138   4.8507E-02
  139   4.9352E-02
  140   5.0181E-02
  141   4.9775E-02
  142   4.9345E-02
  143   4.7494E-02
  144   4.5354E-02
  145   4.2765E-02
  146   3.9373E-02
  147   3.5569E-02
  148   3.2422E-02
  149   2.8453E-02
  150   2.4850E-02
  151   2.1823E-02
  152   1.7844E-02
  153   1.4868E-02
  154   1.2577E-02
  155   1.0561E-02
  156   8.3500E-03
  157   6.8070E-03
  158   5.4530E-03
  159   4.2160E-03
  160   3.3260E-03
  161   2.5770E-03
  162   1.9090E-03
  163   1.3940E-03
  164   1.1640E-03
  165   9.2200E-04
  166   7.1200E-04
  167   5.3600E-04
  168   3.8500E-04
  169   3.3100E-04
  170   2.3100E-04
  171   2.1500E-04
  172   1.5700E-04
  173   1.2700E-04
  174   1.0500E-04
  175   9.5000E-05
  176   6.6000E-05
  177   7.0000E-05
  178   5.1000E-05
  179   5.2000E-05
  180   2.8000E-05
  181   2.4000E-05
  182   3.0000E-05
  183   2.0000E-05
  184   1.7000E-05
  185   1.4000E-05
  186   9.0000E-06
  187   2.2000E-05
  188   5.0000E-06
  189   1.1000E-05
  190   6.0000E-06
