   42   2.0000E-06
   46   2.0000E-06
   48   5.0000E-06
   50   6.0000E-06
   51   4.0000E-06
   52   6.0000E-06
   53   7.0000E-06
   54   1.3000E-05
   55   4.0000E-06
   56   1.2000E-05
   57   1.2000E-05
   58   1.8000E-05
   59   2.0000E-05
   60   2.6000E-05
   61   2.9000E-05
   62   4.1000E-05
   63   6.3000E-05
   64   6.8000E-05
   65   7.1000E-05
   66   1.1300E-04
   67   1.2200E-04
   68   1.5000E-04
   69   1.4800E-04
   70   1.8000E-04
   71   2.3100E-04
   72   2.8300E-04
   73   2.9700E-04
   74   3.6000E-04
   75   4.0200E-04
   76   4.2000E-04
   77   5.5700E-04
   78   6.6100E-04
   79   7.1000E-04
   80   8.7800E-04
   81   1.0070E-03
   82   1.1870E-03
   83   1.3020E-03
   84   1.5390E-03
   85   1.6940E-03
   86   2.0200E-03
   87   2.3020E-03
   88   2.7750E-03
   89   2.9830E-03
   90   3.5380E-03
   91   4.0120E-03
   92   4.6790E-03
   93   5.2990E-03
   94   6.1090E-03
   95   6.9580E-03
   96   7.8580E-03
   97   9.1140E-03
   98   1.0431E-02
   99   1.1803E-02
  100   1.3532E-02
  101   1.5126E-02
  102   1.6681E-02
  103   1.9253E-02
  104   2.1383E-02
  105   2.3558E-02
  106   2.5626E-02
  107   2.8190E-02
  108   3.0418E-02
  109   3.2251E-02
  110   3.4165E-02
  111   3.6375E-02
  112   3.7694E-02
  113   3.8991E-02
  114   3.9914E-02
  115   3.9881E-02
  116   4.0589E-02
  117   4.0733E-02
  118   4.0552E-02
  119   3.9968E-02
  120   3.9295E-02
  121   3.8597E-02
  122   3.7942E-02
  123   3.6362E-02
  124   3.4829E-02
  125   3.2871E-02
  126   3.1488E-02
  127   2.9976E-02
  128   2.9803E-02
  129   3.1108E-02
  130   3.3164E-02
  131   3.4563E-02
  132   3.6552E-02
  133   3.8082E-02
  134   3.9319E-02
  135   3.9452E-02
  136   4.0360E-02
  137   4.0794E-02
  138   4.1105E-02
  139   4.1376E-02
  140   4.0779E-02
  141   4.0279E-02
  142   3.9570E-02
  143   3.8695E-02
  144   3.6942E-02
  145   3.5119E-02
  146   3.3215E-02
  147   3.1036E-02
  148   2.8853E-02
  149   2.6739E-02
  150   2.4187E-02
  151   2.2154E-02
  152   1.9887E-02
  153   1.7693E-02
  154   1.5821E-02
  155   1.4028E-02
  156   1.2589E-02
  157   1.1032E-02
  158   9.6790E-03
  159   8.4880E-03
  160   7.3970E-03
  161   6.5080E-03
  162   5.8200E-03
  163   5.0380E-03
  164   4.3690E-03
  165   3.8440E-03
  166   3.3670E-03
  167   2.9020E-03
  168   2.6460E-03
  169   2.2160E-03
  170   1.9460E-03
  171   1.6980E-03
  172   1.4830E-03
  173   1.2670E-03
  174   1.1840E-03
  175   9.7600E-04
  176   8.5600E-04
  177   6.9700E-04
  178   6.3800E-04
  179   5.4000E-04
  180   4.2100E-04
  181   4.0500E-04
  182   3.4400E-04
  183   2.9700E-04
  184   2.7900E-04
  185   2.2200E-04
  186   1.7100E-04
  187   1.6100E-04
  188   1.4300E-04
  189   1.1700E-04
  190   1.0600E-04
