   56   2.0000E-06
   64   2.0000E-06
   65   4.0000E-06
   66   2.0000E-06
   67   2.0000E-06
   68   7.0000E-06
   70   6.0000E-06
   71   5.0000E-06
   72   1.1000E-05
   73   1.1000E-05
   74   8.0000E-06
   75   2.4000E-05
   76   2.0000E-05
   77   3.3000E-05
   78   2.5000E-05
   79   3.4000E-05
   80   5.6000E-05
   81   5.1000E-05
   82   8.3000E-05
   83   9.9000E-05
   84   1.2100E-04
   85   1.5900E-04
   86   2.0800E-04
   87   2.4400E-04
   88   3.5100E-04
   89   4.4900E-04
   90   5.9800E-04
   91   7.1100E-04
   92   9.5000E-04
   93   1.2070E-03
   94   1.5150E-03
   95   1.9240E-03
   96   2.5660E-03
   97   3.1200E-03
   98   3.7840E-03
   99   4.7790E-03
  100   6.0670E-03
  101   7.2320E-03
  102   8.6950E-03
  103   1.0278E-02
  104   1.2320E-02
  105   1.4395E-02
  106   1.7425E-02
  107   2.0052E-02
  108   2.2939E-02
  109   2.6462E-02
  110   2.9677E-02
  111   3.2843E-02
  112   3.6393E-02
  113   3.9686E-02
  114   4.2035E-02
  115   4.4845E-02
  116   4.7052E-02
  117   4.8066E-02
  118   4.8713E-02
  119   4.8778E-02
  120   4.8070E-02
  121   4.6899E-02
  122   4.5439E-02
  123   4.3375E-02
  124   4.1293E-02
  125   3.9045E-02
  126   3.5970E-02
  127   3.2136E-02
  128   2.8261E-02
  129   2.4271E-02
  130   2.0100E-02
  131   1.8259E-02
  132   2.0748E-02
  133   2.5079E-02
  134   2.8909E-02
  135   3.3030E-02
  136   3.6741E-02
  137   3.9525E-02
  138   4.1835E-02
  139   4.3657E-02
  140   4.5821E-02
  141   4.7049E-02
  142   4.8311E-02
  143   4.8887E-02
  144   4.8761E-02
  145   4.8104E-02
  146   4.6690E-02
  147   4.4264E-02
  148   4.1725E-02
  149   3.9093E-02
  150   3.5745E-02
  151   3.2464E-02
  152   2.9142E-02
  153   2.5860E-02
  154   2.2304E-02
  155   1.9761E-02
  156   1.6856E-02
  157   1.3980E-02
  158   1.2013E-02
  159   9.9190E-03
  160   8.5150E-03
  161   7.0330E-03
  162   5.7430E-03
  163   4.5780E-03
  164   3.6440E-03
  165   2.9990E-03
  166   2.4070E-03
  167   1.8190E-03
  168   1.4470E-03
  169   1.1100E-03
  170   9.2600E-04
  171   6.8100E-04
  172   5.4600E-04
  173   4.2000E-04
  174   3.0800E-04
  175   2.4600E-04
  176   1.8700E-04
  177   1.5400E-04
  178   1.1300E-04
  179   9.7000E-05
  180   7.7000E-05
  181   5.3000E-05
  182   5.4000E-05
  183   3.2000E-05
  184   2.8000E-05
  185   3.0000E-05
  186   2.0000E-05
  187   2.4000E-05
  188   8.0000E-06
  189   1.1000E-05
  190   1.1000E-05
