   74   3.0000E-06
   78   6.0000E-06
   79   1.0000E-05
   80   1.6000E-05
   81   2.6000E-05
   82   3.4000E-05
   83   5.6000E-05
   84   9.3000E-05
   85   1.4800E-04
   86   2.5700E-04
   87   3.6100E-04
   88   4.9800E-04
   89   6.9100E-04
   90   1.0410E-03
   91   1.3410E-03
   92   1.7560E-03
   93   2.3500E-03
   94   2.9400E-03
   95   3.6610E-03
   96   5.0250E-03
   97   5.8200E-03
   98   6.9880E-03
   99   8.3610E-03
  100   9.8510E-03
  101   1.1114E-02
  102   1.3015E-02
  103   1.4349E-02
  104   1.6098E-02
  105   1.8199E-02
  106   2.0818E-02
  107   2.2752E-02
  108   2.4884E-02
  109   2.8055E-02
  110   3.0568E-02
  111   3.3348E-02
  112   3.6704E-02
  113   3.9182E-02
  114   4.1402E-02
  115   4.3933E-02
  116   4.5498E-02
  117   4.6722E-02
  118   4.7087E-02
  119   4.6506E-02
  120   4.5869E-02
  121   4.4486E-02
  122   4.2923E-02
  123   4.0610E-02
  124   3.8272E-02
  125   3.5751E-02
  126   3.2051E-02
  127   2.7613E-02
  128   2.3095E-02
  129   1.8238E-02
  130   1.3799E-02
  131   1.1402E-02
  132   1.3799E-02
  133   1.8238E-02
  134   2.3095E-02
  135   2.7613E-02
  136   3.2051E-02
  137   3.5751E-02
  138   3.8272E-02
  139   4.0610E-02
  140   4.2923E-02
  141   4.4486E-02
  142   4.5869E-02
  143   4.6506E-02
  144   4.7087E-02
  145   4.6722E-02
  146   4.5498E-02
  147   4.3933E-02
  148   4.1402E-02
  149   3.9182E-02
  150   3.6704E-02
  151   3.3348E-02
  152   3.0568E-02
  153   2.8055E-02
  154   2.4884E-02
  155   2.2752E-02
  156   2.0818E-02
  157   1.8199E-02
  158   1.6098E-02
  159   1.4349E-02
  160   1.3015E-02
  161   1.1114E-02
  162   9.8510E-03
  163   8.3610E-03
  164   6.9880E-03
  165   5.8200E-03
  166   5.0250E-03
  167   3.6610E-03
  168   2.9400E-03
  169   2.3500E-03
  170   1.7560E-03
  171   1.3410E-03
  172   1.0410E-03
  173   6.9100E-04
  174   4.9800E-04
  175   3.6100E-04
  176   2.5700E-04
  177   1.4800E-04
  178   9.3000E-05
  179   5.6000E-05
  180   3.4000E-05
  181   2.6000E-05
  182   1.6000E-05
  183   1.0000E-05
  184   6.0000E-06
  188   3.0000E-06
