   78   2.0000E-06
   79   2.0000E-06
   80   6.0000E-06
   81   1.9000E-05
   82   2.6000E-05
   83   5.3000E-05
   84   7.9000E-05
   85   1.1700E-04
   86   1.8700E-04
   87   2.6900E-04
   88   4.2400E-04
   89   5.6600E-04
   90   8.7300E-04
   91   1.2380E-03
   92   1.7750E-03
   93   2.3280E-03
   94   2.7760E-03
   95   3.7230E-03
   96   5.2170E-03
   97   6.0510E-03
   98   7.2960E-03
   99   8.7380E-03
  100   1.0264E-02
  101   1.1705E-02
  102   1.4109E-02
  103   1.5163E-02
  104   1.6647E-02
  105   1.8321E-02
  106   2.0850E-02
  107   2.2293E-02
  108   2.4407E-02
  109   2.5892E-02
  110   2.7642E-02
  111   3.0129E-02
  112   3.3028E-02
  113   3.4823E-02
  114   3.7156E-02
  115   3.9508E-02
  116   4.0654E-02
  117   4.2830E-02
  118   4.3783E-02
  119   4.4538E-02
  120   4.3526E-02
  121   4.3461E-02
  122   4.1868E-02
  123   4.0713E-02
  124   3.8916E-02
  125   3.7240E-02
  126   3.4786E-02
  127   3.2202E-02
  128   2.8458E-02
  129   2.3755E-02
  130   1.9090E-02
  131   1.4620E-02
  132   1.1674E-02
  133   1.4620E-02
  134   1.9090E-02
  135   2.3755E-02
  136   2.8458E-02
  137   3.2202E-02
  138   3.4786E-02
  139   3.7240E-02
  140   3.8916E-02
  141   4.0713E-02
  142   4.1868E-02
  143   4.3461E-02
  144   4.3526E-02
  145   4.4538E-02
  146   4.3783E-02
  147   4.2830E-02
  148   4.0654E-02
  149   3.9508E-02
  150   3.7156E-02
  151   3.4823E-02
  152   3.3028E-02
  153   3.0129E-02
  154   2.7642E-02
  155   2.5892E-02
  156   2.4407E-02
  157   2.2293E-02
  158   2.0850E-02
  159   1.8321E-02
  160   1.6647E-02
  161   1.5163E-02
  162   1.4109E-02
  163   1.1705E-02
  164   1.0264E-02
  165   8.7380E-03
  166   7.2960E-03
  167   6.0510E-03
  168   5.2170E-03
  169   3.7230E-03
  170   2.7760E-03
  171   2.3280E-03
  172   1.7750E-03
  173   1.2380E-03
  174   8.7300E-04
  175   5.6600E-04
  176   4.2400E-04
  177   2.6900E-04
  178   1.8700E-04
  179   1.1700E-04
  180   7.9000E-05
  181   5.3000E-05
  182   2.6000E-05
  183   1.9000E-05
  184   6.0000E-06
  185   2.0000E-06
  186   2.0000E-06
