   78   2.0000E-06
   79   6.0000E-06
   80   1.1000E-05
   81   1.3000E-05
   82   2.8000E-05
   83   4.3000E-05
   84   7.2000E-05
   85   9.8000E-05
   86   1.9800E-04
   87   2.4600E-04
   88   3.8400E-04
   89   5.7600E-04
   90   7.6900E-04
   91   1.0290E-03
   92   1.5660E-03
   93   1.9920E-03
   94   2.4970E-03
   95   3.2680E-03
   96   4.5200E-03
   97   5.1830E-03
   98   6.2380E-03
   99   7.5800E-03
  100   8.9560E-03
  101   1.0245E-02
  102   1.2286E-02
  103   1.3321E-02
  104   1.4677E-02
  105   1.6817E-02
  106   1.8999E-02
  107   2.0829E-02
  108   2.3024E-02
  109   2.4924E-02
  110   2.7151E-02
  111   2.9957E-02
  112   3.2803E-02
  113   3.5250E-02
  114   3.7783E-02
  115   4.0331E-02
  116   4.2130E-02
  117   4.3610E-02
  118   4.4751E-02
  119   4.5571E-02
  120   4.5124E-02
  121   4.4511E-02
  122   4.3505E-02
  123   4.2171E-02
  124   4.0301E-02
  125   3.8898E-02
  126   3.6193E-02
  127   3.3178E-02
  128   2.9455E-02
  129   2.4636E-02
  130   2.0239E-02
  131   1.5710E-02
  132   1.2650E-02
  133   1.5710E-02
  134   2.0239E-02
  135   2.4636E-02
  136   2.9455E-02
  137   3.3178E-02
  138   3.6193E-02
  139   3.8898E-02
  140   4.0301E-02
  141   4.2171E-02
  142   4.3505E-02
  143   4.4511E-02
  144   4.5124E-02
  145   4.5571E-02
  146   4.4751E-02
  147   4.3610E-02
  148   4.2130E-02
  149   4.0331E-02
  150   3.7783E-02
  151   3.5250E-02
  152   3.2803E-02
  153   2.9957E-02
  154   2.7151E-02
  155   2.4924E-02
  156   2.3024E-02
  157   2.0829E-02
  158   1.8999E-02
  159   1.6817E-02
  160   1.4677E-02
  161   1.3321E-02
  162   1.2286E-02
  163   1.0245E-02
  164   8.9560E-03
  165   7.5800E-03
  166   6.2380E-03
  167   5.1830E-03
  168   4.5200E-03
  169   3.2680E-03
  170   2.4970E-03
  171   1.9920E-03
  172   1.5660E-03
  173   1.0290E-03
  174   7.6900E-04
  175   5.7600E-04
  176   3.8400E-04
  177   2.4600E-04
  178   1.9800E-04
  179   9.8000E-05
  180   7.2000E-05
  181   4.3000E-05
  182   2.8000E-05
  183   1.3000E-05
  184   1.1000E-05
  185   6.0000E-06
  186   2.0000E-06
