   78   4.0000E-06
   79   2.0000E-06
   80   7.0000E-06
   81   1.7000E-05
   82   2.4000E-05
   83   4.0000E-05
   84   5.1000E-05
   85   7.6000E-05
   86   1.3000E-04
   87   2.1800E-04
   88   3.1100E-04
   89   4.5700E-04
   90   5.8200E-04
   91   8.0900E-04
   92   1.2020E-03
   93   1.5170E-03
   94   1.8560E-03
   95   2.4490E-03
   96   3.4060E-03
   97   3.8830E-03
   98   4.9100E-03
   99   5.8830E-03
  100   6.9160E-03
  101   8.0120E-03
  102   9.6930E-03
  103   1.0924E-02
  104   1.2463E-02
  105   1.4349E-02
  106   1.6212E-02
  107   1.8039E-02
  108   2.0506E-02
  109   2.2541E-02
  110   2.4937E-02
  111   2.7403E-02
  112   3.0693E-02
  113   3.3727E-02
  114   3.6453E-02
  115   3.8858E-02
  116   4.1505E-02
  117   4.3708E-02
  118   4.5676E-02
  119   4.5986E-02
  120   4.6832E-02
  121   4.6719E-02
  122   4.5404E-02
  123   4.4258E-02
  124   4.2958E-02
  125   4.0447E-02
  126   3.9018E-02
  127   3.6113E-02
  128   3.2981E-02
  129   2.9013E-02
  130   2.4691E-02
  131   2.0073E-02
  132   1.6129E-02
  133   1.6712E-02
  134   2.0856E-02
  135   2.5666E-02
  136   2.9877E-02
  137   3.3652E-02
  138   3.6821E-02
  139   3.9391E-02
  140   4.0800E-02
  141   4.3272E-02
  142   4.4658E-02
  143   4.5511E-02
  144   4.6776E-02
  145   4.7053E-02
  146   4.5943E-02
  147   4.5502E-02
  148   4.3416E-02
  149   4.1034E-02
  150   3.8561E-02
  151   3.6064E-02
  152   3.3351E-02
  153   3.0068E-02
  154   2.7235E-02
  155   2.4569E-02
  156   2.2237E-02
  157   2.0074E-02
  158   1.7939E-02
  159   1.5649E-02
  160   1.4131E-02
  161   1.2178E-02
  162   1.0549E-02
  163   9.1760E-03
  164   7.7640E-03
  165   6.5980E-03
  166   5.5170E-03
  167   4.5370E-03
  168   3.7850E-03
  169   3.0460E-03
  170   2.2060E-03
  171   1.7420E-03
  172   1.3780E-03
  173   1.0830E-03
  174   7.3800E-04
  175   5.3500E-04
  176   3.9900E-04
  177   2.9100E-04
  178   1.7800E-04
  179   1.1900E-04
  180   7.2000E-05
  181   4.9000E-05
  182   3.0000E-05
  183   2.4000E-05
  184   1.4000E-05
  185   7.0000E-06
  186   2.0000E-06
  187   4.0000E-06
