   61   2.0000E-06
   64   5.0000E-06
   65   4.0000E-06
   66   9.0000E-06
   67   9.0000E-06
   68   1.3000E-05
   69   1.5000E-05
   70   2.2000E-05
   71   2.0000E-05
   72   3.6000E-05
   73   3.2000E-05
   74   3.2000E-05
   75   4.5000E-05
   76   4.7000E-05
   77   6.5000E-05
   78   9.2000E-05
   79   9.4000E-05
   80   1.1900E-04
   81   1.4600E-04
   82   1.6200E-04
   83   2.1100E-04
   84   2.3200E-04
   85   2.8600E-04
   86   3.5200E-04
   87   4.0800E-04
   88   5.1100E-04
   89   6.8100E-04
   90   7.6100E-04
   91   1.0140E-03
   92   1.3360E-03
   93   1.4970E-03
   94   1.8170E-03
   95   2.2390E-03
   96   2.8950E-03
   97   3.4320E-03
   98   4.2240E-03
   99   4.8780E-03
  100   5.6700E-03
  101   6.9320E-03
  102   8.3590E-03
  103   9.6950E-03
  104   1.1093E-02
  105   1.2872E-02
  106   1.4948E-02
  107   1.6806E-02
  108   1.9598E-02
  109   2.2092E-02
  110   2.4031E-02
  111   2.7105E-02
  112   3.0368E-02
  113   3.3011E-02
  114   3.5924E-02
  115   3.7972E-02
  116   4.0778E-02
  117   4.2599E-02
  118   4.4064E-02
  119   4.4609E-02
  120   4.5262E-02
  121   4.5323E-02
  122   4.4534E-02
  123   4.4010E-02
  124   4.3036E-02
  125   4.1289E-02
  126   4.0239E-02
  127   3.7693E-02
  128   3.5511E-02
  129   3.2684E-02
  130   2.9720E-02
  131   2.6597E-02
  132   2.4555E-02
  133   2.6067E-02
  134   2.9596E-02
  135   3.2578E-02
  136   3.5513E-02
  137   3.7729E-02
  138   3.9951E-02
  139   4.1347E-02
  140   4.2875E-02
  141   4.4366E-02
  142   4.4817E-02
  143   4.5101E-02
  144   4.5966E-02
  145   4.5225E-02
  146   4.4281E-02
  147   4.3082E-02
  148   4.0995E-02
  149   3.8754E-02
  150   3.6305E-02
  151   3.3728E-02
  152   3.0763E-02
  153   2.7866E-02
  154   2.4647E-02
  155   2.2511E-02
  156   2.0034E-02
  157   1.7702E-02
  158   1.5213E-02
  159   1.3359E-02
  160   1.1419E-02
  161   1.0048E-02
  162   8.6120E-03
  163   7.3250E-03
  164   5.9280E-03
  165   5.0630E-03
  166   4.2970E-03
  167   3.6260E-03
  168   2.9920E-03
  169   2.3610E-03
  170   1.9400E-03
  171   1.5720E-03
  172   1.3690E-03
  173   1.1070E-03
  174   8.5800E-04
  175   7.0700E-04
  176   5.5600E-04
  177   4.5200E-04
  178   3.7300E-04
  179   3.1800E-04
  180   2.8100E-04
  181   2.1000E-04
  182   2.0200E-04
  183   1.5900E-04
  184   1.3400E-04
  185   1.1600E-04
  186   9.0000E-05
  187   8.3000E-05
  188   6.7000E-05
  189   4.5000E-05
  190   3.6000E-05
