   62   2.0000E-06
   64   2.0000E-06
   66   1.0000E-05
   67   8.0000E-06
   68   1.9000E-05
   69   2.1000E-05
   70   6.3000E-05
   71   1.1300E-04
   72   1.8700E-04
   73   3.4600E-04
   74   5.2100E-04
   75   8.3700E-04
   76   1.3490E-03
   77   1.9320E-03
   78   3.1100E-03
   79   3.9160E-03
   80   5.2910E-03
   81   7.2870E-03
   82   9.7810E-03
   83   1.1974E-02
   84   1.4886E-02
   85   1.8388E-02
   86   2.1899E-02
   87   2.5413E-02
   88   3.0773E-02
   89   3.2536E-02
   90   3.4690E-02
   91   3.8423E-02
   92   4.1872E-02
   93   4.1687E-02
   94   4.2670E-02
   95   4.3610E-02
   96   4.3907E-02
   97   4.4108E-02
   98   4.3951E-02
   99   4.1545E-02
  100   3.8379E-02
  101   3.4348E-02
  102   2.9424E-02
  103   2.5190E-02
  104   2.2184E-02
  105   2.0460E-02
  106   2.0037E-02
  107   2.0453E-02
  108   2.1172E-02
  109   2.2330E-02
  110   2.3594E-02
  111   2.4402E-02
  112   2.5216E-02
  113   2.6043E-02
  114   2.6482E-02
  115   2.6238E-02
  116   2.6483E-02
  117   2.6047E-02
  118   2.5216E-02
  119   2.4399E-02
  120   2.3595E-02
  121   2.2328E-02
  122   2.1176E-02
  123   2.0447E-02
  124   2.0042E-02
  125   2.0469E-02
  126   2.2188E-02
  127   2.5200E-02
  128   2.9450E-02
  129   3.4351E-02
  130   3.8421E-02
  131   4.1586E-02
  132   4.3971E-02
  133   4.4135E-02
  134   4.3894E-02
  135   4.3631E-02
  136   4.2653E-02
  137   4.1739E-02
  138   4.1839E-02
  139   3.8390E-02
  140   3.4695E-02
  141   3.2544E-02
  142   3.0721E-02
  143   2.5395E-02
  144   2.1885E-02
  145   1.8360E-02
  146   1.4884E-02
  147   1.1955E-02
  148   9.7610E-03
  149   7.2750E-03
  150   5.2920E-03
  151   3.9030E-03
  152   3.1070E-03
  153   1.9340E-03
  154   1.3450E-03
  155   8.3700E-04
  156   5.2100E-04
  157   3.4600E-04
  158   1.8700E-04
  159   1.1300E-04
  160   6.3000E-05
  161   2.1000E-05
  162   1.9000E-05
  163   8.0000E-06
  164   1.0000E-05
  166   2.0000E-06
  168   2.0000E-06
