   58   4.0000E-06
   59   6.0000E-06
   60   1.4000E-05
   61   7.0000E-06
   62   8.0000E-06
   63   1.2000E-05
   64   1.9000E-05
   65   2.5000E-05
   66   2.6000E-05
   67   4.9000E-05
   68   7.2000E-05
   69   1.0500E-04
   70   1.5800E-04
   71   1.8900E-04
   72   2.9300E-04
   73   3.5700E-04
   74   4.6300E-04
   75   6.8100E-04
   76   9.0600E-04
   77   1.1450E-03
   78   1.6920E-03
   79   2.0140E-03
   80   2.6200E-03
   81   3.3450E-03
   82   4.2830E-03
   83   5.1870E-03
   84   6.3620E-03
   85   7.6050E-03
   86   8.9020E-03
   87   1.0258E-02
   88   1.2167E-02
   89   1.3453E-02
   90   1.4848E-02
   91   1.6637E-02
   92   1.8341E-02
   93   1.9804E-02
   94   2.1575E-02
   95   2.3367E-02
   96   2.5144E-02
   97   2.6933E-02
   98   2.9070E-02
   99   3.0572E-02
  100   3.2017E-02
  101   3.3428E-02
  102   3.5773E-02
  103   3.6746E-02
  104   3.9423E-02
  105   4.1479E-02
  106   4.3825E-02
  107   4.5982E-02
  108   4.8307E-02
  109   4.9857E-02
  110   5.1469E-02
  111   5.2951E-02
  112   5.4531E-02
  113   5.4993E-02
  114   5.5402E-02
  115   5.5342E-02
  116   5.5053E-02
  117   5.5032E-02
  118   5.3627E-02
  119   5.2087E-02
  120   5.0680E-02
  121   4.9260E-02
  122   4.7077E-02
  123   4.4977E-02
  124   4.2743E-02
  125   4.0723E-02
  126   3.8534E-02
  127   3.6798E-02
  128   3.5183E-02
  129   3.3169E-02
  130   3.2137E-02
  131   3.0314E-02
  132   2.8301E-02
  133   2.6426E-02
  134   2.4517E-02
  135   2.2598E-02
  136   2.1088E-02
  137   1.9114E-02
  138   1.7339E-02
  139   1.5749E-02
  140   1.3982E-02
  141   1.2698E-02
  142   1.0824E-02
  143   9.3390E-03
  144   7.9290E-03
  145   6.6770E-03
  146   5.5410E-03
  147   4.4490E-03
  148   3.5900E-03
  149   2.8680E-03
  150   2.1140E-03
  151   1.7650E-03
  152   1.3260E-03
  153   9.4600E-04
  154   7.6000E-04
  155   5.4300E-04
  156   4.0900E-04
  157   2.9200E-04
  158   2.6400E-04
  159   1.7100E-04
  160   1.3700E-04
  161   8.9000E-05
  162   7.2000E-05
  163   4.1000E-05
  164   1.8000E-05
  165   2.5000E-05
  166   2.1000E-05
  167   1.0000E-05
  168   8.0000E-06
  169   9.0000E-06
  170   1.2000E-05
  171   6.0000E-06
  172   4.0000E-06
