   65   2.0000E-06
   66   4.0000E-06
   67   1.6000E-05
   68   3.7000E-05
   69   3.0000E-05
   70   7.4000E-05
   71   1.1700E-04
   72   2.3700E-04
   73   3.1700E-04
   74   5.0300E-04
   75   8.2400E-04
   76   1.2560E-03
   77   1.6660E-03
   78   2.6940E-03
   79   3.3050E-03
   80   4.5000E-03
   81   5.9790E-03
   82   8.0180E-03
   83   9.6940E-03
   84   1.2183E-02
   85   1.4554E-02
   86   1.7270E-02
   87   1.9867E-02
   88   2.4170E-02
   89   2.5740E-02
   90   2.7540E-02
   91   3.0762E-02
   92   3.3085E-02
   93   3.4139E-02
   94   3.5068E-02
   95   3.6292E-02
   96   3.6713E-02
   97   3.7864E-02
   98   3.8530E-02
   99   3.7573E-02
  100   3.6677E-02
  101   3.4287E-02
  102   3.1729E-02
  103   2.9493E-02
  104   2.8088E-02
  105   2.7764E-02
  106   2.7838E-02
  107   2.8814E-02
  108   3.0406E-02
  109   3.1833E-02
  110   3.2447E-02
  111   3.4312E-02
  112   3.5189E-02
  113   3.5816E-02
  114   3.6437E-02
  115   3.6455E-02
  116   3.6437E-02
  117   3.5803E-02
  118   3.5192E-02
  119   3.4307E-02
  120   3.2444E-02
  121   3.1828E-02
  122   3.0410E-02
  123   2.8817E-02
  124   2.7842E-02
  125   2.7770E-02
  126   2.8110E-02
  127   2.9540E-02
  128   3.1767E-02
  129   3.4367E-02
  130   3.6714E-02
  131   3.7625E-02
  132   3.8557E-02
  133   3.7874E-02
  134   3.6764E-02
  135   3.6285E-02
  136   3.5064E-02
  137   3.4173E-02
  138   3.3047E-02
  139   3.0683E-02
  140   2.7591E-02
  141   2.5696E-02
  142   2.4115E-02
  143   1.9849E-02
  144   1.7191E-02
  145   1.4550E-02
  146   1.2126E-02
  147   9.6770E-03
  148   7.9820E-03
  149   5.9730E-03
  150   4.4810E-03
  151   3.2940E-03
  152   2.6870E-03
  153   1.6640E-03
  154   1.2470E-03
  155   8.2000E-04
  156   5.0300E-04
  157   3.1500E-04
  158   2.3700E-04
  159   1.1700E-04
  160   7.4000E-05
  161   3.0000E-05
  162   3.7000E-05
  163   1.6000E-05
  164   4.0000E-06
  165   2.0000E-06
