   70   2.0000E-06
   72   6.0000E-06
   73   7.0000E-06
   74   3.2000E-05
   75   5.7000E-05
   76   1.3300E-04
   77   3.0400E-04
   78   5.0700E-04
   79   1.0210E-03
   80   1.9310E-03
   81   2.5680E-03
   82   3.5650E-03
   83   4.9450E-03
   84   7.1680E-03
   85   8.2570E-03
   86   1.1323E-02
   87   1.4380E-02
   88   1.7483E-02
   89   2.1877E-02
   90   2.9936E-02
   91   3.2496E-02
   92   3.7290E-02
   93   4.4723E-02
   94   4.8904E-02
   95   5.1357E-02
   96   5.7525E-02
   97   5.7742E-02
   98   5.7054E-02
   99   6.0526E-02
  100   6.3391E-02
  101   6.1496E-02
  102   6.2316E-02
  103   6.2254E-02
  104   5.2426E-02
  105   4.1758E-02
  106   3.1416E-02
  107   1.9576E-02
  108   1.1746E-02
  109   6.6930E-03
  110   3.6770E-03
  111   2.1140E-03
  112   1.5390E-03
  113   1.1750E-03
  114   1.0190E-03
  115   1.0550E-03
  116   1.0930E-03
  117   1.0190E-03
  118   1.1050E-03
  119   1.1050E-03
  120   1.0190E-03
  121   1.0930E-03
  122   1.0550E-03
  123   1.0190E-03
  124   1.1750E-03
  125   1.5390E-03
  126   2.1140E-03
  127   3.6770E-03
  128   6.6930E-03
  129   1.1746E-02
  130   1.9576E-02
  131   3.1416E-02
  132   4.1758E-02
  133   5.2426E-02
  134   6.2254E-02
  135   6.2316E-02
  136   6.1496E-02
  137   6.3391E-02
  138   6.0526E-02
  139   5.7054E-02
  140   5.7742E-02
  141   5.7525E-02
  142   5.1357E-02
  143   4.8904E-02
  144   4.4723E-02
  145   3.7290E-02
  146   3.2496E-02
  147   2.9936E-02
  148   2.1877E-02
  149   1.7483E-02
  150   1.4380E-02
  151   1.1323E-02
  152   8.2570E-03
  153   7.1680E-03
  154   4.9450E-03
  155   3.5650E-03
  156   2.5680E-03
  157   1.9310E-03
  158   1.0210E-03
  159   5.0700E-04
  160   3.0400E-04
  161   1.3300E-04
  162   5.7000E-05
  163   3.2000E-05
  164   7.0000E-06
  165   6.0000E-06
  167   2.0000E-06
