   75   5.0000E-06
   76   2.3000E-05
   77   4.2000E-05
   78   1.2000E-04
   79   2.5900E-04
   80   5.1800E-04
   81   8.5400E-04
   82   1.3590E-03
   83   2.1360E-03
   84   3.2960E-03
   85   4.6070E-03
   86   7.2590E-03
   87   1.0033E-02
   88   1.3433E-02
   89   1.8778E-02
   90   2.6399E-02
   91   3.1145E-02
   92   3.7614E-02
   93   4.5350E-02
   94   5.0620E-02
   95   5.6294E-02
   96   6.3600E-02
   97   6.3788E-02
   98   6.4299E-02
   99   6.5560E-02
  100   6.6297E-02
  101   6.5256E-02
  102   6.3937E-02
  103   6.0705E-02
  104   5.5129E-02
  105   4.5034E-02
  106   3.2742E-02
  107   2.0279E-02
  108   1.1413E-02
  109   5.9090E-03
  110   2.7670E-03
  111   1.2720E-03
  112   5.2000E-04
  113   3.0500E-04
  114   2.0600E-04
  115   1.8500E-04
  116   1.8800E-04
  117   1.8300E-04
  118   1.7200E-04
  119   1.9400E-04
  120   1.7200E-04
  121   1.8300E-04
  122   1.8800E-04
  123   1.8500E-04
  124   2.0600E-04
  125   3.0500E-04
  126   5.2000E-04
  127   1.2720E-03
  128   2.7670E-03
  129   5.9090E-03
  130   1.1413E-02
  131   2.0279E-02
  132   3.2742E-02
  133   4.5034E-02
  134   5.5129E-02
  135   6.0705E-02
  136   6.3937E-02
  137   6.5256E-02
  138   6.6297E-02
  139   6.5560E-02
  140   6.4299E-02
  141   6.3788E-02
  142   6.3600E-02
  143   5.6294E-02
  144   5.0620E-02
  145   4.5350E-02
  146   3.7614E-02
  147   3.1145E-02
  148   2.6399E-02
  149   1.8778E-02
  150   1.3433E-02
  151   1.0033E-02
  152   7.2590E-03
  153   4.6070E-03
  154   3.2960E-03
  155   2.1360E-03
  156   1.3590E-03
  157   8.5400E-04
  158   5.1800E-04
  159   2.5900E-04
  160   1.2000E-04
  161   4.2000E-05
  162   2.3000E-05
  163   5.0000E-06
