   73   2.0000E-06
   74   5.0000E-06
   75   1.2000E-05
   76   4.8000E-05
   77   8.9000E-05
   78   1.9000E-04
   79   4.1000E-04
   80   8.1700E-04
   81   1.3350E-03
   82   2.0780E-03
   83   3.3920E-03
   84   5.8000E-03
   85   7.9390E-03
   86   1.1355E-02
   87   1.5841E-02
   88   2.1434E-02
   89   2.7147E-02
   90   3.6644E-02
   91   4.1520E-02
   92   4.6630E-02
   93   5.4727E-02
   94   6.2165E-02
   95   6.3486E-02
   96   6.6790E-02
   97   6.7858E-02
   98   6.6062E-02
   99   6.5268E-02
  100   6.4877E-02
  101   6.0686E-02
  102   5.6154E-02
  103   4.8603E-02
  104   3.8236E-02
  105   2.6566E-02
  106   1.6141E-02
  107   9.0520E-03
  108   4.6330E-03
  109   2.2010E-03
  110   1.0970E-03
  111   5.9700E-04
  112   3.7000E-04
  113   3.1900E-04
  114   2.9900E-04
  115   3.0000E-04
  116   3.0800E-04
  117   3.3900E-04
  118   3.1800E-04
  119   3.3900E-04
  120   3.0800E-04
  121   3.0000E-04
  122   2.9900E-04
  123   3.1900E-04
  124   3.7000E-04
  125   5.9700E-04
  126   1.0970E-03
  127   2.2010E-03
  128   4.6330E-03
  129   9.0520E-03
  130   1.6141E-02
  131   2.6566E-02
  132   3.8236E-02
  133   4.8603E-02
  134   5.6154E-02
  135   6.0686E-02
  136   6.4877E-02
  137   6.5268E-02
  138   6.6062E-02
  139   6.7858E-02
  140   6.6790E-02
  141   6.3486E-02
  142   6.2165E-02
  143   5.4727E-02
  144   4.6630E-02
  145   4.1520E-02
  146   3.6644E-02
  147   2.7147E-02
  148   2.1434E-02
  149   1.5841E-02
  150   1.1355E-02
  151   7.9390E-03
  152   5.8000E-03
  153   3.3920E-03
  154   2.0780E-03
  155   1.3350E-03
  156   8.1700E-04
  157   4.1000E-04
  158   1.9000E-04
  159   8.9000E-05
  160   4.8000E-05
  161   1.2000E-05
  162   5.0000E-06
  163   2.0000E-06
