   72   2.0000E-06
   73   8.0000E-06
   74   1.7000E-05
   75   3.4000E-05
   76   9.8000E-05
   77   1.9500E-04
   78   3.7100E-04
   79   6.8700E-04
   80   1.3260E-03
   81   1.9750E-03
   82   2.8300E-03
   83   4.3270E-03
   84   6.8030E-03
   85   8.6260E-03
   86   1.1813E-02
   87   1.6053E-02
   88   2.0823E-02
   89   2.6326E-02
   90   3.4581E-02
   91   3.8651E-02
   92   4.3733E-02
   93   5.0312E-02
   94   5.6682E-02
   95   5.9284E-02
   96   6.2011E-02
   97   6.2865E-02
   98   6.2429E-02
   99   6.3541E-02
  100   6.4522E-02
  101   6.2948E-02
  102   5.9797E-02
  103   5.3933E-02
  104   4.3158E-02
  105   3.1023E-02
  106   2.0161E-02
  107   1.1885E-02
  108   6.2470E-03
  109   3.2210E-03
  110   1.7230E-03
  111   9.9900E-04
  112   7.3200E-04
  113   6.1400E-04
  114   6.2300E-04
  115   5.6800E-04
  116   5.8700E-04
  117   5.6100E-04
  118   5.5800E-04
  119   5.6100E-04
  120   5.8700E-04
  121   5.6800E-04
  122   6.2300E-04
  123   6.1400E-04
  124   7.3200E-04
  125   9.9900E-04
  126   1.7230E-03
  127   3.2210E-03
  128   6.2470E-03
  129   1.1885E-02
  130   2.0161E-02
  131   3.1023E-02
  132   4.3158E-02
  133   5.3933E-02
  134   5.9797E-02
  135   6.2948E-02
  136   6.4522E-02
  137   6.3541E-02
  138   6.2429E-02
  139   6.2865E-02
  140   6.2011E-02
  141   5.9284E-02
  142   5.6682E-02
  143   5.0312E-02
  144   4.3733E-02
  145   3.8651E-02
  146   3.4581E-02
  147   2.6326E-02
  148   2.0823E-02
  149   1.6053E-02
  150   1.1813E-02
  151   8.6260E-03
  152   6.8030E-03
  153   4.3270E-03
  154   2.8300E-03
  155   1.9750E-03
  156   1.3260E-03
  157   6.8700E-04
  158   3.7100E-04
  159   1.9500E-04
  160   9.8000E-05
  161   3.4000E-05
  162   1.7000E-05
  163   8.0000E-06
  164   2.0000E-06
