   72   2.0000E-06
   74   2.0000E-06
   75   2.0000E-06
   76   1.6000E-05
   77   4.9000E-05
   78   1.5500E-04
   79   3.2500E-04
   80   6.6100E-04
   81   1.2360E-03
   82   2.1020E-03
   83   3.2040E-03
   84   4.0680E-03
   85   5.2580E-03
   86   7.1860E-03
   87   8.2530E-03
   88   9.8640E-03
   89   1.3195E-02
   90   1.7261E-02
   91   2.1251E-02
   92   2.7881E-02
   93   3.2466E-02
   94   3.6847E-02
   95   4.3052E-02
   96   5.0401E-02
   97   5.2385E-02
   98   5.5011E-02
   99   5.7424E-02
  100   5.8323E-02
  101   6.0313E-02
  102   6.3390E-02
  103   6.5616E-02
  104   6.6643E-02
  105   6.4857E-02
  106   5.6874E-02
  107   4.4452E-02
  108   3.0440E-02
  109   1.8672E-02
  110   1.0023E-02
  111   5.0890E-03
  112   2.4040E-03
  113   1.1280E-03
  114   6.3100E-04
  115   3.8700E-04
  116   2.8400E-04
  117   2.4400E-04
  118   2.7100E-04
  119   2.8000E-04
  120   2.1200E-04
  121   2.8000E-04
  122   2.7100E-04
  123   2.4400E-04
  124   2.8400E-04
  125   3.8700E-04
  126   6.3100E-04
  127   1.1280E-03
  128   2.4040E-03
  129   5.0890E-03
  130   1.0023E-02
  131   1.8672E-02
  132   3.0440E-02
  133   4.4452E-02
  134   5.6874E-02
  135   6.4857E-02
  136   6.6643E-02
  137   6.5616E-02
  138   6.3390E-02
  139   6.0313E-02
  140   5.8323E-02
  141   5.7424E-02
  142   5.5011E-02
  143   5.2385E-02
  144   5.0401E-02
  145   4.3052E-02
  146   3.6847E-02
  147   3.2466E-02
  148   2.7881E-02
  149   2.1251E-02
  150   1.7261E-02
  151   1.3195E-02
  152   9.8640E-03
  153   8.2530E-03
  154   7.1860E-03
  155   5.2580E-03
  156   4.0680E-03
  157   3.2040E-03
  158   2.1020E-03
  159   1.2360E-03
  160   6.6100E-04
  161   3.2500E-04
  162   1.5500E-04
  163   4.9000E-05
  164   1.6000E-05
  165   2.0000E-06
  166   2.0000E-06
  168   2.0000E-06
