   68   4.0000E-06
   69   6.0000E-06
   70   1.6000E-05
   71   3.8000E-05
   72   6.5000E-05
   73   1.4100E-04
   74   2.6500E-04
   75   4.5000E-04
   76   7.4200E-04
   77   1.1880E-03
   78   2.1770E-03
   79   2.8340E-03
   80   4.6520E-03
   81   6.1230E-03
   82   8.2540E-03
   83   1.0920E-02
   84   1.5051E-02
   85   1.8406E-02
   86   2.1963E-02
   87   2.6950E-02
   88   3.4433E-02
   89   3.7624E-02
   90   4.1924E-02
   91   4.7107E-02
   92   5.0447E-02
   93   5.3040E-02
   94   5.6013E-02
   95   5.5905E-02
   96   5.5663E-02
   97   5.6318E-02
   98   5.7736E-02
   99   5.5622E-02
  100   5.1803E-02
  101   4.6091E-02
  102   3.7915E-02
  103   2.8327E-02
  104   2.0306E-02
  105   1.4075E-02
  106   1.0218E-02
  107   8.1400E-03
  108   7.0530E-03
  109   6.7630E-03
  110   6.6650E-03
  111   6.9390E-03
  112   7.1380E-03
  113   7.3440E-03
  114   7.5140E-03
  115   7.7030E-03
  116   7.8120E-03
  117   7.7030E-03
  118   7.5140E-03
  119   7.3440E-03
  120   7.1380E-03
  121   6.9390E-03
  122   6.6650E-03
  123   6.7630E-03
  124   7.0530E-03
  125   8.1400E-03
  126   1.0218E-02
  127   1.4075E-02
  128   2.0306E-02
  129   2.8327E-02
  130   3.7915E-02
  131   4.6091E-02
  132   5.1803E-02
  133   5.5622E-02
  134   5.7736E-02
  135   5.6318E-02
  136   5.5663E-02
  137   5.5905E-02
  138   5.6013E-02
  139   5.3040E-02
  140   5.0447E-02
  141   4.7107E-02
  142   4.1924E-02
  143   3.7624E-02
  144   3.4433E-02
  145   2.6950E-02
  146   2.1963E-02
  147   1.8406E-02
  148   1.5051E-02
  149   1.0920E-02
  150   8.2540E-03
  151   6.1230E-03
  152   4.6520E-03
  153   2.8340E-03
  154   2.1770E-03
  155   1.1880E-03
  156   7.4200E-04
  157   4.5000E-04
  158   2.6500E-04
  159   1.4100E-04
  160   6.5000E-05
  161   3.8000E-05
  162   1.6000E-05
  163   6.0000E-06
  164   4.0000E-06
