   71   5.0000E-06
   72   2.8000E-05
   73   3.7000E-05
   74   7.8000E-05
   75   1.3100E-04
   76   2.7700E-04
   77   4.9000E-04
   78   8.4200E-04
   79   1.4720E-03
   80   2.7220E-03
   81   3.6710E-03
   82   5.1670E-03
   83   7.2480E-03
   84   1.1195E-02
   85   1.3632E-02
   86   1.7301E-02
   87   2.2533E-02
   88   2.9261E-02
   89   3.3237E-02
   90   4.0405E-02
   91   4.5706E-02
   92   4.9305E-02
   93   5.4372E-02
   94   5.9834E-02
   95   5.9963E-02
   96   6.0073E-02
   97   6.1941E-02
   98   6.2157E-02
   99   6.2232E-02
  100   6.1131E-02
  101   5.7269E-02
  102   5.0276E-02
  103   4.0179E-02
  104   2.8871E-02
  105   1.8964E-02
  106   1.1664E-02
  107   6.9350E-03
  108   4.0440E-03
  109   2.6140E-03
  110   1.9770E-03
  111   1.6590E-03
  112   1.6330E-03
  113   1.5900E-03
  114   1.6360E-03
  115   1.6490E-03
  116   1.7010E-03
  117   1.7620E-03
  118   1.7010E-03
  119   1.6490E-03
  120   1.6360E-03
  121   1.5900E-03
  122   1.6330E-03
  123   1.6590E-03
  124   1.9770E-03
  125   2.6140E-03
  126   4.0440E-03
  127   6.9350E-03
  128   1.1664E-02
  129   1.8964E-02
  130   2.8871E-02
  131   4.0179E-02
  132   5.0276E-02
  133   5.7269E-02
  134   6.1131E-02
  135   6.2232E-02
  136   6.2157E-02
  137   6.1941E-02
  138   6.0073E-02
  139   5.9963E-02
  140   5.9834E-02
  141   5.4372E-02
  142   4.9305E-02
  143   4.5706E-02
  144   4.0405E-02
  145   3.3237E-02
  146   2.9261E-02
  147   2.2533E-02
  148   1.7301E-02
  149   1.3632E-02
  150   1.1195E-02
  151   7.2480E-03
  152   5.1670E-03
  153   3.6710E-03
  154   2.7220E-03
  155   1.4720E-03
  156   8.4200E-04
  157   4.9000E-04
  158   2.7700E-04
  159   1.3100E-04
  160   7.8000E-05
  161   3.7000E-05
  162   2.8000E-05
  163   5.0000E-06
