   71   2.0000E-06
   72   1.0000E-05
   73   1.2000E-05
   74   4.0000E-05
   75   7.1000E-05
   76   1.6600E-04
   77   2.6800E-04
   78   4.4000E-04
   79   7.9200E-04
   80   1.3410E-03
   81   1.8770E-03
   82   2.6460E-03
   83   3.6350E-03
   84   4.8450E-03
   85   6.3940E-03
   86   9.0960E-03
   87   1.0921E-02
   88   1.3010E-02
   89   1.7284E-02
   90   2.2443E-02
   91   2.6142E-02
   92   3.1877E-02
   93   3.6843E-02
   94   4.0946E-02
   95   4.5720E-02
   96   5.1810E-02
   97   5.2786E-02
   98   5.4235E-02
   99   5.6657E-02
  100   5.6708E-02
  101   5.7070E-02
  102   5.7595E-02
  103   5.6359E-02
  104   5.4137E-02
  105   4.9880E-02
  106   4.2690E-02
  107   3.3489E-02
  108   2.4826E-02
  109   1.7347E-02
  110   1.1807E-02
  111   8.4920E-03
  112   6.2720E-03
  113   4.9260E-03
  114   4.4100E-03
  115   4.3730E-03
  116   4.2570E-03
  117   4.2400E-03
  118   4.4500E-03
  119   4.3450E-03
  120   4.3440E-03
  121   4.4500E-03
  122   4.2370E-03
  123   4.2550E-03
  124   4.3710E-03
  125   4.4380E-03
  126   4.9590E-03
  127   6.4110E-03
  128   8.8430E-03
  129   1.2404E-02
  130   1.8485E-02
  131   2.6780E-02
  132   3.6121E-02
  133   4.5404E-02
  134   5.2194E-02
  135   5.5552E-02
  136   5.7162E-02
  137   5.8144E-02
  138   5.7423E-02
  139   5.6830E-02
  140   5.6593E-02
  141   5.3853E-02
  142   5.2694E-02
  143   5.0197E-02
  144   4.4612E-02
  145   3.9513E-02
  146   3.5050E-02
  147   3.0340E-02
  148   2.4973E-02
  149   2.0642E-02
  150   1.5927E-02
  151   1.2426E-02
  152   1.0244E-02
  153   8.4970E-03
  154   6.1190E-03
  155   4.6110E-03
  156   3.4480E-03
  157   2.5440E-03
  158   1.7980E-03
  159   1.2900E-03
  160   7.8000E-04
  161   4.2500E-04
  162   2.6600E-04
  163   1.6200E-04
  164   7.1000E-05
  165   4.0000E-05
  166   1.2000E-05
  167   1.0000E-05
  168   2.0000E-06
