   68   8.0000E-06
   69   2.2000E-05
   70   4.3000E-05
   71   7.5000E-05
   72   1.3500E-04
   73   2.0100E-04
   74   3.6400E-04
   75   5.6300E-04
   76   8.8900E-04
   77   1.2910E-03
   78   2.2050E-03
   79   2.8690E-03
   80   4.2010E-03
   81   5.5060E-03
   82   7.2780E-03
   83   9.4380E-03
   84   1.2778E-02
   85   1.5365E-02
   86   1.7871E-02
   87   2.1593E-02
   88   2.7316E-02
   89   2.9451E-02
   90   3.2823E-02
   91   3.6429E-02
   92   3.9302E-02
   93   4.1666E-02
   94   4.3743E-02
   95   4.4463E-02
   96   4.4678E-02
   97   4.5849E-02
   98   4.5971E-02
   99   4.5418E-02
  100   4.3546E-02
  101   4.1167E-02
  102   3.6883E-02
  103   3.1438E-02
  104   2.7183E-02
  105   2.3300E-02
  106   2.0485E-02
  107   1.9144E-02
  108   1.8700E-02
  109   1.9007E-02
  110   1.9486E-02
  111   2.0359E-02
  112   2.1393E-02
  113   2.1650E-02
  114   2.2308E-02
  115   2.2829E-02
  116   2.2639E-02
  117   2.2806E-02
  118   2.2298E-02
  119   2.1684E-02
  120   2.1390E-02
  121   2.0353E-02
  122   1.9479E-02
  123   1.9000E-02
  124   1.8732E-02
  125   1.9168E-02
  126   2.0531E-02
  127   2.3433E-02
  128   2.7343E-02
  129   3.1740E-02
  130   3.7098E-02
  131   4.1464E-02
  132   4.3711E-02
  133   4.5667E-02
  134   4.5967E-02
  135   4.5950E-02
  136   4.4754E-02
  137   4.4408E-02
  138   4.3664E-02
  139   4.1773E-02
  140   3.9101E-02
  141   3.6239E-02
  142   3.2687E-02
  143   2.9394E-02
  144   2.7025E-02
  145   2.1424E-02
  146   1.7778E-02
  147   1.5199E-02
  148   1.2609E-02
  149   9.3380E-03
  150   7.1980E-03
  151   5.4670E-03
  152   4.1500E-03
  153   2.8320E-03
  154   2.1780E-03
  155   1.2760E-03
  156   8.7700E-04
  157   5.6300E-04
  158   3.6300E-04
  159   2.0200E-04
  160   1.3200E-04
  161   7.5000E-05
  162   4.3000E-05
  163   2.2000E-05
  164   8.0000E-06
