   67   6.0000E-06
   68   4.0000E-06
   69   8.0000E-06
   70   1.4000E-05
   71   2.8000E-05
   72   3.8000E-05
   73   9.6000E-05
   74   1.4700E-04
   75   2.1400E-04
   76   4.5500E-04
   77   6.4400E-04
   78   9.8800E-04
   79   1.5080E-03
   80   2.5600E-03
   81   3.2520E-03
   82   4.2270E-03
   83   5.7850E-03
   84   8.5400E-03
   85   9.8010E-03
   86   1.2375E-02
   87   1.5903E-02
   88   1.9501E-02
   89   2.3029E-02
   90   2.8638E-02
   91   3.1512E-02
   92   3.4668E-02
   93   3.9426E-02
   94   4.4246E-02
   95   4.5130E-02
   96   4.7320E-02
   97   4.9047E-02
   98   4.9349E-02
   99   5.0185E-02
  100   5.1784E-02
  101   5.0390E-02
  102   4.8500E-02
  103   4.5795E-02
  104   4.0392E-02
  105   3.3979E-02
  106   2.7975E-02
  107   2.2282E-02
  108   1.8408E-02
  109   1.5880E-02
  110   1.4168E-02
  111   1.3271E-02
  112   1.3363E-02
  113   1.3229E-02
  114   1.3554E-02
  115   1.3885E-02
  116   1.4009E-02
  117   1.4086E-02
  118   1.4178E-02
  119   1.4035E-02
  120   1.4017E-02
  121   1.3848E-02
  122   1.3596E-02
  123   1.3229E-02
  124   1.3361E-02
  125   1.3457E-02
  126   1.4728E-02
  127   1.6642E-02
  128   2.0112E-02
  129   2.4891E-02
  130   3.1130E-02
  131   3.7962E-02
  132   4.4547E-02
  133   4.7862E-02
  134   4.9906E-02
  135   5.1602E-02
  136   5.0888E-02
  137   4.9893E-02
  138   4.9460E-02
  139   4.8232E-02
  140   4.6477E-02
  141   4.5672E-02
  142   4.1573E-02
  143   3.6956E-02
  144   3.3599E-02
  145   3.0293E-02
  146   2.5712E-02
  147   2.1680E-02
  148   1.7587E-02
  149   1.3979E-02
  150   1.1263E-02
  151   9.2950E-03
  152   7.2410E-03
  153   5.0290E-03
  154   3.8280E-03
  155   2.9810E-03
  156   2.0570E-03
  157   1.2980E-03
  158   8.2100E-04
  159   5.4700E-04
  160   3.9400E-04
  161   1.7400E-04
  162   1.3400E-04
  163   8.6000E-05
  164   3.7000E-05
  165   2.3000E-05
  166   1.4000E-05
  167   8.0000E-06
  168   4.0000E-06
  169   6.0000E-06
