   60   2.0000E-06
   63   6.0000E-06
   64   4.0000E-06
   65   1.1000E-05
   66   1.7000E-05
   67   2.7000E-05
   68   1.7000E-05
   69   3.6000E-05
   70   6.5000E-05
   71   1.0800E-04
   72   1.3100E-04
   73   2.0900E-04
   74   3.5500E-04
   75   4.8100E-04
   76   7.1000E-04
   77   9.7900E-04
   78   1.4000E-03
   79   1.8230E-03
   80   2.6630E-03
   81   3.3240E-03
   82   4.3850E-03
   83   5.6080E-03
   84   7.5600E-03
   85   9.0540E-03
   86   1.0428E-02
   87   1.2788E-02
   88   1.5646E-02
   89   1.7106E-02
   90   1.9557E-02
   91   2.1802E-02
   92   2.3420E-02
   93   2.5264E-02
   94   2.7613E-02
   95   2.8548E-02
   96   2.9247E-02
   97   3.1126E-02
   98   3.2635E-02
   99   3.3272E-02
  100   3.3955E-02
  101   3.3943E-02
  102   3.3773E-02
  103   3.3395E-02
  104   3.3134E-02
  105   3.3508E-02
  106   3.3876E-02
  107   3.5425E-02
  108   3.6778E-02
  109   3.8197E-02
  110   3.9753E-02
  111   4.0958E-02
  112   4.2528E-02
  113   4.3481E-02
  114   4.4268E-02
  115   4.4579E-02
  116   4.4942E-02
  117   4.4685E-02
  118   4.4496E-02
  119   4.3815E-02
  120   4.2926E-02
  121   4.1462E-02
  122   4.0288E-02
  123   3.8654E-02
  124   3.7547E-02
  125   3.6125E-02
  126   3.5009E-02
  127   3.4452E-02
  128   3.4588E-02
  129   3.4598E-02
  130   3.5352E-02
  131   3.5286E-02
  132   3.4954E-02
  133   3.4202E-02
  134   3.3715E-02
  135   3.1703E-02
  136   3.0246E-02
  137   2.8986E-02
  138   2.8075E-02
  139   2.5744E-02
  140   2.3603E-02
  141   2.1749E-02
  142   1.9578E-02
  143   1.7411E-02
  144   1.5229E-02
  145   1.2599E-02
  146   1.0440E-02
  147   8.7960E-03
  148   7.4270E-03
  149   5.4380E-03
  150   4.2210E-03
  151   3.3480E-03
  152   2.6220E-03
  153   1.8170E-03
  154   1.3110E-03
  155   1.0500E-03
  156   6.8400E-04
  157   5.0900E-04
  158   3.5500E-04
  159   2.3100E-04
  160   1.5500E-04
  161   1.0300E-04
  162   8.0000E-05
  163   4.6000E-05
  164   2.8000E-05
  165   1.9000E-05
  166   2.7000E-05
  167   1.3000E-05
  168   9.0000E-06
  169   4.0000E-06
  170   6.0000E-06
  173   2.0000E-06
