   71   4.0000E-06
   72   8.0000E-06
   73   1.4000E-05
   74   4.5000E-05
   75   8.0000E-05
   76   1.7000E-04
   77   3.4900E-04
   78   6.6200E-04
   79   1.0430E-03
   80   2.0050E-03
   81   2.8250E-03
   82   4.2920E-03
   83   6.3370E-03
   84   1.0358E-02
   85   1.3335E-02
   86   1.7125E-02
   87   2.3287E-02
   88   3.0344E-02
   89   3.5665E-02
   90   4.3117E-02
   91   4.8532E-02
   92   5.3270E-02
   93   5.8810E-02
   94   6.5461E-02
   95   6.3737E-02
   96   6.3977E-02
   97   6.4823E-02
   98   6.4710E-02
   99   6.2804E-02
  100   6.0145E-02
  101   5.4744E-02
  102   4.6774E-02
  103   3.6041E-02
  104   2.4999E-02
  105   1.5616E-02
  106   8.8390E-03
  107   4.9300E-03
  108   2.6650E-03
  109   1.5630E-03
  110   1.0430E-03
  111   8.5100E-04
  112   7.9600E-04
  113   7.8200E-04
  114   8.4400E-04
  115   9.0700E-04
  116   8.4500E-04
  117   8.2200E-04
  118   8.4500E-04
  119   9.0700E-04
  120   8.4400E-04
  121   7.8200E-04
  122   7.9600E-04
  123   8.5100E-04
  124   1.0430E-03
  125   1.5630E-03
  126   2.6650E-03
  127   4.9300E-03
  128   8.8390E-03
  129   1.5616E-02
  130   2.4999E-02
  131   3.6041E-02
  132   4.6774E-02
  133   5.4744E-02
  134   6.0145E-02
  135   6.2804E-02
  136   6.4710E-02
  137   6.4823E-02
  138   6.3977E-02
  139   6.3737E-02
  140   6.5461E-02
  141   5.8810E-02
  142   5.3270E-02
  143   4.8532E-02
  144   4.3117E-02
  145   3.5665E-02
  146   3.0344E-02
  147   2.3287E-02
  148   1.7125E-02
  149   1.3335E-02
  150   1.0358E-02
  151   6.3370E-03
  152   4.2920E-03
  153   2.8250E-03
  154   2.0050E-03
  155   1.0430E-03
  156   6.6200E-04
  157   3.4900E-04
  158   1.7000E-04
  159   8.0000E-05
  160   4.5000E-05
  161   1.4000E-05
  162   8.0000E-06
  163   4.0000E-06
