   68   2.0000E-06
   70   1.4000E-05
   71   1.3000E-05
   72   4.1000E-05
   73   7.5000E-05
   74   1.6900E-04
   75   2.6500E-04
   76   4.4000E-04
   77   7.8400E-04
   78   1.2120E-03
   79   1.8060E-03
   80   3.0440E-03
   81   3.8640E-03
   82   4.9360E-03
   83   6.9500E-03
   84   1.0045E-02
   85   1.1494E-02
   86   1.4487E-02
   87   1.8831E-02
   88   2.2935E-02
   89   2.6926E-02
   90   3.3000E-02
   91   3.6735E-02
   92   3.9825E-02
   93   4.4631E-02
   94   5.0071E-02
   95   5.0884E-02
   96   5.2081E-02
   97   5.3988E-02
   98   5.3785E-02
   99   5.4353E-02
  100   5.6172E-02
  101   5.4011E-02
  102   5.1580E-02
  103   4.6478E-02
  104   3.8763E-02
  105   3.0119E-02
  106   2.2645E-02
  107   1.6414E-02
  108   1.2166E-02
  109   9.6280E-03
  110   8.1750E-03
  111   7.8100E-03
  112   7.7360E-03
  113   7.9540E-03
  114   7.8100E-03
  115   8.1780E-03
  116   8.4290E-03
  117   8.2120E-03
  118   8.2120E-03
  119   8.4290E-03
  120   8.1780E-03
  121   7.8100E-03
  122   7.9540E-03
  123   7.7360E-03
  124   7.8100E-03
  125   8.1750E-03
  126   9.6280E-03
  127   1.2166E-02
  128   1.6414E-02
  129   2.2645E-02
  130   3.0119E-02
  131   3.8763E-02
  132   4.6478E-02
  133   5.1580E-02
  134   5.4013E-02
  135   5.6173E-02
  136   5.4354E-02
  137   5.3786E-02
  138   5.3987E-02
  139   5.2081E-02
  140   5.0891E-02
  141   5.0063E-02
  142   4.4632E-02
  143   3.9824E-02
  144   3.6737E-02
  145   3.3000E-02
  146   2.6925E-02
  147   2.2933E-02
  148   1.8829E-02
  149   1.4487E-02
  150   1.1494E-02
  151   1.0045E-02
  152   6.9500E-03
  153   4.9360E-03
  154   3.8640E-03
  155   3.0440E-03
  156   1.8060E-03
  157   1.2120E-03
  158   7.8400E-04
  159   4.4000E-04
  160   2.6500E-04
  161   1.6900E-04
  162   7.5000E-05
  163   4.1000E-05
  164   1.3000E-05
  165   1.4000E-05
  167   2.0000E-06
