   73   3.0000E-06
   74   8.0000E-06
   75   2.3000E-05
   76   7.8000E-05
   77   1.3000E-04
   78   3.1500E-04
   79   6.1900E-04
   80   1.1760E-03
   81   1.9580E-03
   82   3.0640E-03
   83   4.2450E-03
   84   5.7330E-03
   85   6.9890E-03
   86   9.3480E-03
   87   1.0096E-02
   88   1.1737E-02
   89   1.4873E-02
   90   1.8144E-02
   91   2.1395E-02
   92   2.7149E-02
   93   3.1020E-02
   94   3.5569E-02
   95   4.0944E-02
   96   4.7328E-02
   97   4.9014E-02
   98   5.1827E-02
   99   5.4059E-02
  100   5.4900E-02
  101   5.6909E-02
  102   5.9669E-02
  103   6.1930E-02
  104   6.2400E-02
  105   6.1703E-02
  106   5.5890E-02
  107   4.5794E-02
  108   3.4215E-02
  109   2.2424E-02
  110   1.4047E-02
  111   7.9290E-03
  112   4.5420E-03
  113   2.6280E-03
  114   1.7740E-03
  115   1.2750E-03
  116   1.1810E-03
  117   1.1050E-03
  118   1.1360E-03
  119   1.1210E-03
  120   1.1460E-03
  121   1.1210E-03
  122   1.1360E-03
  123   1.1050E-03
  124   1.1810E-03
  125   1.2750E-03
  126   1.7740E-03
  127   2.6280E-03
  128   4.5420E-03
  129   7.9290E-03
  130   1.4047E-02
  131   2.2424E-02
  132   3.4215E-02
  133   4.5794E-02
  134   5.5890E-02
  135   6.1703E-02
  136   6.2400E-02
  137   6.1930E-02
  138   5.9669E-02
  139   5.6909E-02
  140   5.4900E-02
  141   5.4059E-02
  142   5.1827E-02
  143   4.9014E-02
  144   4.7328E-02
  145   4.0944E-02
  146   3.5569E-02
  147   3.1020E-02
  148   2.7149E-02
  149   2.1395E-02
  150   1.8144E-02
  151   1.4873E-02
  152   1.1737E-02
  153   1.0096E-02
  154   9.3480E-03
  155   6.9890E-03
  156   5.7330E-03
  157   4.2450E-03
  158   3.0640E-03
  159   1.9580E-03
  160   1.1760E-03
  161   6.1900E-04
  162   3.1500E-04
  163   1.3000E-04
  164   7.8000E-05
  165   2.3000E-05
  166   8.0000E-06
  167   3.0000E-06
