   71   5.0000E-06
   72   2.0000E-06
   73   1.2000E-05
   74   3.7000E-05
   75   8.9000E-05
   76   2.0500E-04
   77   3.8600E-04
   78   6.5200E-04
   79   1.2600E-03
   80   2.2190E-03
   81   2.9420E-03
   82   3.9270E-03
   83   5.5230E-03
   84   7.6150E-03
   85   8.8030E-03
   86   1.1711E-02
   87   1.4582E-02
   88   1.7174E-02
   89   2.1876E-02
   90   2.9467E-02
   91   3.1834E-02
   92   3.6786E-02
   93   4.3185E-02
   94   4.7824E-02
   95   5.0173E-02
   96   5.5999E-02
   97   5.5906E-02
   98   5.5640E-02
   99   5.8768E-02
  100   6.1803E-02
  101   6.0517E-02
  102   6.0686E-02
  103   6.0222E-02
  104   5.2205E-02
  105   4.2790E-02
  106   3.2289E-02
  107   2.1061E-02
  108   1.3165E-02
  109   8.1750E-03
  110   4.7990E-03
  111   3.2180E-03
  112   2.4970E-03
  113   2.1150E-03
  114   1.9150E-03
  115   1.9940E-03
  116   1.9460E-03
  117   1.9370E-03
  118   2.0440E-03
  119   2.0440E-03
  120   1.9370E-03
  121   1.9460E-03
  122   1.9940E-03
  123   1.9150E-03
  124   2.1150E-03
  125   2.4970E-03
  126   3.2180E-03
  127   4.7990E-03
  128   8.1750E-03
  129   1.3165E-02
  130   2.1061E-02
  131   3.2289E-02
  132   4.2790E-02
  133   5.2205E-02
  134   6.0222E-02
  135   6.0686E-02
  136   6.0517E-02
  137   6.1803E-02
  138   5.8768E-02
  139   5.5640E-02
  140   5.5906E-02
  141   5.5999E-02
  142   5.0173E-02
  143   4.7824E-02
  144   4.3185E-02
  145   3.6786E-02
  146   3.1834E-02
  147   2.9467E-02
  148   2.1876E-02
  149   1.7174E-02
  150   1.4582E-02
  151   1.1711E-02
  152   8.8030E-03
  153   7.6150E-03
  154   5.5230E-03
  155   3.9270E-03
  156   2.9420E-03
  157   2.2190E-03
  158   1.2600E-03
  159   6.5200E-04
  160   3.8600E-04
  161   2.0500E-04
  162   8.9000E-05
  163   3.7000E-05
  164   1.2000E-05
  165   2.0000E-06
  166   5.0000E-06
