   72   2.0000E-06
   73   2.0000E-06
   74   1.4000E-05
   75   2.5000E-05
   76   9.6000E-05
   77   1.6700E-04
   78   3.1800E-04
   79   6.4000E-04
   80   1.2470E-03
   81   1.7220E-03
   82   2.4850E-03
   83   3.7630E-03
   84   6.0060E-03
   85   6.9610E-03
   86   1.0431E-02
   87   1.3740E-02
   88   1.7032E-02
   89   2.1839E-02
   90   3.1304E-02
   91   3.3625E-02
   92   3.8846E-02
   93   4.7412E-02
   94   5.2471E-02
   95   5.3643E-02
   96   6.1705E-02
   97   6.1515E-02
   98   5.9085E-02
   99   6.3041E-02
  100   6.6107E-02
  101   6.1332E-02
  102   6.2418E-02
  103   6.2430E-02
  104   5.0715E-02
  105   3.9585E-02
  106   2.8881E-02
  107   1.6991E-02
  108   9.3140E-03
  109   5.1250E-03
  110   2.5200E-03
  111   1.3750E-03
  112   8.7400E-04
  113   5.8700E-04
  114   5.0600E-04
  115   5.0900E-04
  116   4.9600E-04
  117   4.8900E-04
  118   5.9600E-04
  119   5.9600E-04
  120   4.8900E-04
  121   4.9600E-04
  122   5.0900E-04
  123   5.0600E-04
  124   5.8700E-04
  125   8.7400E-04
  126   1.3750E-03
  127   2.5200E-03
  128   5.1250E-03
  129   9.3140E-03
  130   1.6991E-02
  131   2.8881E-02
  132   3.9585E-02
  133   5.0715E-02
  134   6.2430E-02
  135   6.2418E-02
  136   6.1332E-02
  137   6.6107E-02
  138   6.3041E-02
  139   5.9085E-02
  140   6.1515E-02
  141   6.1705E-02
  142   5.3643E-02
  143   5.2471E-02
  144   4.7412E-02
  145   3.8846E-02
  146   3.3625E-02
  147   3.1304E-02
  148   2.1839E-02
  149   1.7032E-02
  150   1.3740E-02
  151   1.0431E-02
  152   6.9610E-03
  153   6.0060E-03
  154   3.7630E-03
  155   2.4850E-03
  156   1.7220E-03
  157   1.2470E-03
  158   6.4000E-04
  159   3.1800E-04
  160   1.6700E-04
  161   9.6000E-05
  162   2.5000E-05
  163   1.4000E-05
  164   2.0000E-06
  165   2.0000E-06
