   68   2.0000E-06
   69   2.0000E-06
   70   6.0000E-06
   71   8.0000E-06
   72   1.4000E-05
   73   2.8000E-05
   74   5.3000E-05
   75   8.0000E-05
   76   1.8100E-04
   77   2.6300E-04
   78   4.1300E-04
   79   6.8900E-04
   80   1.0740E-03
   81   1.5480E-03
   82   2.3650E-03
   83   3.1000E-03
   84   4.0800E-03
   85   5.2970E-03
   86   7.4520E-03
   87   8.4120E-03
   88   1.0634E-02
   89   1.3684E-02
   90   1.7336E-02
   91   2.0325E-02
   92   2.5181E-02
   93   2.8471E-02
   94   3.1735E-02
   95   3.6085E-02
   96   4.0263E-02
   97   4.1890E-02
   98   4.4016E-02
   99   4.6187E-02
  100   4.6866E-02
  101   4.7977E-02
  102   4.9582E-02
  103   4.9338E-02
  104   4.8772E-02
  105   4.6738E-02
  106   4.2620E-02
  107   3.7140E-02
  108   3.1352E-02
  109   2.6362E-02
  110   2.1677E-02
  111   1.9125E-02
  112   1.7286E-02
  113   1.6200E-02
  114   1.5692E-02
  115   1.5794E-02
  116   1.6023E-02
  117   1.6180E-02
  118   1.6578E-02
  119   1.6484E-02
  120   1.6231E-02
  121   1.6566E-02
  122   1.6516E-02
  123   1.6366E-02
  124   1.6030E-02
  125   1.6267E-02
  126   1.6265E-02
  127   1.6926E-02
  128   1.8606E-02
  129   2.1452E-02
  130   2.5304E-02
  131   3.0608E-02
  132   3.6643E-02
  133   4.2946E-02
  134   4.7434E-02
  135   4.9446E-02
  136   5.0518E-02
  137   4.9798E-02
  138   4.9184E-02
  139   4.8317E-02
  140   4.6540E-02
  141   4.5090E-02
  142   4.3803E-02
  143   4.1189E-02
  144   3.7552E-02
  145   3.3416E-02
  146   2.9568E-02
  147   2.5913E-02
  148   2.2313E-02
  149   1.8364E-02
  150   1.4541E-02
  151   1.1837E-02
  152   9.3430E-03
  153   7.7940E-03
  154   6.0880E-03
  155   4.6320E-03
  156   3.4820E-03
  157   2.6930E-03
  158   1.9110E-03
  159   1.3290E-03
  160   8.4200E-04
  161   5.4000E-04
  162   3.4500E-04
  163   2.3500E-04
  164   1.4600E-04
  165   7.9000E-05
  166   4.5000E-05
  167   2.3000E-05
  168   1.9000E-05
  169   1.3000E-05
  170   2.0000E-06
  171   8.0000E-06
  173   2.0000E-06
