   78   5.0000E-06
   79   7.0000E-06
   80   3.5000E-05
   81   1.0000E-04
   82   3.2400E-04
   83   5.4800E-04
   84   1.0960E-03
   85   1.8940E-03
   86   2.6450E-03
   87   3.2010E-03
   88   5.1310E-03
   89   4.8750E-03
   90   5.5190E-03
   91   7.6690E-03
   92   1.0155E-02
   93   1.1915E-02
   94   1.8056E-02
   95   2.2357E-02
   96   2.4884E-02
   97   3.1826E-02
   98   4.0853E-02
   99   3.9492E-02
  100   4.5311E-02
  101   5.0832E-02
  102   4.8727E-02
  103   5.1040E-02
  104   6.0799E-02
  105   6.0636E-02
  106   6.6903E-02
  107   8.3084E-02
  108   8.1687E-02
  109   7.0746E-02
  110   6.2800E-02
  111   4.1518E-02
  112   2.2371E-02
  113   1.2480E-02
  114   5.1170E-03
  115   2.0390E-03
  116   7.1200E-04
  117   2.7700E-04
  118   9.7000E-05
  119   5.4000E-05
  120   6.4000E-05
  121   4.8000E-05
  122   6.1000E-05
  123   6.1000E-05
  124   4.8000E-05
  125   6.4000E-05
  126   5.4000E-05
  127   9.7000E-05
  128   2.7700E-04
  129   7.1200E-04
  130   2.0390E-03
  131   5.1170E-03
  132   1.2480E-02
  133   2.2371E-02
  134   4.1518E-02
  135   6.2800E-02
  136   7.0746E-02
  137   8.1687E-02
  138   8.3084E-02
  139   6.6903E-02
  140   6.0636E-02
  141   6.0799E-02
  142   5.1040E-02
  143   4.8727E-02
  144   5.0832E-02
  145   4.5311E-02
  146   3.9492E-02
  147   4.0853E-02
  148   3.1826E-02
  149   2.4884E-02
  150   2.2357E-02
  151   1.8056E-02
  152   1.1915E-02
  153   1.0155E-02
  154   7.6690E-03
  155   5.5190E-03
  156   4.8750E-03
  157   5.1310E-03
  158   3.2010E-03
  159   2.6450E-03
  160   1.8940E-03
  161   1.0960E-03
  162   5.4800E-04
  163   3.2400E-04
  164   1.0000E-04
  165   3.5000E-05
  166   7.0000E-06
  167   5.0000E-06
