   79   5.0000E-06
   80   1.5000E-05
   81   6.3000E-05
   82   1.9100E-04
   83   4.0200E-04
   84   8.7000E-04
   85   1.4830E-03
   86   2.2280E-03
   87   3.1250E-03
   88   4.3700E-03
   89   4.5550E-03
   90   5.2960E-03
   91   6.3810E-03
   92   8.2060E-03
   93   1.0583E-02
   94   1.5083E-02
   95   1.8709E-02
   96   2.2853E-02
   97   2.8906E-02
   98   3.5214E-02
   99   3.9262E-02
  100   4.4496E-02
  101   4.7917E-02
  102   4.9514E-02
  103   5.2288E-02
  104   5.5375E-02
  105   5.8388E-02
  106   6.4186E-02
  107   7.3359E-02
  108   7.9211E-02
  109   7.9177E-02
  110   6.9963E-02
  111   5.2048E-02
  112   3.3456E-02
  113   1.8581E-02
  114   8.6040E-03
  115   3.4730E-03
  116   1.3170E-03
  117   4.3500E-04
  118   1.6400E-04
  119   6.3000E-05
  120   4.6000E-05
  121   4.8000E-05
  122   5.4000E-05
  123   4.6000E-05
  124   5.4000E-05
  125   4.8000E-05
  126   4.6000E-05
  127   6.3000E-05
  128   1.6400E-04
  129   4.3500E-04
  130   1.3170E-03
  131   3.4730E-03
  132   8.6040E-03
  133   1.8581E-02
  134   3.3456E-02
  135   5.2048E-02
  136   6.9963E-02
  137   7.9177E-02
  138   7.9211E-02
  139   7.3359E-02
  140   6.4186E-02
  141   5.8388E-02
  142   5.5375E-02
  143   5.2288E-02
  144   4.9514E-02
  145   4.7917E-02
  146   4.4496E-02
  147   3.9262E-02
  148   3.5214E-02
  149   2.8906E-02
  150   2.2853E-02
  151   1.8709E-02
  152   1.5083E-02
  153   1.0583E-02
  154   8.2060E-03
  155   6.3810E-03
  156   5.2960E-03
  157   4.5550E-03
  158   4.3700E-03
  159   3.1250E-03
  160   2.2280E-03
  161   1.4830E-03
  162   8.7000E-04
  163   4.0200E-04
  164   1.9100E-04
  165   6.3000E-05
  166   1.5000E-05
  167   5.0000E-06
