   75   1.0000E-05
   76   1.7000E-05
   77   4.7000E-05
   78   1.6100E-04
   79   2.8100E-04
   80   6.2100E-04
   81   1.1640E-03
   82   2.2160E-03
   83   3.1590E-03
   84   4.3710E-03
   85   5.8560E-03
   86   7.8650E-03
   87   8.3860E-03
   88   9.8320E-03
   89   1.1492E-02
   90   1.3158E-02
   91   1.6120E-02
   92   2.1084E-02
   93   2.3857E-02
   94   2.7957E-02
   95   3.3771E-02
   96   3.7944E-02
   97   4.2228E-02
   98   4.7163E-02
   99   4.9084E-02
  100   5.0490E-02
  101   5.3133E-02
  102   5.5951E-02
  103   5.8288E-02
  104   6.1194E-02
  105   6.4834E-02
  106   6.5754E-02
  107   6.2197E-02
  108   5.2811E-02
  109   4.0220E-02
  110   2.7213E-02
  111   1.6752E-02
  112   9.4950E-03
  113   5.0950E-03
  114   2.7400E-03
  115   1.5440E-03
  116   1.0610E-03
  117   8.2600E-04
  118   7.5100E-04
  119   7.4400E-04
  120   7.0000E-04
  121   6.8200E-04
  122   7.0000E-04
  123   7.4400E-04
  124   7.5100E-04
  125   8.2600E-04
  126   1.0610E-03
  127   1.5440E-03
  128   2.7400E-03
  129   5.0950E-03
  130   9.4950E-03
  131   1.6752E-02
  132   2.7213E-02
  133   4.0220E-02
  134   5.2811E-02
  135   6.2197E-02
  136   6.5754E-02
  137   6.4834E-02
  138   6.1194E-02
  139   5.8290E-02
  140   5.5949E-02
  141   5.3133E-02
  142   5.0490E-02
  143   4.9086E-02
  144   4.7161E-02
  145   4.2228E-02
  146   3.7944E-02
  147   3.3771E-02
  148   2.7957E-02
  149   2.3857E-02
  150   2.1084E-02
  151   1.6120E-02
  152   1.3158E-02
  153   1.1492E-02
  154   9.8320E-03
  155   8.3860E-03
  156   7.8650E-03
  157   5.8560E-03
  158   4.3710E-03
  159   3.1590E-03
  160   2.2160E-03
  161   1.1640E-03
  162   6.2100E-04
  163   2.8100E-04
  164   1.6100E-04
  165   4.7000E-05
  166   1.7000E-05
  167   1.0000E-05
