   70   4.0000E-06
   72   8.0000E-06
   73   1.4000E-05
   74   2.1000E-05
   75   5.5000E-05
   76   9.8000E-05
   77   1.3200E-04
   78   2.6000E-04
   79   4.4000E-04
   80   7.1900E-04
   81   1.1020E-03
   82   1.8650E-03
   83   2.4310E-03
   84   3.1680E-03
   85   4.3420E-03
   86   5.8560E-03
   87   6.8520E-03
   88   8.8990E-03
   89   1.0766E-02
   90   1.3253E-02
   91   1.6181E-02
   92   2.0967E-02
   93   2.3729E-02
   94   2.7422E-02
   95   3.1969E-02
   96   3.6294E-02
   97   3.8643E-02
   98   4.2852E-02
   99   4.4585E-02
  100   4.5582E-02
  101   4.8190E-02
  102   4.9719E-02
  103   5.0329E-02
  104   5.1694E-02
  105   5.1822E-02
  106   4.9668E-02
  107   4.5603E-02
  108   4.0271E-02
  109   3.3692E-02
  110   2.7315E-02
  111   2.1969E-02
  112   1.8277E-02
  113   1.6324E-02
  114   1.4578E-02
  115   1.3814E-02
  116   1.3770E-02
  117   1.3493E-02
  118   1.3738E-02
  119   1.3500E-02
  120   1.3819E-02
  121   1.3819E-02
  122   1.3862E-02
  123   1.3710E-02
  124   1.3717E-02
  125   1.3724E-02
  126   1.3848E-02
  127   1.4647E-02
  128   1.5597E-02
  129   1.7849E-02
  130   2.1453E-02
  131   2.6339E-02
  132   3.3304E-02
  133   4.0740E-02
  134   4.6562E-02
  135   5.0450E-02
  136   5.2391E-02
  137   5.2091E-02
  138   5.1479E-02
  139   5.0294E-02
  140   4.8756E-02
  141   4.7054E-02
  142   4.5836E-02
  143   4.3058E-02
  144   4.0948E-02
  145   3.7035E-02
  146   3.2790E-02
  147   2.8587E-02
  148   2.4982E-02
  149   2.1333E-02
  150   1.7577E-02
  151   1.4288E-02
  152   1.1352E-02
  153   9.4250E-03
  154   7.7800E-03
  155   6.2560E-03
  156   4.8090E-03
  157   3.5670E-03
  158   2.7680E-03
  159   1.9870E-03
  160   1.3690E-03
  161   8.2700E-04
  162   6.0700E-04
  163   3.0300E-04
  164   2.0500E-04
  165   1.4000E-04
  166   7.5000E-05
  167   5.3000E-05
  168   1.7000E-05
  169   1.0000E-05
  170   1.0000E-05
  171   4.0000E-06
  173   4.0000E-06
