   78   4.0000E-06
   79   9.0000E-06
   80   3.3000E-05
   81   1.0100E-04
   82   3.3700E-04
   83   5.1700E-04
   84   1.1410E-03
   85   1.8730E-03
   86   2.5300E-03
   87   3.2390E-03
   88   5.0160E-03
   89   4.8440E-03
   90   5.5450E-03
   91   7.5390E-03
   92   1.0287E-02
   93   1.1905E-02
   94   1.8074E-02
   95   2.2161E-02
   96   2.5168E-02
   97   3.1902E-02
   98   4.0561E-02
   99   3.9262E-02
  100   4.5253E-02
  101   5.0841E-02
  102   4.8879E-02
  103   5.1009E-02
  104   6.0415E-02
  105   6.1029E-02
  106   6.7645E-02
  107   8.2856E-02
  108   8.1742E-02
  109   7.1044E-02
  110   6.2480E-02
  111   4.1809E-02
  112   2.2322E-02
  113   1.2249E-02
  114   5.0800E-03
  115   1.9880E-03
  116   6.9400E-04
  117   2.5300E-04
  118   9.8000E-05
  119   7.4000E-05
  120   6.4000E-05
  121   5.0000E-05
  122   5.6000E-05
  123   5.6000E-05
  124   5.0000E-05
  125   6.4000E-05
  126   7.4000E-05
  127   9.8000E-05
  128   2.5300E-04
  129   6.9400E-04
  130   1.9880E-03
  131   5.0800E-03
  132   1.2249E-02
  133   2.2322E-02
  134   4.1809E-02
  135   6.2480E-02
  136   7.1044E-02
  137   8.1742E-02
  138   8.2856E-02
  139   6.7645E-02
  140   6.1029E-02
  141   6.0415E-02
  142   5.1009E-02
  143   4.8879E-02
  144   5.0841E-02
  145   4.5253E-02
  146   3.9262E-02
  147   4.0561E-02
  148   3.1902E-02
  149   2.5168E-02
  150   2.2161E-02
  151   1.8074E-02
  152   1.1905E-02
  153   1.0287E-02
  154   7.5390E-03
  155   5.5450E-03
  156   4.8440E-03
  157   5.0160E-03
  158   3.2390E-03
  159   2.5300E-03
  160   1.8730E-03
  161   1.1410E-03
  162   5.1700E-04
  163   3.3700E-04
  164   1.0100E-04
  165   3.3000E-05
  166   9.0000E-06
  167   4.0000E-06
