   64   7.0000E-06
   66   1.2300E-04
   67   2.0000E-06
   68   1.6470E-03
   69   4.1000E-05
   70   5.8210E-03
   71   1.0800E-04
   72   4.0200E-02
   73   6.6600E-04
   74   7.2616E-02
   75   1.2880E-03
   76   2.0574E-01
   77   2.1230E-03
   78   2.1998E-01
   79   2.6300E-03
   80   2.2132E-01
   81   1.8100E-03
   82   1.5429E-01
   83   1.0220E-03
   84   6.8205E-02
   85   7.1600E-04
   86   6.8205E-02
   87   1.0220E-03
   88   1.5429E-01
   89   1.8100E-03
   90   2.2132E-01
   91   2.6300E-03
   92   2.1998E-01
   93   2.1230E-03
   94   2.0574E-01
   95   1.2880E-03
   96   7.2616E-02
   97   6.6600E-04
   98   4.0200E-02
   99   1.0800E-04
  100   5.8210E-03
  101   4.1000E-05
  102   1.6470E-03
  103   2.0000E-06
  104   1.2300E-04
  106   7.0000E-06
