   64   1.3000E-05
   66   1.2600E-04
   67   2.0000E-06
   68   1.4830E-03
   69   3.7000E-05
   70   5.9020E-03
   71   1.1900E-04
   72   4.0539E-02
   73   6.2000E-04
   74   7.1939E-02
   75   1.2520E-03
   76   2.0585E-01
   77   2.1460E-03
   78   2.1978E-01
   79   2.5390E-03
   80   2.2164E-01
   81   1.7660E-03
   82   1.5452E-01
   83   1.0020E-03
   84   6.8344E-02
   85   7.2600E-04
   86   6.8344E-02
   87   1.0020E-03
   88   1.5452E-01
   89   1.7660E-03
   90   2.2164E-01
   91   2.5390E-03
   92   2.1978E-01
   93   2.1460E-03
   94   2.0585E-01
   95   1.2520E-03
   96   7.1939E-02
   97   6.2000E-04
   98   4.0539E-02
   99   1.1900E-04
  100   5.9020E-03
  101   3.7000E-05
  102   1.4830E-03
  103   2.0000E-06
  104   1.2600E-04
  106   1.3000E-05
