   48   7.0000E-06
   50   8.0000E-06
   51   1.7000E-05
   52   2.0000E-05
   53   4.5000E-05
   54   6.7000E-05
   55   9.2000E-05
   56   1.2900E-04
   57   2.4000E-04
   58   3.5400E-04
   59   5.1200E-04
   60   7.7100E-04
   61   1.2040E-03
   62   1.9440E-03
   63   2.6300E-03
   64   3.6860E-03
   65   5.4690E-03
   66   7.6130E-03
   67   1.0045E-02
   68   1.3553E-02
   69   1.7584E-02
   70   2.2252E-02
   71   2.7835E-02
   72   3.5087E-02
   73   4.1085E-02
   74   4.7603E-02
   75   5.5190E-02
   76   6.2592E-02
   77   6.7741E-02
   78   7.2278E-02
   79   7.6368E-02
   80   7.8773E-02
   81   7.9527E-02
   82   7.9096E-02
   83   7.7716E-02
   84   7.5600E-02
   85   7.3563E-02
   86   7.5663E-02
   87   7.8403E-02
   88   7.9730E-02
   89   8.0236E-02
   90   7.8541E-02
   91   7.6014E-02
   92   7.2251E-02
   93   6.7678E-02
   94   6.1396E-02
   95   5.4345E-02
   96   4.6964E-02
   97   4.0734E-02
   98   3.4457E-02
   99   2.7482E-02
  100   2.2058E-02
  101   1.7460E-02
  102   1.3458E-02
  103   1.0005E-02
  104   7.5870E-03
  105   5.4350E-03
  106   3.6890E-03
  107   2.6300E-03
  108   1.9300E-03
  109   1.2040E-03
  110   7.7300E-04
  111   5.1000E-04
  112   3.5400E-04
  113   2.4000E-04
  114   1.2900E-04
  115   9.2000E-05
  116   6.7000E-05
  117   4.5000E-05
  118   2.0000E-05
  119   1.7000E-05
  120   8.0000E-06
  122   7.0000E-06
