   64   1.5000E-05
   66   1.0000E-04
   67   3.0000E-06
   68   1.5130E-03
   69   3.1000E-05
   70   5.5680E-03
   71   1.4600E-04
   72   3.8399E-02
   73   6.3900E-04
   74   7.0142E-02
   75   1.2810E-03
   76   1.9882E-01
   77   2.0790E-03
   78   2.1228E-01
   79   2.5620E-03
   80   2.1904E-01
   81   1.8990E-03
   82   1.5899E-01
   83   1.1520E-03
   84   8.4931E-02
   85   8.4200E-04
   86   8.4931E-02
   87   1.1520E-03
   88   1.5899E-01
   89   1.8990E-03
   90   2.1904E-01
   91   2.5620E-03
   92   2.1228E-01
   93   2.0790E-03
   94   1.9882E-01
   95   1.2810E-03
   96   7.0142E-02
   97   6.3900E-04
   98   3.8399E-02
   99   1.4600E-04
  100   5.5680E-03
  101   3.1000E-05
  102   1.5130E-03
  103   3.0000E-06
  104   1.0000E-04
  106   1.5000E-05
