   63   2.0000E-06
   64   7.0000E-06
   65   2.4000E-05
   66   1.4100E-04
   67   5.5700E-04
   68   1.3820E-03
   69   2.2530E-03
   70   4.6270E-03
   71   1.4368E-02
   72   3.0654E-02
   73   3.7490E-02
   74   4.2241E-02
   75   7.9885E-02
   76   1.3184E-01
   77   1.3105E-01
   78   9.1788E-02
   79   9.4110E-02
   80   1.1904E-01
   81   9.7843E-02
   82   5.0632E-02
   83   3.2174E-02
   84   3.7882E-02
   85   3.7882E-02
   86   3.2174E-02
   87   5.0632E-02
   88   9.7843E-02
   89   1.1904E-01
   90   9.4110E-02
   91   9.1788E-02
   92   1.3105E-01
   93   1.3184E-01
   94   7.9885E-02
   95   4.2241E-02
   96   3.7490E-02
   97   3.0654E-02
   98   1.4368E-02
   99   4.6270E-03
  100   2.2530E-03
  101   1.3820E-03
  102   5.5700E-04
  103   1.4100E-04
  104   2.4000E-05
  105   7.0000E-06
  106   2.0000E-06
