   54   6.0000E-06
   55   4.0000E-06
   56   3.0000E-06
   57   8.0000E-06
   58   2.4000E-05
   59   3.6000E-05
   60   6.2000E-05
   61   7.3000E-05
   62   1.5800E-04
   63   2.4200E-04
   64   4.0800E-04
   65   6.6300E-04
   66   1.0090E-03
   67   1.7120E-03
   68   2.7380E-03
   69   4.0290E-03
   70   6.3470E-03
   71   9.2280E-03
   72   1.3213E-02
   73   1.8492E-02
   74   2.6940E-02
   75   3.3281E-02
   76   4.1936E-02
   77   5.2073E-02
   78   6.6425E-02
   79   7.2345E-02
   80   8.1093E-02
   81   8.5021E-02
   82   9.2522E-02
   83   8.7217E-02
   84   8.8321E-02
   85   7.7835E-02
   86   7.4166E-02
   87   6.4123E-02
   88   6.7571E-02
   89   7.2195E-02
   90   8.3750E-02
   91   8.4615E-02
   92   9.2973E-02
   93   8.7880E-02
   94   8.6225E-02
   95   7.8153E-02
   96   7.4907E-02
   97   6.1129E-02
   98   5.1420E-02
   99   4.0647E-02
  100   3.3348E-02
  101   2.5509E-02
  102   1.8312E-02
  103   1.2945E-02
  104   9.2180E-03
  105   6.2650E-03
  106   4.0160E-03
  107   2.7230E-03
  108   1.7120E-03
  109   1.0070E-03
  110   6.6300E-04
  111   4.0800E-04
  112   2.4200E-04
  113   1.5800E-04
  114   7.3000E-05
  115   6.2000E-05
  116   3.6000E-05
  117   2.4000E-05
  118   8.0000E-06
  119   3.0000E-06
  120   4.0000E-06
  121   6.0000E-06
