   65   3.0000E-06
   66   8.0000E-06
   67   2.2000E-05
   68   1.0200E-04
   69   4.0100E-04
   70   9.0400E-04
   71   1.3280E-03
   72   3.5200E-03
   73   1.1030E-02
   74   2.1007E-02
   75   2.5486E-02
   76   3.3288E-02
   77   6.8792E-02
   78   1.1408E-01
   79   1.1493E-01
   80   8.8766E-02
   81   1.0379E-01
   82   1.3731E-01
   83   1.1995E-01
   84   6.7165E-02
   85   4.1234E-02
   86   4.6880E-02
   87   4.6880E-02
   88   4.1234E-02
   89   6.7165E-02
   90   1.1995E-01
   91   1.3731E-01
   92   1.0379E-01
   93   8.8766E-02
   94   1.1493E-01
   95   1.1408E-01
   96   6.8792E-02
   97   3.3288E-02
   98   2.5486E-02
   99   2.1007E-02
  100   1.1030E-02
  101   3.5200E-03
  102   1.3280E-03
  103   9.0400E-04
  104   4.0100E-04
  105   1.0200E-04
  106   2.2000E-05
  107   8.0000E-06
  108   3.0000E-06
