   48   4.0000E-06
   51   4.0000E-06
   52   1.1000E-05
   53   5.0000E-06
   54   1.2000E-05
   55   2.1000E-05
   56   3.4000E-05
   57   6.4000E-05
   58   1.5200E-04
   59   1.7200E-04
   60   3.2800E-04
   61   5.1700E-04
   62   9.3900E-04
   63   1.3450E-03
   64   1.9850E-03
   65   3.0240E-03
   66   4.4590E-03
   67   6.5580E-03
   68   9.6610E-03
   69   1.2785E-02
   70   1.7173E-02
   71   2.2962E-02
   72   3.1424E-02
   73   3.7290E-02
   74   4.5079E-02
   75   5.3252E-02
   76   6.4472E-02
   77   6.8277E-02
   78   7.6005E-02
   79   7.8116E-02
   80   8.3614E-02
   81   8.0265E-02
   82   8.2165E-02
   83   7.5652E-02
   84   7.4436E-02
   85   6.8540E-02
   86   7.1331E-02
   87   7.2318E-02
   88   7.9543E-02
   89   7.9361E-02
   90   8.4671E-02
   91   7.9884E-02
   92   8.0534E-02
   93   7.3151E-02
   94   7.1115E-02
   95   6.0489E-02
   96   5.3325E-02
   97   4.3828E-02
   98   3.7771E-02
   99   3.0054E-02
  100   2.2864E-02
  101   1.6964E-02
  102   1.2787E-02
  103   9.5390E-03
  104   6.5500E-03
  105   4.4420E-03
  106   3.0220E-03
  107   1.9850E-03
  108   1.3450E-03
  109   9.3900E-04
  110   5.1700E-04
  111   3.2800E-04
  112   1.7200E-04
  113   1.5200E-04
  114   6.4000E-05
  115   3.4000E-05
  116   2.1000E-05
  117   1.2000E-05
  118   5.0000E-06
  119   1.1000E-05
  120   4.0000E-06
  123   4.0000E-06
