   68   2.0000E-06
   70   3.4000E-05
   72   3.5200E-04
   73   5.0000E-06
   74   1.2520E-03
   75   3.0000E-05
   76   9.4930E-03
   77   1.6400E-04
   78   2.4031E-02
   79   4.2200E-04
   80   7.2855E-02
   81   9.7600E-04
   82   1.5772E-01
   83   2.0390E-03
   84   1.7468E-01
   85   2.2310E-03
   86   2.9170E-01
   87   2.3300E-03
   88   1.6532E-01
   89   1.8900E-03
   90   1.8490E-01
   91   1.8900E-03
   92   1.6532E-01
   93   2.3300E-03
   94   2.9170E-01
   95   2.2310E-03
   96   1.7468E-01
   97   2.0390E-03
   98   1.5772E-01
   99   9.7600E-04
  100   7.2855E-02
  101   4.2200E-04
  102   2.4031E-02
  103   1.6400E-04
  104   9.4930E-03
  105   3.0000E-05
  106   1.2520E-03
  107   5.0000E-06
  108   3.5200E-04
  110   3.4000E-05
  112   2.0000E-06
