   66   2.0000E-06
   68   2.9000E-05
   70   4.6900E-04
   71   1.2000E-05
   72   1.8180E-03
   73   4.5000E-05
   74   1.2558E-02
   75   1.8700E-04
   76   3.5026E-02
   77   5.9200E-04
   78   8.8601E-02
   79   1.2120E-03
   80   1.9598E-01
   81   2.1440E-03
   82   1.8407E-01
   83   2.3110E-03
   84   2.7513E-01
   85   1.8550E-03
   86   1.3203E-01
   87   1.3240E-03
   88   1.2919E-01
   89   1.3240E-03
   90   1.3203E-01
   91   1.8550E-03
   92   2.7513E-01
   93   2.3110E-03
   94   1.8407E-01
   95   2.1440E-03
   96   1.9598E-01
   97   1.2120E-03
   98   8.8601E-02
   99   5.9200E-04
  100   3.5026E-02
  101   1.8700E-04
  102   1.2558E-02
  103   4.5000E-05
  104   1.8180E-03
  105   1.2000E-05
  106   4.6900E-04
  108   2.9000E-05
  110   2.0000E-06
