   57   4.0000E-06
   58   8.0000E-06
   59   1.9000E-05
   60   2.0000E-05
   61   3.6000E-05
   62   4.8000E-05
   63   1.1100E-04
   64   2.0800E-04
   65   3.2300E-04
   66   5.7900E-04
   67   9.2700E-04
   68   1.8570E-03
   69   2.8920E-03
   70   4.9430E-03
   71   7.7190E-03
   72   1.2268E-02
   73   1.7940E-02
   74   2.7032E-02
   75   3.5337E-02
   76   4.5720E-02
   77   5.8573E-02
   78   7.3881E-02
   79   8.0188E-02
   80   8.6817E-02
   81   9.4162E-02
   82   9.6238E-02
   83   9.1520E-02
   84   8.5223E-02
   85   7.7740E-02
   86   6.7016E-02
   87   6.1274E-02
   88   6.7016E-02
   89   7.7740E-02
   90   8.5223E-02
   91   9.1520E-02
   92   9.6238E-02
   93   9.4162E-02
   94   8.6817E-02
   95   8.0188E-02
   96   7.3881E-02
   97   5.8573E-02
   98   4.5720E-02
   99   3.5337E-02
  100   2.7032E-02
  101   1.7940E-02
  102   1.2268E-02
  103   7.7190E-03
  104   4.9430E-03
  105   2.8920E-03
  106   1.8570E-03
  107   9.2700E-04
  108   5.7900E-04
  109   3.2300E-04
  110   2.0800E-04
  111   1.1100E-04
  112   4.8000E-05
  113   3.6000E-05
  114   2.0000E-05
  115   1.9000E-05
  116   8.0000E-06
  117   4.0000E-06
