   66   1.2000E-05
   68   1.4300E-04
   69   3.0000E-06
   70   1.1170E-03
   71   2.2000E-05
   72   4.7200E-03
   73   1.0500E-04
   74   2.9955E-02
   75   4.7800E-04
   76   5.4058E-02
   77   9.7400E-04
   78   1.7374E-01
   79   1.8990E-03
   80   1.9423E-01
   81   2.5610E-03
   82   2.4156E-01
   83   2.1300E-03
   84   1.9416E-01
   85   1.5080E-03
   86   9.6077E-02
   87   1.0860E-03
   88   9.6077E-02
   89   1.5080E-03
   90   1.9416E-01
   91   2.1300E-03
   92   2.4156E-01
   93   2.5610E-03
   94   1.9423E-01
   95   1.8990E-03
   96   1.7374E-01
   97   9.7400E-04
   98   5.4058E-02
   99   4.7800E-04
  100   2.9955E-02
  101   1.0500E-04
  102   4.7200E-03
  103   2.2000E-05
  104   1.1170E-03
  105   3.0000E-06
  106   1.4300E-04
  108   1.2000E-05
