   65   5.0000E-06
   66   1.7000E-05
   67   9.9000E-05
   68   4.0600E-04
   69   9.3300E-04
   70   1.5460E-03
   71   3.7940E-03
   72   1.1969E-02
   73   2.4597E-02
   74   3.0305E-02
   75   3.6834E-02
   76   7.4102E-02
   77   1.2428E-01
   78   1.2454E-01
   79   9.1720E-02
   80   1.0049E-01
   81   1.2950E-01
   82   1.0932E-01
   83   5.8568E-02
   84   3.5641E-02
   85   4.1332E-02
   86   4.1332E-02
   87   3.5641E-02
   88   5.8568E-02
   89   1.0932E-01
   90   1.2950E-01
   91   1.0049E-01
   92   9.1720E-02
   93   1.2454E-01
   94   1.2428E-01
   95   7.4102E-02
   96   3.6834E-02
   97   3.0305E-02
   98   2.4597E-02
   99   1.1969E-02
  100   3.7940E-03
  101   1.5460E-03
  102   9.3300E-04
  103   4.0600E-04
  104   9.9000E-05
  105   1.7000E-05
  106   5.0000E-06
