   66   2.0000E-06
   68   2.5000E-05
   70   4.7000E-04
   71   1.3000E-05
   72   1.7960E-03
   73   4.4000E-05
   74   1.2729E-02
   75   2.1800E-04
   76   3.5624E-02
   77   6.3800E-04
   78   8.8891E-02
   79   1.2050E-03
   80   1.9559E-01
   81   2.2970E-03
   82   1.8400E-01
   83   2.3080E-03
   84   2.7460E-01
   85   1.8700E-03
   86   1.3197E-01
   87   1.3690E-03
   88   1.2868E-01
   89   1.3690E-03
   90   1.3197E-01
   91   1.8700E-03
   92   2.7460E-01
   93   2.3080E-03
   94   1.8400E-01
   95   2.2970E-03
   96   1.9559E-01
   97   1.2050E-03
   98   8.8891E-02
   99   6.3800E-04
  100   3.5624E-02
  101   2.1800E-04
  102   1.2729E-02
  103   4.4000E-05
  104   1.7960E-03
  105   1.3000E-05
  106   4.7000E-04
  108   2.5000E-05
  110   2.0000E-06
