   67   4.0000E-06
   68   8.0000E-06
   69   2.7000E-05
   70   1.1100E-04
   71   3.2000E-04
   72   5.8900E-04
   73   1.0930E-03
   74   3.3320E-03
   75   8.7130E-03
   76   1.5065E-02
   77   1.7687E-02
   78   2.6736E-02
   79   5.8026E-02
   80   9.2644E-02
   81   9.4353E-02
   82   7.9831E-02
   83   1.0453E-01
   84   1.4643E-01
   85   1.3552E-01
   86   8.5109E-02
   87   5.7566E-02
   88   7.2303E-02
   89   7.2303E-02
   90   5.7566E-02
   91   8.5109E-02
   92   1.3552E-01
   93   1.4643E-01
   94   1.0453E-01
   95   7.9831E-02
   96   9.4353E-02
   97   9.2644E-02
   98   5.8026E-02
   99   2.6736E-02
  100   1.7687E-02
  101   1.5065E-02
  102   8.7130E-03
  103   3.3320E-03
  104   1.0930E-03
  105   5.8900E-04
  106   3.2000E-04
  107   1.1100E-04
  108   2.7000E-05
  109   8.0000E-06
  110   4.0000E-06
