   58   2.0000E-06
   61   5.0000E-06
   62   3.0000E-05
   63   3.6000E-05
   64   8.4000E-05
   65   1.5900E-04
   66   3.6500E-04
   67   7.0900E-04
   68   1.6460E-03
   69   2.7270E-03
   70   4.6820E-03
   71   8.6210E-03
   72   1.6450E-02
   73   2.2062E-02
   74   3.3140E-02
   75   4.5568E-02
   76   6.0429E-02
   77   7.2680E-02
   78   9.2863E-02
   79   9.4439E-02
   80   9.5998E-02
   81   9.7942E-02
   82   1.0493E-01
   83   8.3084E-02
   84   6.9175E-02
   85   6.1344E-02
   86   6.1636E-02
   87   6.1344E-02
   88   6.9175E-02
   89   8.3084E-02
   90   1.0493E-01
   91   9.7942E-02
   92   9.5998E-02
   93   9.4439E-02
   94   9.2863E-02
   95   7.2680E-02
   96   6.0429E-02
   97   4.5568E-02
   98   3.3140E-02
   99   2.2062E-02
  100   1.6450E-02
  101   8.6210E-03
  102   4.6820E-03
  103   2.7270E-03
  104   1.6460E-03
  105   7.0900E-04
  106   3.6500E-04
  107   1.5900E-04
  108   8.4000E-05
  109   3.6000E-05
  110   3.0000E-05
  111   5.0000E-06
  114   2.0000E-06
