   65   3.0000E-06
   66   4.0000E-06
   67   7.0000E-06
   68   2.9000E-05
   69   1.1900E-04
   70   3.6000E-04
   71   6.7600E-04
   72   1.2480E-03
   73   3.4790E-03
   74   1.0181E-02
   75   1.7979E-02
   76   2.1057E-02
   77   3.0389E-02
   78   6.3753E-02
   79   1.0326E-01
   80   1.0443E-01
   81   8.4725E-02
   82   1.0444E-01
   83   1.4199E-01
   84   1.2895E-01
   85   7.6127E-02
   86   4.8561E-02
   87   5.8229E-02
   88   5.8229E-02
   89   4.8561E-02
   90   7.6127E-02
   91   1.2895E-01
   92   1.4199E-01
   93   1.0444E-01
   94   8.4725E-02
   95   1.0443E-01
   96   1.0326E-01
   97   6.3753E-02
   98   3.0389E-02
   99   2.1057E-02
  100   1.7979E-02
  101   1.0181E-02
  102   3.4790E-03
  103   1.2480E-03
  104   6.7600E-04
  105   3.6000E-04
  106   1.1900E-04
  107   2.9000E-05
  108   7.0000E-06
  109   4.0000E-06
  110   3.0000E-06
