   66   3.0000E-06
   68   1.1000E-05
   70   1.4900E-04
   71   2.0000E-06
   72   9.5500E-04
   73   2.3000E-05
   74   4.3130E-03
   75   8.4000E-05
   76   2.2434E-02
   77   3.5300E-04
   78   4.2166E-02
   79   7.4300E-04
   80   1.4445E-01
   81   1.6150E-03
   82   1.6531E-01
   83   2.3120E-03
   84   2.4712E-01
   85   2.1440E-03
   86   2.2578E-01
   87   1.8580E-03
   88   1.3732E-01
   89   1.7180E-03
   90   1.3732E-01
   91   1.8580E-03
   92   2.2578E-01
   93   2.1440E-03
   94   2.4712E-01
   95   2.3120E-03
   96   1.6531E-01
   97   1.6150E-03
   98   1.4445E-01
   99   7.4300E-04
  100   4.2166E-02
  101   3.5300E-04
  102   2.2434E-02
  103   8.4000E-05
  104   4.3130E-03
  105   2.3000E-05
  106   9.5500E-04
  107   2.0000E-06
  108   1.4900E-04
  110   1.1000E-05
  112   3.0000E-06
