   66   3.0000E-06
   68   2.3000E-05
   70   4.4900E-04
   71   1.0000E-05
   72   1.8050E-03
   73   3.9000E-05
   74   1.2490E-02
   75   1.7400E-04
   76   3.5524E-02
   77   6.1000E-04
   78   8.8643E-02
   79   1.2340E-03
   80   1.9538E-01
   81   2.2600E-03
   82   1.8391E-01
   83   2.4080E-03
   84   2.7537E-01
   85   2.0000E-03
   86   1.3204E-01
   87   1.3520E-03
   88   1.2855E-01
   89   1.3520E-03
   90   1.3204E-01
   91   2.0000E-03
   92   2.7537E-01
   93   2.4080E-03
   94   1.8391E-01
   95   2.2600E-03
   96   1.9538E-01
   97   1.2340E-03
   98   8.8643E-02
   99   6.1000E-04
  100   3.5524E-02
  101   1.7400E-04
  102   1.2490E-02
  103   3.9000E-05
  104   1.8050E-03
  105   1.0000E-05
  106   4.4900E-04
  108   2.3000E-05
  110   3.0000E-06
