   61   2.0000E-06
   62   3.0000E-06
   63   7.0000E-06
   64   3.0000E-05
   65   3.6000E-05
   66   8.6000E-05
   67   1.6800E-04
   68   3.8800E-04
   69   8.0600E-04
   70   1.6160E-03
   71   2.8260E-03
   72   4.9710E-03
   73   9.0340E-03
   74   1.6300E-02
   75   2.3354E-02
   76   3.2809E-02
   77   4.6034E-02
   78   6.3886E-02
   79   8.1522E-02
   80   9.0284E-02
   81   9.6092E-02
   82   1.0364E-01
   83   1.0777E-01
   84   9.9529E-02
   85   8.4281E-02
   86   7.1395E-02
   87   6.3127E-02
   88   6.3127E-02
   89   7.1395E-02
   90   8.4281E-02
   91   9.9529E-02
   92   1.0777E-01
   93   1.0364E-01
   94   9.6092E-02
   95   9.0284E-02
   96   8.1522E-02
   97   6.3886E-02
   98   4.6034E-02
   99   3.2809E-02
  100   2.3354E-02
  101   1.6300E-02
  102   9.0340E-03
  103   4.9710E-03
  104   2.8260E-03
  105   1.6160E-03
  106   8.0600E-04
  107   3.8800E-04
  108   1.6800E-04
  109   8.6000E-05
  110   3.6000E-05
  111   3.0000E-05
  112   7.0000E-06
  113   3.0000E-06
  114   2.0000E-06
