   69   8.0000E-06
   70   3.4000E-05
   71   1.2600E-04
   72   3.1000E-04
   73   5.3500E-04
   74   9.6400E-04
   75   3.0200E-03
   76   7.7600E-03
   77   1.2596E-02
   78   1.4782E-02
   79   2.4738E-02
   80   5.3347E-02
   81   8.3809E-02
   82   8.4864E-02
   83   7.5929E-02
   84   1.0375E-01
   85   1.4732E-01
   86   1.4146E-01
   87   9.3628E-02
   88   6.5860E-02
   89   8.5146E-02
   90   8.5146E-02
   91   6.5860E-02
   92   9.3628E-02
   93   1.4146E-01
   94   1.4732E-01
   95   1.0375E-01
   96   7.5929E-02
   97   8.4864E-02
   98   8.3809E-02
   99   5.3347E-02
  100   2.4738E-02
  101   1.4782E-02
  102   1.2596E-02
  103   7.7600E-03
  104   3.0200E-03
  105   9.6400E-04
  106   5.3500E-04
  107   3.1000E-04
  108   1.2600E-04
  109   3.4000E-05
  110   8.0000E-06
