   66   7.0000E-06
   68   1.2400E-04
   69   3.0000E-06
   70   1.1730E-03
   71   3.6000E-05
   72   4.8630E-03
   73   9.2000E-05
   74   3.0061E-02
   75   4.8800E-04
   76   5.4138E-02
   77   9.7700E-04
   78   1.7379E-01
   79   1.9000E-03
   80   1.9401E-01
   81   2.5040E-03
   82   2.4264E-01
   83   2.0890E-03
   84   1.9384E-01
   85   1.4340E-03
   86   9.5338E-02
   87   9.7000E-04
   88   9.5338E-02
   89   1.4340E-03
   90   1.9384E-01
   91   2.0890E-03
   92   2.4264E-01
   93   2.5040E-03
   94   1.9401E-01
   95   1.9000E-03
   96   1.7379E-01
   97   9.7700E-04
   98   5.4138E-02
   99   4.8800E-04
  100   3.0061E-02
  101   9.2000E-05
  102   4.8630E-03
  103   3.6000E-05
  104   1.1730E-03
  105   3.0000E-06
  106   1.2400E-04
  108   7.0000E-06
