   64   3.0000E-06
   66   2.9000E-05
   68   4.8300E-04
   69   1.1000E-05
   70   2.3090E-03
   71   6.7000E-05
   72   1.5059E-02
   73   2.5200E-04
   74   5.0017E-02
   75   8.4800E-04
   76   1.0625E-01
   77   1.5250E-03
   78   2.3698E-01
   79   2.3090E-03
   80   1.9005E-01
   81   2.3770E-03
   82   2.4753E-01
   83   1.4650E-03
   84   9.8661E-02
   85   9.2900E-04
   86   8.5686E-02
   87   9.2900E-04
   88   9.8661E-02
   89   1.4650E-03
   90   2.4753E-01
   91   2.3770E-03
   92   1.9005E-01
   93   2.3090E-03
   94   2.3698E-01
   95   1.5250E-03
   96   1.0625E-01
   97   8.4800E-04
   98   5.0017E-02
   99   2.5200E-04
  100   1.5059E-02
  101   6.7000E-05
  102   2.3090E-03
  103   1.1000E-05
  104   4.8300E-04
  106   2.9000E-05
  108   3.0000E-06
