   64   2.0000E-06
   66   1.4000E-05
   68   1.2600E-04
   69   3.0000E-06
   70   1.1540E-03
   71   3.1000E-05
   72   4.5760E-03
   73   9.3000E-05
   74   2.9556E-02
   75   4.5500E-04
   76   5.3812E-02
   77   9.6900E-04
   78   1.7330E-01
   79   1.8730E-03
   80   1.9250E-01
   81   2.5050E-03
   82   2.4080E-01
   83   2.1210E-03
   84   1.9470E-01
   85   1.4210E-03
   86   9.9478E-02
   87   1.0260E-03
   88   9.9478E-02
   89   1.4210E-03
   90   1.9470E-01
   91   2.1210E-03
   92   2.4080E-01
   93   2.5050E-03
   94   1.9250E-01
   95   1.8730E-03
   96   1.7330E-01
   97   9.6900E-04
   98   5.3812E-02
   99   4.5500E-04
  100   2.9556E-02
  101   9.3000E-05
  102   4.5760E-03
  103   3.1000E-05
  104   1.1540E-03
  105   3.0000E-06
  106   1.2600E-04
  108   1.4000E-05
  110   2.0000E-06
