   66   1.5000E-05
   68   1.2000E-04
   70   1.1720E-03
   71   2.4000E-05
   72   4.8470E-03
   73   1.0500E-04
   74   2.9696E-02
   75   4.7700E-04
   76   5.4103E-02
   77   1.0010E-03
   78   1.7477E-01
   79   1.8800E-03
   80   1.9344E-01
   81   2.4280E-03
   82   2.4257E-01
   83   2.0560E-03
   84   1.9346E-01
   85   1.4510E-03
   86   9.5862E-02
   87   1.0340E-03
   88   9.5862E-02
   89   1.4510E-03
   90   1.9346E-01
   91   2.0560E-03
   92   2.4257E-01
   93   2.4280E-03
   94   1.9344E-01
   95   1.8800E-03
   96   1.7477E-01
   97   1.0010E-03
   98   5.4103E-02
   99   4.7700E-04
  100   2.9696E-02
  101   1.0500E-04
  102   4.8470E-03
  103   2.4000E-05
  104   1.1720E-03
  106   1.2000E-04
  108   1.5000E-05
