   74   1.1000E-05
   76   8.7000E-05
   78   4.6000E-04
   79   1.0000E-05
   80   3.5570E-03
   81   5.6000E-05
   82   9.3250E-03
   83   1.8400E-04
   84   4.1016E-02
   85   5.4400E-04
   86   9.4061E-02
   87   1.4700E-03
   88   1.4895E-01
   89   2.1150E-03
   90   3.0444E-01
   91   2.8420E-03
   92   2.3124E-01
   93   3.0320E-03
   94   3.1314E-01
   95   3.0320E-03
   96   2.3124E-01
   97   2.8420E-03
   98   3.0444E-01
   99   2.1150E-03
  100   1.4895E-01
  101   1.4700E-03
  102   9.4061E-02
  103   5.4400E-04
  104   4.1016E-02
  105   1.8400E-04
  106   9.3250E-03
  107   5.6000E-05
  108   3.5570E-03
  109   1.0000E-05
  110   4.6000E-04
  112   8.7000E-05
  114   1.1000E-05
