   75   7.0000E-06
   76   1.9000E-05
   77   3.8000E-05
   78   8.4000E-05
   79   3.1500E-04
   80   1.0230E-03
   81   2.0920E-03
   82   3.2980E-03
   83   5.0710E-03
   84   1.1795E-02
   85   2.6297E-02
   86   4.1772E-02
   87   4.6867E-02
   88   5.4481E-02
   89   9.1559E-02
   90   1.4505E-01
   91   1.6051E-01
   92   1.2992E-01
   93   1.1226E-01
   94   1.6754E-01
   95   1.6754E-01
   96   1.1226E-01
   97   1.2992E-01
   98   1.6051E-01
   99   1.4505E-01
  100   9.1559E-02
  101   5.4481E-02
  102   4.6867E-02
  103   4.1772E-02
  104   2.6297E-02
  105   1.1795E-02
  106   5.0710E-03
  107   3.2980E-03
  108   2.0920E-03
  109   1.0230E-03
  110   3.1500E-04
  111   8.4000E-05
  112   3.8000E-05
  113   1.9000E-05
  114   7.0000E-06
