   75   4.0000E-06
   76   2.1000E-05
   77   5.9000E-05
   78   9.1000E-05
   79   3.0000E-04
   80   9.5300E-04
   81   2.2500E-03
   82   3.4190E-03
   83   5.0070E-03
   84   1.1817E-02
   85   2.6667E-02
   86   4.1744E-02
   87   4.7141E-02
   88   5.4516E-02
   89   9.2405E-02
   90   1.4489E-01
   91   1.6062E-01
   92   1.2906E-01
   93   1.1229E-01
   94   1.6674E-01
   95   1.6674E-01
   96   1.1229E-01
   97   1.2906E-01
   98   1.6062E-01
   99   1.4489E-01
  100   9.2405E-02
  101   5.4516E-02
  102   4.7141E-02
  103   4.1744E-02
  104   2.6667E-02
  105   1.1817E-02
  106   5.0070E-03
  107   3.4190E-03
  108   2.2500E-03
  109   9.5300E-04
  110   3.0000E-04
  111   9.1000E-05
  112   5.9000E-05
  113   2.1000E-05
  114   4.0000E-06
