   70   3.0000E-06
   71   1.0000E-05
   72   6.0000E-05
   73   9.1000E-05
   74   2.9800E-04
   75   5.4800E-04
   76   1.9830E-03
   77   2.4360E-03
   78   8.8010E-03
   79   9.7980E-03
   80   1.8960E-02
   81   2.3756E-02
   82   7.0563E-02
   83   5.3356E-02
   84   8.3477E-02
   85   8.3194E-02
   86   1.5355E-01
   87   9.5820E-02
   88   1.5369E-01
   89   9.1829E-02
   90   1.0755E-01
   91   8.0426E-02
   92   1.0755E-01
   93   9.1829E-02
   94   1.5369E-01
   95   9.5820E-02
   96   1.5355E-01
   97   8.3194E-02
   98   8.3477E-02
   99   5.3356E-02
  100   7.0563E-02
  101   2.3756E-02
  102   1.8960E-02
  103   9.7980E-03
  104   8.8010E-03
  105   2.4360E-03
  106   1.9830E-03
  107   5.4800E-04
  108   2.9800E-04
  109   9.1000E-05
  110   6.0000E-05
  111   1.0000E-05
  112   3.0000E-06
