   73   2.0000E-06
   74   1.0000E-05
   75   4.3000E-05
   76   6.9000E-05
   77   1.4300E-04
   78   3.7000E-04
   79   1.2040E-03
   80   2.7460E-03
   81   4.2990E-03
   82   6.4470E-03
   83   1.3854E-02
   84   3.1151E-02
   85   4.8993E-02
   86   5.3945E-02
   87   5.9152E-02
   88   9.5297E-02
   89   1.4764E-01
   90   1.5886E-01
   91   1.2354E-01
   92   1.0336E-01
   93   1.4887E-01
   94   1.4887E-01
   95   1.0336E-01
   96   1.2354E-01
   97   1.5886E-01
   98   1.4764E-01
   99   9.5297E-02
  100   5.9152E-02
  101   5.3945E-02
  102   4.8993E-02
  103   3.1151E-02
  104   1.3854E-02
  105   6.4470E-03
  106   4.2990E-03
  107   2.7460E-03
  108   1.2040E-03
  109   3.7000E-04
  110   1.4300E-04
  111   6.9000E-05
  112   4.3000E-05
  113   1.0000E-05
  114   2.0000E-06
