   72   2.0000E-06
   73   1.3000E-05
   74   4.6000E-05
   75   1.1100E-04
   76   1.7400E-04
   77   4.7400E-04
   78   1.5660E-03
   79   3.7160E-03
   80   5.6100E-03
   81   7.8200E-03
   82   1.6154E-02
   83   3.6033E-02
   84   5.6416E-02
   85   6.0653E-02
   86   6.3329E-02
   87   9.8411E-02
   88   1.5022E-01
   89   1.5649E-01
   90   1.1707E-01
   91   9.3683E-02
   92   1.3199E-01
   93   1.3199E-01
   94   9.3683E-02
   95   1.1707E-01
   96   1.5649E-01
   97   1.5022E-01
   98   9.8411E-02
   99   6.3329E-02
  100   6.0653E-02
  101   5.6416E-02
  102   3.6033E-02
  103   1.6154E-02
  104   7.8200E-03
  105   5.6100E-03
  106   3.7160E-03
  107   1.5660E-03
  108   4.7400E-04
  109   1.7400E-04
  110   1.1100E-04
  111   4.6000E-05
  112   1.3000E-05
  113   2.0000E-06
