   74   2.0000E-06
   76   1.7000E-05
   78   1.0500E-04
   80   1.1300E-03
   81   2.2000E-05
   82   4.8010E-03
   83   1.0000E-04
   84   1.5227E-02
   85   2.1800E-04
   86   6.3220E-02
   87   9.1900E-04
   88   9.4900E-02
   89   1.6060E-03
   90   2.3151E-01
   91   2.4250E-03
   92   2.9022E-01
   93   3.3260E-03
   94   2.8831E-01
   95   3.8900E-03
   96   2.8831E-01
   97   3.3260E-03
   98   2.9022E-01
   99   2.4250E-03
  100   2.3151E-01
  101   1.6060E-03
  102   9.4900E-02
  103   9.1900E-04
  104   6.3220E-02
  105   2.1800E-04
  106   1.5227E-02
  107   1.0000E-04
  108   4.8010E-03
  109   2.2000E-05
  110   1.1300E-03
  112   1.0500E-04
  114   1.7000E-05
  116   2.0000E-06
