   74   3.0000E-06
   75   5.0000E-06
   76   1.8000E-05
   77   4.2000E-05
   78   1.0300E-04
   79   2.9400E-04
   80   9.5800E-04
   81   2.1610E-03
   82   3.3650E-03
   83   5.0080E-03
   84   1.1752E-02
   85   2.6583E-02
   86   4.1968E-02
   87   4.6905E-02
   88   5.3892E-02
   89   9.1824E-02
   90   1.4517E-01
   91   1.6085E-01
   92   1.2951E-01
   93   1.1211E-01
   94   1.6749E-01
   95   1.6749E-01
   96   1.1211E-01
   97   1.2951E-01
   98   1.6085E-01
   99   1.4517E-01
  100   9.1824E-02
  101   5.3892E-02
  102   4.6905E-02
  103   4.1968E-02
  104   2.6583E-02
  105   1.1752E-02
  106   5.0080E-03
  107   3.3650E-03
  108   2.1610E-03
  109   9.5800E-04
  110   2.9400E-04
  111   1.0300E-04
  112   4.2000E-05
  113   1.8000E-05
  114   5.0000E-06
  115   3.0000E-06
