   69   2.0000E-06
   70   2.0000E-06
   71   2.1000E-05
   72   7.8000E-05
   73   1.9000E-04
   74   3.5600E-04
   75   7.9600E-04
   76   2.5000E-03
   77   6.0700E-03
   78   9.6160E-03
   79   1.1879E-02
   80   2.1399E-02
   81   4.7091E-02
   82   7.3762E-02
   83   7.6278E-02
   84   7.1978E-02
   85   1.0272E-01
   86   1.4918E-01
   87   1.4880E-01
   88   1.0193E-01
   89   7.5080E-02
   90   1.0026E-01
   91   1.0026E-01
   92   7.5080E-02
   93   1.0193E-01
   94   1.4880E-01
   95   1.4918E-01
   96   1.0272E-01
   97   7.1978E-02
   98   7.6278E-02
   99   7.3762E-02
  100   4.7091E-02
  101   2.1399E-02
  102   1.1879E-02
  103   9.6160E-03
  104   6.0700E-03
  105   2.5000E-03
  106   7.9600E-04
  107   3.5600E-04
  108   1.9000E-04
  109   7.8000E-05
  110   2.1000E-05
  111   2.0000E-06
  112   2.0000E-06
