   80   6.0000E-06
   81   9.0000E-06
   82   2.1000E-05
   83   1.2300E-04
   84   3.2200E-04
   85   6.9400E-04
   86   1.1530E-03
   87   2.1750E-03
   88   5.9320E-03
   89   1.3807E-02
   90   2.1987E-02
   91   2.7257E-02
   92   3.8174E-02
   93   7.3217E-02
   94   1.2636E-01
   95   1.5626E-01
   96   1.4591E-01
   97   1.4667E-01
   98   2.3993E-01
   99   2.3993E-01
  100   1.4667E-01
  101   1.4591E-01
  102   1.5626E-01
  103   1.2636E-01
  104   7.3217E-02
  105   3.8174E-02
  106   2.7257E-02
  107   2.1987E-02
  108   1.3807E-02
  109   5.9320E-03
  110   2.1750E-03
  111   1.1530E-03
  112   6.9400E-04
  113   3.2200E-04
  114   1.2300E-04
  115   2.1000E-05
  116   9.0000E-06
  117   6.0000E-06
