   77   3.0000E-06
   78   7.0000E-06
   79   1.6000E-05
   80   4.2000E-05
   81   1.6500E-04
   82   5.0600E-04
   83   1.2300E-03
   84   1.9010E-03
   85   3.3460E-03
   86   8.5250E-03
   87   1.9230E-02
   88   3.0442E-02
   89   3.6099E-02
   90   4.5981E-02
   91   8.3168E-02
   92   1.3621E-01
   93   1.6027E-01
   94   1.3918E-01
   95   1.3002E-01
   96   2.0364E-01
   97   2.0364E-01
   98   1.3002E-01
   99   1.3918E-01
  100   1.6027E-01
  101   1.3621E-01
  102   8.3168E-02
  103   4.5981E-02
  104   3.6099E-02
  105   3.0442E-02
  106   1.9230E-02
  107   8.5250E-03
  108   3.3460E-03
  109   1.9010E-03
  110   1.2300E-03
  111   5.0600E-04
  112   1.6500E-04
  113   4.2000E-05
  114   1.6000E-05
  115   7.0000E-06
  116   3.0000E-06
