   80   1.7000E-05
   82   1.3700E-04
   84   1.1100E-03
   85   2.4000E-05
   86   3.7340E-03
   87   8.5000E-05
   88   2.1356E-02
   89   3.0300E-04
   90   5.1945E-02
   91   9.2200E-04
   92   1.1520E-01
   93   1.6260E-03
   94   2.8410E-01
   95   3.0930E-03
   96   2.8320E-01
   97   4.0280E-03
   98   4.5821E-01
   99   4.0280E-03
  100   2.8320E-01
  101   3.0930E-03
  102   2.8410E-01
  103   1.6260E-03
  104   1.1520E-01
  105   9.2200E-04
  106   5.1945E-02
  107   3.0300E-04
  108   2.1356E-02
  109   8.5000E-05
  110   3.7340E-03
  111   2.4000E-05
  112   1.1100E-03
  114   1.3700E-04
  116   1.7000E-05
