   79   4.0000E-06
   80   1.3000E-05
   81   3.1000E-05
   82   4.3000E-05
   83   1.0800E-04
   84   3.8100E-04
   85   9.2700E-04
   86   1.7130E-03
   87   2.5110E-03
   88   5.1610E-03
   89   1.2328E-02
   90   2.4002E-02
   91   3.4257E-02
   92   3.8303E-02
   93   5.2529E-02
   94   9.1716E-02
   95   1.3878E-01
   96   1.5335E-01
   97   1.3082E-01
   98   1.2407E-01
   99   1.8893E-01
  100   1.8893E-01
  101   1.2407E-01
  102   1.3082E-01
  103   1.5335E-01
  104   1.3878E-01
  105   9.1716E-02
  106   5.2529E-02
  107   3.8303E-02
  108   3.4257E-02
  109   2.4002E-02
  110   1.2328E-02
  111   5.1610E-03
  112   2.5110E-03
  113   1.7130E-03
  114   9.2700E-04
  115   3.8100E-04
  116   1.0800E-04
  117   4.3000E-05
  118   3.1000E-05
  119   1.3000E-05
  120   4.0000E-06
