   75   2.0000E-06
   76   4.0000E-06
   77   1.8000E-05
   78   2.8000E-05
   79   6.1000E-05
   80   2.2700E-04
   81   7.4000E-04
   82   1.6130E-03
   83   2.5550E-03
   84   4.1400E-03
   85   1.0028E-02
   86   2.2764E-02
   87   3.5972E-02
   88   4.1206E-02
   89   5.0222E-02
   90   8.7323E-02
   91   1.4118E-01
   92   1.6065E-01
   93   1.3487E-01
   94   1.2161E-01
   95   1.8478E-01
   96   1.8478E-01
   97   1.2161E-01
   98   1.3487E-01
   99   1.6065E-01
  100   1.4118E-01
  101   8.7323E-02
  102   5.0222E-02
  103   4.1206E-02
  104   3.5972E-02
  105   2.2764E-02
  106   1.0028E-02
  107   4.1400E-03
  108   2.5550E-03
  109   1.6130E-03
  110   7.4000E-04
  111   2.2700E-04
  112   6.1000E-05
  113   2.8000E-05
  114   1.8000E-05
  115   4.0000E-06
  116   2.0000E-06
