   79   4.0000E-06
   80   8.0000E-06
   81   1.7000E-05
   82   2.9000E-05
   83   1.1200E-04
   84   3.8300E-04
   85   8.8400E-04
   86   1.6960E-03
   87   2.5600E-03
   88   4.9530E-03
   89   1.2394E-02
   90   2.3984E-02
   91   3.4350E-02
   92   3.8613E-02
   93   5.2085E-02
   94   9.1578E-02
   95   1.3952E-01
   96   1.5295E-01
   97   1.3155E-01
   98   1.2405E-01
   99   1.8827E-01
  100   1.8827E-01
  101   1.2405E-01
  102   1.3155E-01
  103   1.5295E-01
  104   1.3952E-01
  105   9.1578E-02
  106   5.2085E-02
  107   3.8613E-02
  108   3.4350E-02
  109   2.3984E-02
  110   1.2394E-02
  111   4.9530E-03
  112   2.5600E-03
  113   1.6960E-03
  114   8.8400E-04
  115   3.8300E-04
  116   1.1200E-04
  117   2.9000E-05
  118   1.7000E-05
  119   8.0000E-06
  120   4.0000E-06
