   80   8.0000E-06
   82   7.0000E-05
   84   3.4500E-04
   85   5.0000E-06
   86   2.7140E-03
   87   4.8000E-05
   88   7.1490E-03
   89   1.3900E-04
   90   2.7489E-02
   91   3.9100E-04
   92   7.5798E-02
   93   1.0600E-03
   94   1.0665E-01
   95   1.7680E-03
   96   2.4348E-01
   97   2.3490E-03
   98   2.6170E-01
   99   3.1080E-03
  100   2.6405E-01
  101   3.3460E-03
  102   2.6405E-01
  103   3.1080E-03
  104   2.6170E-01
  105   2.3490E-03
  106   2.4348E-01
  107   1.7680E-03
  108   1.0665E-01
  109   1.0600E-03
  110   7.5798E-02
  111   3.9100E-04
  112   2.7489E-02
  113   1.3900E-04
  114   7.1490E-03
  115   4.8000E-05
  116   2.7140E-03
  117   5.0000E-06
  118   3.4500E-04
  120   7.0000E-05
  122   8.0000E-06
