   80   5.0000E-06
   81   1.3000E-05
   82   3.5000E-05
   83   7.9000E-05
   84   2.1300E-04
   85   6.4100E-04
   86   1.5070E-03
   87   2.4630E-03
   88   3.5420E-03
   89   7.1680E-03
   90   1.6624E-02
   91   2.9877E-02
   92   3.9883E-02
   93   4.3755E-02
   94   5.9240E-02
   95   9.9738E-02
   96   1.4160E-01
   97   1.4857E-01
   98   1.2265E-01
   99   1.1500E-01
  100   1.6738E-01
  101   1.6738E-01
  102   1.1500E-01
  103   1.2265E-01
  104   1.4857E-01
  105   1.4160E-01
  106   9.9738E-02
  107   5.9240E-02
  108   4.3755E-02
  109   3.9883E-02
  110   2.9877E-02
  111   1.6624E-02
  112   7.1680E-03
  113   3.5420E-03
  114   2.4630E-03
  115   1.5070E-03
  116   6.4100E-04
  117   2.1300E-04
  118   7.9000E-05
  119   3.5000E-05
  120   1.3000E-05
  121   5.0000E-06
