   67   3.0000E-06
   68   1.0000E-05
   69   2.8000E-05
   70   4.8000E-05
   71   1.5300E-04
   72   3.8000E-04
   73   6.3900E-04
   74   1.3280E-03
   75   2.2390E-03
   76   3.9120E-03
   77   6.1500E-03
   78   1.0805E-02
   79   1.4003E-02
   80   2.0493E-02
   81   2.6577E-02
   82   3.3491E-02
   83   4.0725E-02
   84   4.8220E-02
   85   5.3778E-02
   86   5.6959E-02
   87   6.1561E-02
   88   6.8460E-02
   89   6.2856E-02
   90   5.9840E-02
   91   5.8409E-02
   92   5.4549E-02
   93   4.9676E-02
   94   4.5613E-02
   95   3.9902E-02
   96   3.1662E-02
   97   2.3071E-02
   98   1.5048E-02
   99   9.2720E-03
  100   5.6610E-03
  101   4.3300E-03
  102   4.1710E-03
  103   4.4670E-03
  104   5.3230E-03
  105   6.1660E-03
  106   6.9470E-03
  107   8.0060E-03
  108   8.6630E-03
  109   9.6490E-03
  110   9.9880E-03
  111   1.0503E-02
  112   1.0780E-02
  113   1.0944E-02
  114   1.0780E-02
  115   1.0503E-02
  116   9.9880E-03
  117   9.6490E-03
  118   8.6630E-03
  119   8.0060E-03
  120   6.9470E-03
  121   6.1660E-03
  122   5.3230E-03
  123   4.4670E-03
  124   4.1710E-03
  125   4.3300E-03
  126   5.6610E-03
  127   9.2720E-03
  128   1.5048E-02
  129   2.3071E-02
  130   3.1662E-02
  131   3.9902E-02
  132   4.5613E-02
  133   4.9676E-02
  134   5.4549E-02
  135   5.8409E-02
  136   5.9840E-02
  137   6.2856E-02
  138   6.8460E-02
  139   6.1561E-02
  140   5.6959E-02
  141   5.3778E-02
  142   4.8220E-02
  143   4.0725E-02
  144   3.3491E-02
  145   2.6577E-02
  146   2.0493E-02
  147   1.4003E-02
  148   1.0805E-02
  149   6.1500E-03
  150   3.9120E-03
  151   2.2390E-03
  152   1.3280E-03
  153   6.3900E-04
  154   3.8000E-04
  155   1.5300E-04
  156   4.8000E-05
  157   2.8000E-05
  158   1.0000E-05
  159   3.0000E-06
