   66   2.0000E-06
   67   1.5000E-05
   68   3.3000E-05
   69   6.3000E-05
   70   1.0000E-04
   71   2.6000E-04
   72   5.7100E-04
   73   9.0200E-04
   74   1.5200E-03
   75   2.4580E-03
   76   3.8840E-03
   77   5.6600E-03
   78   9.1900E-03
   79   1.1527E-02
   80   1.6453E-02
   81   2.0338E-02
   82   2.5394E-02
   83   3.0973E-02
   84   3.6956E-02
   85   4.0681E-02
   86   4.3386E-02
   87   4.6793E-02
   88   5.1441E-02
   89   4.8767E-02
   90   4.7020E-02
   91   4.5995E-02
   92   4.4408E-02
   93   4.1424E-02
   94   4.0046E-02
   95   3.7434E-02
   96   3.2388E-02
   97   2.6151E-02
   98   2.0606E-02
   99   1.5398E-02
  100   1.2337E-02
  101   1.1414E-02
  102   1.1731E-02
  103   1.3033E-02
  104   1.4508E-02
  105   1.6318E-02
  106   1.8277E-02
  107   2.0018E-02
  108   2.1734E-02
  109   2.3671E-02
  110   2.4435E-02
  111   2.5210E-02
  112   2.5997E-02
  113   2.6080E-02
  114   2.5997E-02
  115   2.5210E-02
  116   2.4435E-02
  117   2.3671E-02
  118   2.1734E-02
  119   2.0018E-02
  120   1.8277E-02
  121   1.6318E-02
  122   1.4508E-02
  123   1.3033E-02
  124   1.1731E-02
  125   1.1414E-02
  126   1.2337E-02
  127   1.5398E-02
  128   2.0606E-02
  129   2.6151E-02
  130   3.2391E-02
  131   3.7433E-02
  132   4.0046E-02
  133   4.1427E-02
  134   4.4407E-02
  135   4.5991E-02
  136   4.7029E-02
  137   4.8764E-02
  138   5.1437E-02
  139   4.6799E-02
  140   4.3383E-02
  141   4.0682E-02
  142   3.6955E-02
  143   3.0970E-02
  144   2.5394E-02
  145   2.0336E-02
  146   1.6453E-02
  147   1.1530E-02
  148   9.1870E-03
  149   5.6600E-03
  150   3.8840E-03
  151   2.4580E-03
  152   1.5200E-03
  153   9.0200E-04
  154   5.7100E-04
  155   2.6000E-04
  156   1.0000E-04
  157   6.3000E-05
  158   3.3000E-05
  159   1.5000E-05
  160   2.0000E-06
