   69   3.0000E-06
   70   5.0000E-06
   71   1.7000E-05
   72   5.9000E-05
   73   1.1800E-04
   74   3.5300E-04
   75   6.9700E-04
   76   1.4190E-03
   77   2.7420E-03
   78   5.1810E-03
   79   8.2700E-03
   80   1.4868E-02
   81   1.9634E-02
   82   2.6646E-02
   83   3.5924E-02
   84   4.8890E-02
   85   5.3939E-02
   86   5.8425E-02
   87   6.7853E-02
   88   7.5813E-02
   89   7.3899E-02
   90   7.4538E-02
   91   7.3254E-02
   92   6.7881E-02
   93   6.1376E-02
   94   5.5063E-02
   95   4.6169E-02
   96   3.7842E-02
   97   2.8896E-02
   98   1.9490E-02
   99   1.1412E-02
  100   5.9760E-03
  101   2.7880E-03
  102   1.3320E-03
  103   9.6900E-04
  104   8.9200E-04
  105   1.0620E-03
  106   1.2230E-03
  107   1.4440E-03
  108   1.6090E-03
  109   1.8180E-03
  110   2.0520E-03
  111   2.2120E-03
  112   2.3080E-03
  113   2.4070E-03
  114   2.4380E-03
  115   2.4070E-03
  116   2.3080E-03
  117   2.2120E-03
  118   2.0520E-03
  119   1.8180E-03
  120   1.6090E-03
  121   1.4440E-03
  122   1.2230E-03
  123   1.0620E-03
  124   8.9200E-04
  125   9.6900E-04
  126   1.3320E-03
  127   2.7880E-03
  128   5.9760E-03
  129   1.1412E-02
  130   1.9490E-02
  131   2.8896E-02
  132   3.7842E-02
  133   4.6169E-02
  134   5.5063E-02
  135   6.1376E-02
  136   6.7881E-02
  137   7.3254E-02
  138   7.4538E-02
  139   7.3899E-02
  140   7.5813E-02
  141   6.7853E-02
  142   5.8425E-02
  143   5.3939E-02
  144   4.8890E-02
  145   3.5924E-02
  146   2.6646E-02
  147   1.9634E-02
  148   1.4868E-02
  149   8.2700E-03
  150   5.1810E-03
  151   2.7420E-03
  152   1.4190E-03
  153   6.9700E-04
  154   3.5300E-04
  155   1.1800E-04
  156   5.9000E-05
  157   1.7000E-05
  158   5.0000E-06
  159   3.0000E-06
