   68   2.0000E-06
   69   8.0000E-06
   70   2.5000E-05
   71   5.6000E-05
   72   1.4600E-04
   73   2.7400E-04
   74   6.6600E-04
   75   1.1390E-03
   76   2.0210E-03
   77   3.5580E-03
   78   5.9560E-03
   79   8.7380E-03
   80   1.4682E-02
   81   1.8490E-02
   82   2.4162E-02
   83   3.1374E-02
   84   4.1977E-02
   85   4.6272E-02
   86   5.0329E-02
   87   5.7586E-02
   88   6.5228E-02
   89   6.4031E-02
   90   6.4689E-02
   91   6.3865E-02
   92   5.9423E-02
   93   5.6824E-02
   94   5.3846E-02
   95   4.9023E-02
   96   4.4303E-02
   97   3.7826E-02
   98   2.8680E-02
   99   1.9058E-02
  100   1.1812E-02
  101   6.6060E-03
  102   4.0990E-03
  103   3.2000E-03
  104   3.2670E-03
  105   3.7530E-03
  106   4.2100E-03
  107   4.9030E-03
  108   5.5390E-03
  109   6.0490E-03
  110   6.4450E-03
  111   7.0540E-03
  112   7.3870E-03
  113   7.5900E-03
  114   7.6280E-03
  115   7.5900E-03
  116   7.3870E-03
  117   7.0540E-03
  118   6.4450E-03
  119   6.0490E-03
  120   5.5390E-03
  121   4.9030E-03
  122   4.2100E-03
  123   3.7530E-03
  124   3.2670E-03
  125   3.2000E-03
  126   4.0990E-03
  127   6.6060E-03
  128   1.1812E-02
  129   1.9058E-02
  130   2.8680E-02
  131   3.7826E-02
  132   4.4303E-02
  133   4.9023E-02
  134   5.3846E-02
  135   5.6824E-02
  136   5.9423E-02
  137   6.3865E-02
  138   6.4689E-02
  139   6.4031E-02
  140   6.5228E-02
  141   5.7586E-02
  142   5.0329E-02
  143   4.6272E-02
  144   4.1977E-02
  145   3.1374E-02
  146   2.4162E-02
  147   1.8490E-02
  148   1.4682E-02
  149   8.7380E-03
  150   5.9560E-03
  151   3.5580E-03
  152   2.0210E-03
  153   1.1390E-03
  154   6.6600E-04
  155   2.7400E-04
  156   1.4600E-04
  157   5.6000E-05
  158   2.5000E-05
  159   8.0000E-06
  160   2.0000E-06
