   62   3.0000E-06
   63   2.0000E-06
   64   9.0000E-06
   65   2.0000E-06
   66   1.2000E-05
   67   2.8000E-05
   68   5.5000E-05
   69   8.8000E-05
   70   1.5600E-04
   71   2.0900E-04
   72   4.2500E-04
   73   6.1000E-04
   74   1.0810E-03
   75   1.6240E-03
   76   2.4470E-03
   77   3.5050E-03
   78   5.3950E-03
   79   6.4750E-03
   80   9.3290E-03
   81   1.1179E-02
   82   1.3955E-02
   83   1.6060E-02
   84   1.9589E-02
   85   2.1168E-02
   86   2.2789E-02
   87   2.4050E-02
   88   2.7238E-02
   89   2.6195E-02
   90   2.5975E-02
   91   2.6065E-02
   92   2.6620E-02
   93   2.6300E-02
   94   2.7040E-02
   95   2.6706E-02
   96   2.5452E-02
   97   2.5014E-02
   98   2.4691E-02
   99   2.4709E-02
  100   2.5497E-02
  101   2.6934E-02
  102   2.9395E-02
  103   3.1759E-02
  104   3.4817E-02
  105   3.7245E-02
  106   3.9249E-02
  107   4.1925E-02
  108   4.3809E-02
  109   4.5878E-02
  110   4.7236E-02
  111   4.8332E-02
  112   4.8839E-02
  113   4.8868E-02
  114   4.9071E-02
  115   4.8021E-02
  116   4.7188E-02
  117   4.5866E-02
  118   4.3843E-02
  119   4.1615E-02
  120   3.9396E-02
  121   3.7135E-02
  122   3.4784E-02
  123   3.2026E-02
  124   2.9609E-02
  125   2.7453E-02
  126   2.5892E-02
  127   2.6205E-02
  128   2.5884E-02
  129   2.6602E-02
  130   2.7327E-02
  131   2.7736E-02
  132   2.8173E-02
  133   2.7600E-02
  134   2.7218E-02
  135   2.6522E-02
  136   2.7303E-02
  137   2.7266E-02
  138   2.6315E-02
  139   2.4181E-02
  140   2.2431E-02
  141   2.0534E-02
  142   1.8378E-02
  143   1.5427E-02
  144   1.2669E-02
  145   1.0379E-02
  146   8.1490E-03
  147   6.0760E-03
  148   4.4650E-03
  149   3.1400E-03
  150   2.0470E-03
  151   1.3840E-03
  152   8.7800E-04
  153   5.9000E-04
  154   3.4400E-04
  155   2.0600E-04
  156   1.3300E-04
  157   8.5000E-05
  158   3.9000E-05
  159   3.8000E-05
  160   1.8000E-05
  161   6.0000E-06
  162   5.0000E-06
  163   6.0000E-06
  164   2.0000E-06
  165   3.0000E-06
