   71   2.0000E-06
   72   2.0000E-06
   73   8.0000E-06
   74   2.6000E-05
   75   5.5000E-05
   76   1.1000E-04
   77   2.3100E-04
   78   5.6300E-04
   79   7.3200E-04
   80   1.1500E-03
   81   1.7420E-03
   82   3.2520E-03
   83   4.2700E-03
   84   6.0790E-03
   85   8.8610E-03
   86   1.3456E-02
   87   1.6627E-02
   88   2.3818E-02
   89   2.9004E-02
   90   3.3174E-02
   91   3.9288E-02
   92   4.9367E-02
   93   4.9012E-02
   94   5.2765E-02
   95   5.6928E-02
   96   5.6200E-02
   97   5.4885E-02
   98   5.6711E-02
   99   5.3104E-02
  100   5.1584E-02
  101   5.4503E-02
  102   5.4308E-02
  103   4.8926E-02
  104   4.2813E-02
  105   3.2735E-02
  106   2.2534E-02
  107   1.5089E-02
  108   9.5540E-03
  109   6.5590E-03
  110   5.1400E-03
  111   4.5570E-03
  112   4.6160E-03
  113   4.7100E-03
  114   5.2560E-03
  115   5.5930E-03
  116   5.6800E-03
  117   5.9170E-03
  118   6.0330E-03
  119   6.0800E-03
  120   6.0910E-03
  121   5.7730E-03
  122   5.6230E-03
  123   5.5700E-03
  124   5.1070E-03
  125   4.5720E-03
  126   4.6100E-03
  127   4.6170E-03
  128   5.5540E-03
  129   7.7320E-03
  130   1.2291E-02
  131   1.9366E-02
  132   2.9728E-02
  133   3.9829E-02
  134   4.7460E-02
  135   5.4163E-02
  136   5.4625E-02
  137   5.1338E-02
  138   5.2647E-02
  139   5.5661E-02
  140   5.5078E-02
  141   5.6540E-02
  142   5.7397E-02
  143   5.3843E-02
  144   5.0576E-02
  145   5.0620E-02
  146   4.2290E-02
  147   3.5633E-02
  148   3.0802E-02
  149   2.5374E-02
  150   1.8969E-02
  151   1.4851E-02
  152   1.0212E-02
  153   7.0330E-03
  154   4.9830E-03
  155   3.7230E-03
  156   2.3310E-03
  157   1.4590E-03
  158   9.2600E-04
  159   6.1000E-04
  160   3.7000E-04
  161   1.9200E-04
  162   6.5000E-05
  163   4.8000E-05
  164   2.1000E-05
  165   8.0000E-06
  166   2.0000E-06
  167   2.0000E-06
