   72   3.0000E-06
   73   3.0000E-06
   74   1.9000E-05
   75   5.6000E-05
   76   1.6300E-04
   77   2.5900E-04
   78   6.0900E-04
   79   9.6500E-04
   80   1.7120E-03
   81   2.7000E-03
   82   5.0540E-03
   83   7.3870E-03
   84   1.0454E-02
   85   1.5117E-02
   86   2.4397E-02
   87   2.7375E-02
   88   3.4310E-02
   89   4.3231E-02
   90   4.9662E-02
   91   5.1879E-02
   92   6.3036E-02
   93   6.1935E-02
   94   5.9003E-02
   95   6.3502E-02
   96   6.4409E-02
   97   5.6020E-02
   98   5.6691E-02
   99   5.9239E-02
  100   5.4087E-02
  101   5.1199E-02
  102   4.7263E-02
  103   3.2288E-02
  104   2.0539E-02
  105   1.2419E-02
  106   5.6890E-03
  107   2.4910E-03
  108   1.4390E-03
  109   9.8800E-04
  110   1.0430E-03
  111   1.3500E-03
  112   1.3250E-03
  113   1.3860E-03
  114   1.8040E-03
  115   1.8380E-03
  116   1.6550E-03
  117   1.9910E-03
  118   1.9910E-03
  119   1.6550E-03
  120   1.8380E-03
  121   1.8040E-03
  122   1.3860E-03
  123   1.3250E-03
  124   1.3500E-03
  125   1.0430E-03
  126   9.8800E-04
  127   1.4390E-03
  128   2.4910E-03
  129   5.6890E-03
  130   1.2419E-02
  131   2.0539E-02
  132   3.2288E-02
  133   4.7263E-02
  134   5.1199E-02
  135   5.4087E-02
  136   5.9239E-02
  137   5.6691E-02
  138   5.6020E-02
  139   6.4409E-02
  140   6.3502E-02
  141   5.9003E-02
  142   6.1935E-02
  143   6.3036E-02
  144   5.1879E-02
  145   4.9662E-02
  146   4.3231E-02
  147   3.4310E-02
  148   2.7375E-02
  149   2.4397E-02
  150   1.5117E-02
  151   1.0454E-02
  152   7.3870E-03
  153   5.0540E-03
  154   2.7000E-03
  155   1.7120E-03
  156   9.6500E-04
  157   6.0900E-04
  158   2.5900E-04
  159   1.6300E-04
  160   5.6000E-05
  161   1.9000E-05
  162   3.0000E-06
  163   3.0000E-06
