   74   1.2000E-05
   75   2.8000E-05
   76   1.2700E-04
   77   2.7500E-04
   78   5.6900E-04
   79   1.3770E-03
   80   3.1190E-03
   81   5.4060E-03
   82   8.9700E-03
   83   1.4910E-02
   84   2.3391E-02
   85   3.1042E-02
   86   4.2785E-02
   87   5.0556E-02
   88   5.6968E-02
   89   6.6185E-02
   90   7.7683E-02
   91   7.4761E-02
   92   7.5725E-02
   93   7.6959E-02
   94   7.3150E-02
   95   6.7567E-02
   96   6.1509E-02
   97   5.1143E-02
   98   4.3195E-02
   99   3.4303E-02
  100   2.4724E-02
  101   1.5191E-02
  102   8.3050E-03
  103   3.8610E-03
  104   1.4530E-03
  105   5.4900E-04
  106   2.5200E-04
  107   2.1000E-04
  108   2.3500E-04
  109   2.9600E-04
  110   3.4300E-04
  111   4.1400E-04
  112   4.6900E-04
  113   5.0600E-04
  114   5.4500E-04
  115   5.9800E-04
  116   6.3600E-04
  117   5.9800E-04
  118   5.4500E-04
  119   5.0600E-04
  120   4.6900E-04
  121   4.1400E-04
  122   3.4300E-04
  123   2.9600E-04
  124   2.3500E-04
  125   2.1000E-04
  126   2.5200E-04
  127   5.4900E-04
  128   1.4530E-03
  129   3.8610E-03
  130   8.3050E-03
  131   1.5191E-02
  132   2.4724E-02
  133   3.4303E-02
  134   4.3195E-02
  135   5.1143E-02
  136   6.1509E-02
  137   6.7567E-02
  138   7.3150E-02
  139   7.6959E-02
  140   7.5725E-02
  141   7.4761E-02
  142   7.7683E-02
  143   6.6185E-02
  144   5.6968E-02
  145   5.0556E-02
  146   4.2785E-02
  147   3.1042E-02
  148   2.3391E-02
  149   1.4910E-02
  150   8.9700E-03
  151   5.4060E-03
  152   3.1190E-03
  153   1.3770E-03
  154   5.6900E-04
  155   2.7500E-04
  156   1.2700E-04
  157   2.8000E-05
  158   1.2000E-05
