   72   6.0000E-06
   73   1.5000E-05
   74   1.6000E-05
   75   5.9000E-05
   76   9.4000E-05
   77   1.5900E-04
   78   3.9500E-04
   79   4.8600E-04
   80   8.4500E-04
   81   1.3000E-03
   82   2.2160E-03
   83   2.8450E-03
   84   4.4470E-03
   85   6.4660E-03
   86   9.7540E-03
   87   1.2363E-02
   88   1.7980E-02
   89   2.2151E-02
   90   2.5911E-02
   91   3.1711E-02
   92   3.9457E-02
   93   3.9902E-02
   94   4.4312E-02
   95   4.7166E-02
   96   4.7138E-02
   97   4.6824E-02
   98   4.9170E-02
   99   4.6360E-02
  100   4.4995E-02
  101   4.7011E-02
  102   4.6899E-02
  103   4.5033E-02
  104   4.1744E-02
  105   3.5859E-02
  106   2.8482E-02
  107   2.2426E-02
  108   1.7746E-02
  109   1.5052E-02
  110   1.3889E-02
  111   1.3550E-02
  112   1.3668E-02
  113   1.4057E-02
  114   1.4785E-02
  115   1.5370E-02
  116   1.5876E-02
  117   1.6495E-02
  118   1.6888E-02
  119   1.7080E-02
  120   1.7137E-02
  121   1.7182E-02
  122   1.6503E-02
  123   1.6028E-02
  124   1.5384E-02
  125   1.5055E-02
  126   1.4139E-02
  127   1.3994E-02
  128   1.4056E-02
  129   1.5300E-02
  130   1.7910E-02
  131   2.2543E-02
  132   3.0023E-02
  133   3.7257E-02
  134   4.2786E-02
  135   4.8041E-02
  136   4.8419E-02
  137   4.5977E-02
  138   4.6587E-02
  139   4.7913E-02
  140   4.7990E-02
  141   4.8938E-02
  142   4.8880E-02
  143   4.6598E-02
  144   4.4055E-02
  145   4.3691E-02
  146   3.7770E-02
  147   3.2093E-02
  148   2.6815E-02
  149   2.2475E-02
  150   1.7090E-02
  151   1.3618E-02
  152   9.7600E-03
  153   6.6710E-03
  154   4.6050E-03
  155   3.4300E-03
  156   2.4150E-03
  157   1.5990E-03
  158   1.0070E-03
  159   6.2100E-04
  160   4.4800E-04
  161   2.9000E-04
  162   1.3300E-04
  163   7.2000E-05
  164   5.3000E-05
  165   2.1000E-05
  166   1.5000E-05
  167   8.0000E-06
  168   2.0000E-06
