   70   4.0000E-06
   71   7.0000E-06
   72   1.2000E-05
   73   1.4000E-05
   74   4.0000E-05
   75   9.2000E-05
   76   2.1000E-04
   77   2.7000E-04
   78   5.7500E-04
   79   8.9800E-04
   80   1.5330E-03
   81   2.2630E-03
   82   3.9980E-03
   83   5.7980E-03
   84   8.1630E-03
   85   1.1951E-02
   86   1.9002E-02
   87   2.1617E-02
   88   2.7596E-02
   89   3.5051E-02
   90   4.0001E-02
   91   4.3203E-02
   92   5.3427E-02
   93   5.2600E-02
   94   5.1750E-02
   95   5.5435E-02
   96   5.6372E-02
   97   5.0715E-02
   98   5.0895E-02
   99   5.0390E-02
  100   4.7212E-02
  101   4.5782E-02
  102   4.3620E-02
  103   3.4823E-02
  104   2.7201E-02
  105   2.0712E-02
  106   1.4492E-02
  107   1.1320E-02
  108   9.6490E-03
  109   8.7540E-03
  110   8.7710E-03
  111   9.2650E-03
  112   9.6550E-03
  113   1.0236E-02
  114   1.0609E-02
  115   1.0983E-02
  116   1.1449E-02
  117   1.1566E-02
  118   1.1719E-02
  119   1.1647E-02
  120   1.1628E-02
  121   1.1177E-02
  122   1.0882E-02
  123   1.0425E-02
  124   1.0058E-02
  125   9.3860E-03
  126   9.1170E-03
  127   9.0370E-03
  128   9.7120E-03
  129   1.2032E-02
  130   1.6681E-02
  131   2.2526E-02
  132   3.1329E-02
  133   4.0918E-02
  134   4.5321E-02
  135   4.7481E-02
  136   5.0605E-02
  137   5.0175E-02
  138   5.0179E-02
  139   5.5998E-02
  140   5.6024E-02
  141   5.3386E-02
  142   5.3824E-02
  143   5.4488E-02
  144   4.7646E-02
  145   4.3506E-02
  146   3.8254E-02
  147   3.0922E-02
  148   2.5034E-02
  149   2.1501E-02
  150   1.5021E-02
  151   1.0595E-02
  152   7.3670E-03
  153   5.1510E-03
  154   3.3590E-03
  155   2.2300E-03
  156   1.4010E-03
  157   8.6500E-04
  158   5.6900E-04
  159   3.1900E-04
  160   2.0800E-04
  161   1.0200E-04
  162   6.2000E-05
  163   2.3000E-05
  164   8.0000E-06
  165   1.2000E-05
  166   5.0000E-06
  167   4.0000E-06
