   72   2.0000E-06
   73   4.0000E-06
   74   1.3000E-05
   75   2.9000E-05
   76   1.5200E-04
   77   2.5600E-04
   78   5.6500E-04
   79   1.2820E-03
   80   2.6950E-03
   81   4.1220E-03
   82   7.3180E-03
   83   1.2077E-02
   84   1.8699E-02
   85   2.2737E-02
   86   3.7853E-02
   87   4.2488E-02
   88   4.6533E-02
   89   5.7308E-02
   90   7.2044E-02
   91   6.3364E-02
   92   7.1233E-02
   93   7.6091E-02
   94   6.7573E-02
   95   6.3314E-02
   96   6.8724E-02
   97   5.4989E-02
   98   4.7345E-02
   99   4.9799E-02
  100   4.0229E-02
  101   2.6637E-02
  102   1.9771E-02
  103   1.0974E-02
  104   4.3820E-03
  105   2.2050E-03
  106   7.4000E-04
  107   4.2700E-04
  108   4.0900E-04
  109   4.8800E-04
  110   4.8700E-04
  111   6.3000E-04
  112   7.2100E-04
  113   6.7900E-04
  114   8.1400E-04
  115   9.8100E-04
  116   8.0300E-04
  117   8.0300E-04
  118   9.8100E-04
  119   8.1400E-04
  120   6.7900E-04
  121   7.2100E-04
  122   6.3000E-04
  123   4.8700E-04
  124   4.8800E-04
  125   4.0900E-04
  126   4.2700E-04
  127   7.4000E-04
  128   2.2050E-03
  129   4.3820E-03
  130   1.0974E-02
  131   1.9771E-02
  132   2.6637E-02
  133   4.0229E-02
  134   4.9799E-02
  135   4.7345E-02
  136   5.4989E-02
  137   6.8724E-02
  138   6.3314E-02
  139   6.7573E-02
  140   7.6091E-02
  141   7.1233E-02
  142   6.3364E-02
  143   7.2044E-02
  144   5.7308E-02
  145   4.6533E-02
  146   4.2488E-02
  147   3.7853E-02
  148   2.2737E-02
  149   1.8699E-02
  150   1.2077E-02
  151   7.3180E-03
  152   4.1220E-03
  153   2.6950E-03
  154   1.2820E-03
  155   5.6500E-04
  156   2.5600E-04
  157   1.5200E-04
  158   2.9000E-05
  159   1.3000E-05
  160   4.0000E-06
  161   2.0000E-06
