   69   2.0000E-06
   70   1.1000E-05
   71   1.3000E-05
   72   4.1000E-05
   73   7.5000E-05
   74   1.6000E-04
   75   2.8300E-04
   76   5.0600E-04
   77   8.1600E-04
   78   1.4450E-03
   79   2.2350E-03
   80   3.6990E-03
   81   5.2050E-03
   82   7.8500E-03
   83   1.1193E-02
   84   1.5458E-02
   85   1.9279E-02
   86   2.6769E-02
   87   3.1001E-02
   88   3.4586E-02
   89   4.0780E-02
   90   4.7932E-02
   91   4.8154E-02
   92   5.1002E-02
   93   5.2409E-02
   94   5.1165E-02
   95   5.0219E-02
   96   4.9233E-02
   97   4.5371E-02
   98   4.3128E-02
   99   4.2392E-02
  100   3.8304E-02
  101   3.3156E-02
  102   2.7746E-02
  103   2.2063E-02
  104   1.7235E-02
  105   1.4053E-02
  106   1.2373E-02
  107   1.1847E-02
  108   1.2045E-02
  109   1.2982E-02
  110   1.3497E-02
  111   1.4545E-02
  112   1.5269E-02
  113   1.5821E-02
  114   1.6538E-02
  115   1.7101E-02
  116   1.7500E-02
  117   1.7369E-02
  118   1.7394E-02
  119   1.6821E-02
  120   1.6294E-02
  121   1.5614E-02
  122   1.4889E-02
  123   1.3931E-02
  124   1.3412E-02
  125   1.2375E-02
  126   1.2000E-02
  127   1.2554E-02
  128   1.3898E-02
  129   1.7309E-02
  130   2.2202E-02
  131   2.8652E-02
  132   3.4704E-02
  133   3.9960E-02
  134   4.3664E-02
  135   4.4600E-02
  136   4.6590E-02
  137   5.0194E-02
  138   5.1162E-02
  139   5.2225E-02
  140   5.2116E-02
  141   5.1526E-02
  142   4.9271E-02
  143   4.6606E-02
  144   4.0383E-02
  145   3.4441E-02
  146   3.0396E-02
  147   2.5434E-02
  148   1.9254E-02
  149   1.4741E-02
  150   1.0695E-02
  151   7.6300E-03
  152   5.2990E-03
  153   3.6980E-03
  154   2.3450E-03
  155   1.5000E-03
  156   9.5000E-04
  157   5.5000E-04
  158   3.3800E-04
  159   2.0000E-04
  160   9.5000E-05
  161   5.0000E-05
  162   2.9000E-05
  163   6.0000E-06
  164   9.0000E-06
  165   2.0000E-06
