   72   2.0000E-06
   73   8.0000E-06
   74   1.9000E-05
   75   4.9000E-05
   76   1.8700E-04
   77   3.4000E-04
   78   7.4600E-04
   79   1.5120E-03
   80   3.1020E-03
   81   4.5830E-03
   82   7.7510E-03
   83   1.2394E-02
   84   1.8563E-02
   85   2.2597E-02
   86   3.6413E-02
   87   4.1424E-02
   88   4.4873E-02
   89   5.5954E-02
   90   6.8451E-02
   91   6.1524E-02
   92   6.8716E-02
   93   7.3001E-02
   94   6.5649E-02
   95   6.2169E-02
   96   6.5965E-02
   97   5.5014E-02
   98   4.9666E-02
   99   5.2319E-02
  100   4.3347E-02
  101   3.0047E-02
  102   2.2667E-02
  103   1.2711E-02
  104   5.6920E-03
  105   2.7060E-03
  106   1.0770E-03
  107   6.0100E-04
  108   6.1500E-04
  109   6.4400E-04
  110   6.4000E-04
  111   8.0100E-04
  112   1.0150E-03
  113   1.0240E-03
  114   1.0550E-03
  115   1.2680E-03
  116   1.0850E-03
  117   1.0850E-03
  118   1.2680E-03
  119   1.0550E-03
  120   1.0240E-03
  121   1.0150E-03
  122   8.0100E-04
  123   6.4000E-04
  124   6.4400E-04
  125   6.1500E-04
  126   6.0100E-04
  127   1.0770E-03
  128   2.7060E-03
  129   5.6920E-03
  130   1.2711E-02
  131   2.2667E-02
  132   3.0047E-02
  133   4.3347E-02
  134   5.2319E-02
  135   4.9666E-02
  136   5.5014E-02
  137   6.5965E-02
  138   6.2169E-02
  139   6.5649E-02
  140   7.3001E-02
  141   6.8716E-02
  142   6.1524E-02
  143   6.8451E-02
  144   5.5954E-02
  145   4.4873E-02
  146   4.1424E-02
  147   3.6413E-02
  148   2.2597E-02
  149   1.8563E-02
  150   1.2394E-02
  151   7.7510E-03
  152   4.5830E-03
  153   3.1020E-03
  154   1.5120E-03
  155   7.4600E-04
  156   3.4000E-04
  157   1.8700E-04
  158   4.9000E-05
  159   1.9000E-05
  160   8.0000E-06
  161   2.0000E-06
