   70   1.2000E-05
   71   2.5000E-05
   72   3.6000E-05
   73   7.2000E-05
   74   1.7900E-04
   75   2.7500E-04
   76   5.8800E-04
   77   9.8400E-04
   78   1.5570E-03
   79   2.5020E-03
   80   4.2900E-03
   81   5.9460E-03
   82   8.3530E-03
   83   1.1894E-02
   84   1.6879E-02
   85   2.0439E-02
   86   2.6747E-02
   87   3.1438E-02
   88   3.4561E-02
   89   3.9614E-02
   90   4.6830E-02
   91   4.6479E-02
   92   4.7630E-02
   93   4.9231E-02
   94   4.7881E-02
   95   4.5849E-02
   96   4.5384E-02
   97   4.2905E-02
   98   4.1116E-02
   99   3.9650E-02
  100   3.5929E-02
  101   3.0205E-02
  102   2.4574E-02
  103   1.9664E-02
  104   1.6489E-02
  105   1.4655E-02
  106   1.3885E-02
  107   1.4352E-02
  108   1.5201E-02
  109   1.6248E-02
  110   1.7129E-02
  111   1.8173E-02
  112   1.9234E-02
  113   1.9986E-02
  114   2.0744E-02
  115   2.0896E-02
  116   2.1115E-02
  117   2.1048E-02
  118   2.0917E-02
  119   2.0755E-02
  120   1.9702E-02
  121   1.9398E-02
  122   1.8335E-02
  123   1.7153E-02
  124   1.6302E-02
  125   1.5318E-02
  126   1.4798E-02
  127   1.4680E-02
  128   1.6617E-02
  129   1.9692E-02
  130   2.4358E-02
  131   3.0376E-02
  132   3.6161E-02
  133   4.0293E-02
  134   4.2785E-02
  135   4.3665E-02
  136   4.5316E-02
  137   4.7474E-02
  138   4.8761E-02
  139   4.8913E-02
  140   4.8662E-02
  141   4.8324E-02
  142   4.6252E-02
  143   4.1053E-02
  144   3.6262E-02
  145   3.1864E-02
  146   2.7050E-02
  147   2.2250E-02
  148   1.7105E-02
  149   1.2590E-02
  150   9.0250E-03
  151   6.5460E-03
  152   4.6440E-03
  153   2.8040E-03
  154   1.8920E-03
  155   1.1840E-03
  156   6.7600E-04
  157   4.2400E-04
  158   2.2900E-04
  159   1.3600E-04
  160   6.3000E-05
  161   3.1000E-05
  162   1.6000E-05
  163   1.7000E-05
  164   5.0000E-06
