   77   2.0000E-06
   78   4.0000E-06
   79   1.1000E-05
   80   1.7000E-05
   81   5.2000E-05
   82   1.4000E-04
   83   2.1200E-04
   84   4.4800E-04
   85   8.3600E-04
   86   1.7150E-03
   87   3.4920E-03
   88   7.2600E-03
   89   1.0858E-02
   90   1.8204E-02
   91   2.6076E-02
   92   3.3976E-02
   93   4.3594E-02
   94   5.6768E-02
   95   5.9277E-02
   96   6.3943E-02
   97   6.9459E-02
   98   7.0624E-02
   99   7.0753E-02
  100   7.1401E-02
  101   6.4945E-02
  102   5.9364E-02
  103   5.5743E-02
  104   5.2531E-02
  105   4.7941E-02
  106   4.0676E-02
  107   3.0686E-02
  108   1.9955E-02
  109   1.0927E-02
  110   4.8810E-03
  111   1.8470E-03
  112   5.7500E-04
  113   1.6300E-04
  114   7.2000E-05
  115   5.3000E-05
  116   6.5000E-05
  117   7.5000E-05
  118   9.2000E-05
  119   1.0800E-04
  120   1.1200E-04
  121   1.0800E-04
  122   1.1200E-04
  123   1.0800E-04
  124   9.2000E-05
  125   7.5000E-05
  126   6.5000E-05
  127   5.3000E-05
  128   7.2000E-05
  129   1.6300E-04
  130   5.7500E-04
  131   1.8470E-03
  132   4.8810E-03
  133   1.0927E-02
  134   1.9955E-02
  135   3.0686E-02
  136   4.0676E-02
  137   4.7941E-02
  138   5.2531E-02
  139   5.5743E-02
  140   5.9364E-02
  141   6.4945E-02
  142   7.1401E-02
  143   7.0753E-02
  144   7.0624E-02
  145   6.9459E-02
  146   6.3943E-02
  147   5.9277E-02
  148   5.6768E-02
  149   4.3594E-02
  150   3.3976E-02
  151   2.6076E-02
  152   1.8204E-02
  153   1.0858E-02
  154   7.2600E-03
  155   3.4920E-03
  156   1.7150E-03
  157   8.3600E-04
  158   4.4800E-04
  159   2.1200E-04
  160   1.4000E-04
  161   5.2000E-05
  162   1.7000E-05
  163   1.1000E-05
  164   4.0000E-06
  165   2.0000E-06
