   74   5.0000E-06
   75   4.0000E-06
   76   2.9000E-05
   77   4.2000E-05
   78   1.4700E-04
   79   2.9200E-04
   80   5.0900E-04
   81   9.4900E-04
   82   1.6400E-03
   83   1.7670E-03
   84   2.8910E-03
   85   3.8060E-03
   86   5.1410E-03
   87   7.7570E-03
   88   1.2487E-02
   89   1.5310E-02
   90   2.0879E-02
   91   2.7745E-02
   92   3.2687E-02
   93   3.8620E-02
   94   4.9038E-02
   95   4.9507E-02
   96   5.2003E-02
   97   5.7583E-02
   98   5.8416E-02
   99   5.5491E-02
  100   5.6856E-02
  101   5.4983E-02
  102   5.2910E-02
  103   5.7093E-02
  104   6.0594E-02
  105   5.6662E-02
  106   5.2171E-02
  107   4.1909E-02
  108   2.7146E-02
  109   1.6804E-02
  110   8.4900E-03
  111   4.0750E-03
  112   2.0960E-03
  113   1.4650E-03
  114   1.2700E-03
  115   1.4050E-03
  116   1.6940E-03
  117   1.6950E-03
  118   1.8100E-03
  119   2.1070E-03
  120   1.9920E-03
  121   1.9920E-03
  122   2.1070E-03
  123   1.8100E-03
  124   1.6950E-03
  125   1.6940E-03
  126   1.4050E-03
  127   1.2700E-03
  128   1.4650E-03
  129   2.0960E-03
  130   4.0750E-03
  131   8.4900E-03
  132   1.6804E-02
  133   2.7146E-02
  134   4.1909E-02
  135   5.2177E-02
  136   5.6660E-02
  137   6.0590E-02
  138   5.7096E-02
  139   5.2910E-02
  140   5.4986E-02
  141   5.6853E-02
  142   5.5490E-02
  143   5.8416E-02
  144   5.7583E-02
  145   5.2005E-02
  146   4.9506E-02
  147   4.9039E-02
  148   3.8618E-02
  149   3.2689E-02
  150   2.7741E-02
  151   2.0879E-02
  152   1.5310E-02
  153   1.2487E-02
  154   7.7570E-03
  155   5.1410E-03
  156   3.8060E-03
  157   2.8910E-03
  158   1.7670E-03
  159   1.6400E-03
  160   9.4900E-04
  161   5.0900E-04
  162   2.9200E-04
  163   1.4700E-04
  164   4.2000E-05
  165   2.9000E-05
  166   4.0000E-06
  167   5.0000E-06
