   54   2.0000E-06
   56   8.0000E-06
   57   7.0000E-06
   58   2.4000E-05
   59   2.3000E-05
   60   4.2000E-05
   61   6.5000E-05
   62   9.3000E-05
   63   1.2600E-04
   64   2.2900E-04
   65   3.0900E-04
   66   4.2200E-04
   67   6.6200E-04
   68   1.1010E-03
   69   1.4590E-03
   70   2.0080E-03
   71   3.0070E-03
   72   4.4950E-03
   73   5.9120E-03
   74   8.7680E-03
   75   1.1585E-02
   76   1.5390E-02
   77   1.9585E-02
   78   2.8669E-02
   79   3.1592E-02
   80   3.7396E-02
   81   4.3035E-02
   82   5.4692E-02
   83   5.4666E-02
   84   5.7894E-02
   85   5.7874E-02
   86   6.2917E-02
   87   6.4243E-02
   88   6.5003E-02
   89   6.3646E-02
   90   6.6591E-02
   91   6.9516E-02
   92   7.0960E-02
   93   6.7422E-02
   94   6.5412E-02
   95   7.0296E-02
   96   7.0420E-02
   97   6.7216E-02
   98   6.4354E-02
   99   6.5728E-02
  100   6.5958E-02
  101   6.4801E-02
  102   6.0715E-02
  103   6.0679E-02
  104   5.8207E-02
  105   5.7612E-02
  106   4.8297E-02
  107   4.2601E-02
  108   3.5837E-02
  109   3.2492E-02
  110   2.4880E-02
  111   1.8929E-02
  112   1.4537E-02
  113   1.1427E-02
  114   8.2790E-03
  115   5.8610E-03
  116   4.3790E-03
  117   2.9930E-03
  118   1.9880E-03
  119   1.4610E-03
  120   1.0950E-03
  121   6.6200E-04
  122   4.2200E-04
  123   3.0900E-04
  124   2.2900E-04
  125   1.2600E-04
  126   9.3000E-05
  127   6.5000E-05
  128   4.2000E-05
  129   2.3000E-05
  130   2.4000E-05
  131   7.0000E-06
  132   8.0000E-06
  134   2.0000E-06
