   66   2.0000E-06
   68   2.8000E-05
   69   4.5000E-05
   70   1.7400E-04
   71   3.0200E-04
   72   8.5500E-04
   73   1.7960E-03
   74   4.6240E-03
   75   5.9640E-03
   76   1.0715E-02
   77   1.8768E-02
   78   3.5343E-02
   79   3.8703E-02
   80   4.4020E-02
   81   5.5769E-02
   82   7.9440E-02
   83   7.8940E-02
   84   6.6659E-02
   85   6.0701E-02
   86   6.9907E-02
   87   7.0732E-02
   88   5.7433E-02
   89   4.8952E-02
   90   5.7484E-02
   91   7.0784E-02
   92   6.7324E-02
   93   5.4522E-02
   94   5.4522E-02
   95   6.7324E-02
   96   7.0784E-02
   97   5.7484E-02
   98   4.8952E-02
   99   5.7433E-02
  100   7.0732E-02
  101   6.9907E-02
  102   6.0701E-02
  103   6.6659E-02
  104   7.8940E-02
  105   7.9440E-02
  106   5.5769E-02
  107   4.4020E-02
  108   3.8703E-02
  109   3.5343E-02
  110   1.8768E-02
  111   1.0715E-02
  112   5.9640E-03
  113   4.6240E-03
  114   1.7960E-03
  115   8.5500E-04
  116   3.0200E-04
  117   1.7400E-04
  118   4.5000E-05
  119   2.8000E-05
  121   2.0000E-06
