   51   2.0000E-06
   52   4.0000E-06
   53   1.1000E-05
   54   1.9000E-05
   55   2.0000E-05
   56   3.7000E-05
   57   3.4000E-05
   58   5.2000E-05
   59   8.8000E-05
   60   1.1100E-04
   61   1.7000E-04
   62   2.3200E-04
   63   3.2700E-04
   64   4.6900E-04
   65   5.7700E-04
   66   8.4300E-04
   67   1.1150E-03
   68   1.5900E-03
   69   1.9960E-03
   70   2.7100E-03
   71   3.6110E-03
   72   4.8320E-03
   73   6.0690E-03
   74   8.5520E-03
   75   1.0473E-02
   76   1.3480E-02
   77   1.7186E-02
   78   2.2499E-02
   79   2.6128E-02
   80   3.2038E-02
   81   3.6225E-02
   82   4.3695E-02
   83   4.7096E-02
   84   5.3957E-02
   85   5.4795E-02
   86   5.9609E-02
   87   6.1372E-02
   88   6.5115E-02
   89   6.3855E-02
   90   6.6330E-02
   91   6.6641E-02
   92   6.9493E-02
   93   6.8292E-02
   94   6.8450E-02
   95   6.7076E-02
   96   7.0367E-02
   97   6.8552E-02
   98   6.8359E-02
   99   6.6355E-02
  100   6.7349E-02
  101   6.4891E-02
  102   6.4892E-02
  103   6.0278E-02
  104   5.9259E-02
  105   5.3881E-02
  106   5.1881E-02
  107   4.4154E-02
  108   3.9464E-02
  109   3.3305E-02
  110   2.9070E-02
  111   2.3635E-02
  112   1.9122E-02
  113   1.5175E-02
  114   1.1984E-02
  115   9.5650E-03
  116   7.5590E-03
  117   5.6180E-03
  118   4.4750E-03
  119   3.3400E-03
  120   2.5900E-03
  121   1.9030E-03
  122   1.5090E-03
  123   1.0840E-03
  124   8.1100E-04
  125   5.8400E-04
  126   4.4800E-04
  127   3.2200E-04
  128   2.2300E-04
  129   1.6800E-04
  130   1.0900E-04
  131   9.1000E-05
  132   4.7000E-05
  133   3.6000E-05
  134   3.5000E-05
  135   2.3000E-05
  136   1.6000E-05
  137   1.1000E-05
  138   4.0000E-06
  139   2.0000E-06
