   68   2.4000E-05
   70   2.1500E-04
   71   6.0000E-06
   72   1.0280E-03
   73   2.9000E-05
   74   6.4830E-03
   75   1.2200E-04
   76   1.3992E-02
   77   2.7700E-04
   78   5.5041E-02
   79   7.2000E-04
   80   7.5463E-02
   81   1.1240E-03
   82   1.3717E-01
   83   1.4270E-03
   84   1.4817E-01
   85   1.5770E-03
   86   1.3033E-01
   87   1.2830E-03
   88   1.3580E-01
   89   1.1490E-03
   90   9.9452E-02
   91   1.1250E-03
   92   1.3983E-01
   93   1.2530E-03
   94   9.3808E-02
   95   1.2530E-03
   96   1.3983E-01
   97   1.1250E-03
   98   9.9452E-02
   99   1.1490E-03
  100   1.3580E-01
  101   1.2830E-03
  102   1.3033E-01
  103   1.5770E-03
  104   1.4817E-01
  105   1.4270E-03
  106   1.3717E-01
  107   1.1240E-03
  108   7.5463E-02
  109   7.2000E-04
  110   5.5041E-02
  111   2.7700E-04
  112   1.3992E-02
  113   1.2200E-04
  114   6.4830E-03
  115   2.9000E-05
  116   1.0280E-03
  117   6.0000E-06
  118   2.1500E-04
  120   2.4000E-05
