   45   3.0000E-06
   46   2.0000E-06
   47   8.0000E-06
   48   7.0000E-06
   49   9.0000E-06
   50   1.5000E-05
   51   2.2000E-05
   52   3.1000E-05
   53   3.4000E-05
   54   5.9000E-05
   55   9.0000E-05
   56   1.3000E-04
   57   1.6600E-04
   58   2.5900E-04
   59   3.1200E-04
   60   4.6800E-04
   61   5.8900E-04
   62   8.2300E-04
   63   1.0320E-03
   64   1.4300E-03
   65   1.8900E-03
   66   2.4300E-03
   67   2.9810E-03
   68   4.0020E-03
   69   5.0330E-03
   70   6.4260E-03
   71   7.9480E-03
   72   1.0306E-02
   73   1.2158E-02
   74   1.4975E-02
   75   1.8378E-02
   76   2.3067E-02
   77   2.6263E-02
   78   3.1446E-02
   79   3.5092E-02
   80   4.0605E-02
   81   4.4309E-02
   82   4.9542E-02
   83   5.1474E-02
   84   5.5649E-02
   85   5.8444E-02
   86   6.2526E-02
   87   6.3058E-02
   88   6.5789E-02
   89   6.7641E-02
   90   7.0062E-02
   91   7.0289E-02
   92   7.0797E-02
   93   6.9908E-02
   94   7.1789E-02
   95   6.9940E-02
   96   6.9188E-02
   97   6.6938E-02
   98   6.5508E-02
   99   6.3438E-02
  100   6.1837E-02
  101   5.7645E-02
  102   5.4615E-02
  103   5.0931E-02
  104   4.7292E-02
  105   4.2043E-02
  106   3.8242E-02
  107   3.2721E-02
  108   2.8662E-02
  109   2.4424E-02
  110   2.0809E-02
  111   1.6684E-02
  112   1.3830E-02
  113   1.1368E-02
  114   9.4890E-03
  115   7.4120E-03
  116   5.9950E-03
  117   4.8710E-03
  118   3.7390E-03
  119   2.8950E-03
  120   2.3410E-03
  121   1.8190E-03
  122   1.3820E-03
  123   1.0040E-03
  124   8.0000E-04
  125   5.8400E-04
  126   4.5000E-04
  127   3.0800E-04
  128   2.5300E-04
  129   1.6300E-04
  130   1.2800E-04
  131   9.4000E-05
  132   5.7000E-05
  133   3.2000E-05
  134   3.1000E-05
  135   2.2000E-05
  136   1.5000E-05
  137   9.0000E-06
  138   7.0000E-06
  139   8.0000E-06
  140   2.0000E-06
  141   3.0000E-06
