   65   4.0000E-06
   66   1.3000E-05
   67   1.3000E-05
   68   9.2000E-05
   69   1.3200E-04
   70   3.3900E-04
   71   6.1700E-04
   72   2.3110E-03
   73   2.7000E-03
   74   6.6430E-03
   75   8.4800E-03
   76   1.7830E-02
   77   1.9467E-02
   78   4.4023E-02
   79   3.7981E-02
   80   5.1432E-02
   81   5.2459E-02
   82   9.2369E-02
   83   5.9021E-02
   84   6.4885E-02
   85   5.7318E-02
   86   8.5906E-02
   87   5.2211E-02
   88   5.8377E-02
   89   5.1986E-02
   90   8.0373E-02
   91   5.3311E-02
   92   7.1505E-02
   93   5.6374E-02
   94   7.1505E-02
   95   5.3311E-02
   96   8.0373E-02
   97   5.1986E-02
   98   5.8377E-02
   99   5.2211E-02
  100   8.5906E-02
  101   5.7318E-02
  102   6.4885E-02
  103   5.9021E-02
  104   9.2369E-02
  105   5.2459E-02
  106   5.1432E-02
  107   3.7981E-02
  108   4.4023E-02
  109   1.9467E-02
  110   1.7830E-02
  111   8.4800E-03
  112   6.6430E-03
  113   2.7000E-03
  114   2.3110E-03
  115   6.1700E-04
  116   3.3900E-04
  117   1.3200E-04
  118   9.2000E-05
  119   1.3000E-05
  120   1.3000E-05
  121   4.0000E-06
