   67   2.0000E-06
   68   6.0000E-06
   69   1.2000E-05
   70   4.6000E-05
   71   1.4100E-04
   72   3.3400E-04
   73   7.7400E-04
   74   2.1790E-03
   75   3.4530E-03
   76   5.7970E-03
   77   9.6260E-03
   78   2.0042E-02
   79   2.8797E-02
   80   3.7238E-02
   81   4.2566E-02
   82   5.8763E-02
   83   7.5013E-02
   84   8.0032E-02
   85   6.9687E-02
   86   6.8029E-02
   87   7.4442E-02
   88   7.3870E-02
   89   6.0612E-02
   90   5.2168E-02
   91   5.7792E-02
   92   6.5493E-02
   93   6.1455E-02
   94   5.1614E-02
   95   5.1614E-02
   96   6.1455E-02
   97   6.5493E-02
   98   5.7792E-02
   99   5.2168E-02
  100   6.0612E-02
  101   7.3870E-02
  102   7.4442E-02
  103   6.8029E-02
  104   6.9687E-02
  105   8.0032E-02
  106   7.5013E-02
  107   5.8763E-02
  108   4.2566E-02
  109   3.7238E-02
  110   2.8797E-02
  111   2.0042E-02
  112   9.6260E-03
  113   5.7970E-03
  114   3.4530E-03
  115   2.1790E-03
  116   7.7400E-04
  117   3.3400E-04
  118   1.4100E-04
  119   4.6000E-05
  120   1.2000E-05
  121   6.0000E-06
  122   2.0000E-06
