   58   3.0000E-06
   59   2.0000E-06
   62   4.0000E-06
   63   2.0000E-06
   64   4.0000E-06
   65   6.0000E-06
   66   1.8000E-05
   67   4.2000E-05
   68   8.8000E-05
   69   1.5300E-04
   70   3.3800E-04
   71   6.4100E-04
   72   1.5630E-03
   73   2.8090E-03
   74   5.3770E-03
   75   7.6610E-03
   76   1.2729E-02
   77   2.0201E-02
   78   3.2152E-02
   79   3.7780E-02
   80   4.4800E-02
   81   5.5410E-02
   82   6.9895E-02
   83   7.1193E-02
   84   6.6259E-02
   85   6.5240E-02
   86   6.9936E-02
   87   6.9266E-02
   88   6.0854E-02
   89   5.6600E-02
   90   6.0536E-02
   91   6.6999E-02
   92   6.3903E-02
   93   5.7517E-02
   94   5.7517E-02
   95   6.3903E-02
   96   6.6999E-02
   97   6.0536E-02
   98   5.6600E-02
   99   6.0854E-02
  100   6.9266E-02
  101   6.9936E-02
  102   6.5240E-02
  103   6.6259E-02
  104   7.1193E-02
  105   6.9895E-02
  106   5.5410E-02
  107   4.4800E-02
  108   3.7780E-02
  109   3.2152E-02
  110   2.0201E-02
  111   1.2729E-02
  112   7.6610E-03
  113   5.3770E-03
  114   2.8090E-03
  115   1.5630E-03
  116   6.4100E-04
  117   3.3800E-04
  118   1.5300E-04
  119   8.8000E-05
  120   4.2000E-05
  121   1.8000E-05
  122   6.0000E-06
  123   4.0000E-06
  124   2.0000E-06
  125   4.0000E-06
  128   2.0000E-06
  129   3.0000E-06
