   68   2.0000E-06
   69   1.4000E-05
   70   5.5000E-05
   71   1.1800E-04
   72   2.4700E-04
   73   7.3300E-04
   74   2.3180E-03
   75   4.0590E-03
   76   5.4990E-03
   77   9.1370E-03
   78   2.1992E-02
   79   3.9266E-02
   80   4.4150E-02
   81   4.2064E-02
   82   6.1617E-02
   83   9.4979E-02
   84   9.8978E-02
   85   6.9854E-02
   86   5.6689E-02
   87   7.0736E-02
   88   7.3185E-02
   89   5.1324E-02
   90   3.6062E-02
   91   4.6349E-02
   92   6.4316E-02
   93   6.1406E-02
   94   4.4842E-02
   95   4.4842E-02
   96   6.1406E-02
   97   6.4316E-02
   98   4.6349E-02
   99   3.6062E-02
  100   5.1324E-02
  101   7.3185E-02
  102   7.0736E-02
  103   5.6689E-02
  104   6.9854E-02
  105   9.8978E-02
  106   9.4979E-02
  107   6.1617E-02
  108   4.2064E-02
  109   4.4150E-02
  110   3.9266E-02
  111   2.1992E-02
  112   9.1370E-03
  113   5.4990E-03
  114   4.0590E-03
  115   2.3180E-03
  116   7.3300E-04
  117   2.4700E-04
  118   1.1800E-04
  119   5.5000E-05
  120   1.4000E-05
  121   2.0000E-06
