   68   2.0000E-06
   69   1.9000E-05
   70   6.2000E-05
   71   1.0700E-04
   72   2.1400E-04
   73   7.5000E-04
   74   2.1160E-03
   75   4.1780E-03
   76   5.3370E-03
   77   9.1630E-03
   78   2.1979E-02
   79   3.8857E-02
   80   4.3290E-02
   81   4.2189E-02
   82   6.2017E-02
   83   9.5703E-02
   84   9.8015E-02
   85   6.9393E-02
   86   5.6742E-02
   87   7.0448E-02
   88   7.2803E-02
   89   5.1808E-02
   90   3.6127E-02
   91   4.6365E-02
   92   6.4512E-02
   93   6.2576E-02
   94   4.5213E-02
   95   4.5213E-02
   96   6.2576E-02
   97   6.4512E-02
   98   4.6365E-02
   99   3.6127E-02
  100   5.1808E-02
  101   7.2803E-02
  102   7.0448E-02
  103   5.6742E-02
  104   6.9393E-02
  105   9.8015E-02
  106   9.5703E-02
  107   6.2017E-02
  108   4.2189E-02
  109   4.3290E-02
  110   3.8857E-02
  111   2.1979E-02
  112   9.1630E-03
  113   5.3370E-03
  114   4.1780E-03
  115   2.1160E-03
  116   7.5000E-04
  117   2.1400E-04
  118   1.0700E-04
  119   6.2000E-05
  120   1.9000E-05
  121   2.0000E-06
