   53   4.0000E-06
   54   5.0000E-06
   55   3.0000E-06
   56   9.0000E-06
   57   8.0000E-06
   58   1.5000E-05
   59   1.4000E-05
   60   1.9000E-05
   61   1.2000E-05
   62   2.2000E-05
   63   1.2000E-05
   64   2.9000E-05
   65   1.9000E-05
   66   3.6000E-05
   67   2.9000E-05
   68   6.4000E-05
   69   5.6000E-05
   70   1.3700E-04
   71   1.3900E-04
   72   2.5200E-04
   73   4.7300E-04
   74   8.6100E-04
   75   1.3410E-03
   76   2.7930E-03
   77   3.9410E-03
   78   6.1940E-03
   79   9.6190E-03
   80   1.5872E-02
   81   2.0431E-02
   82   2.7631E-02
   83   3.6525E-02
   84   4.5744E-02
   85   5.4420E-02
   86   6.5792E-02
   87   6.8390E-02
   88   6.9887E-02
   89   7.4169E-02
   90   7.9899E-02
   91   7.1675E-02
   92   6.7204E-02
   93   6.6029E-02
   94   6.6071E-02
   95   5.9325E-02
   96   5.7035E-02
   97   5.5900E-02
   98   5.6982E-02
   99   5.9387E-02
  100   6.6368E-02
  101   6.6090E-02
  102   6.7032E-02
  103   7.2062E-02
  104   8.0223E-02
  105   7.3687E-02
  106   6.9811E-02
  107   6.8679E-02
  108   6.5426E-02
  109   5.4102E-02
  110   4.5808E-02
  111   3.6389E-02
  112   2.7468E-02
  113   2.0409E-02
  114   1.5858E-02
  115   9.5870E-03
  116   6.1840E-03
  117   3.9390E-03
  118   2.7930E-03
  119   1.3410E-03
  120   8.6100E-04
  121   4.7300E-04
  122   2.5200E-04
  123   1.3900E-04
  124   1.3700E-04
  125   5.6000E-05
  126   6.4000E-05
  127   2.9000E-05
  128   3.6000E-05
  129   1.9000E-05
  130   2.9000E-05
  131   1.2000E-05
  132   2.2000E-05
  133   1.2000E-05
  134   1.9000E-05
  135   1.4000E-05
  136   1.5000E-05
  137   8.0000E-06
  138   9.0000E-06
  139   3.0000E-06
  140   5.0000E-06
  141   4.0000E-06
