   70   1.5000E-05
   72   1.0900E-04
   73   2.0000E-06
   74   7.2600E-04
   75   1.4000E-05
   76   4.0640E-03
   77   6.7000E-05
   78   1.1231E-02
   79   2.2100E-04
   80   4.8541E-02
   81   6.3900E-04
   82   6.9179E-02
   83   1.1360E-03
   84   1.4898E-01
   85   1.4750E-03
   86   1.6184E-01
   87   1.7430E-03
   88   1.4109E-01
   89   1.4110E-03
   90   1.4187E-01
   91   1.1680E-03
   92   8.9885E-02
   93   9.7100E-04
   94   1.2848E-01
   95   1.0970E-03
   96   8.8074E-02
   97   1.0970E-03
   98   1.2848E-01
   99   9.7100E-04
  100   8.9885E-02
  101   1.1680E-03
  102   1.4187E-01
  103   1.4110E-03
  104   1.4109E-01
  105   1.7430E-03
  106   1.6184E-01
  107   1.4750E-03
  108   1.4898E-01
  109   1.1360E-03
  110   6.9179E-02
  111   6.3900E-04
  112   4.8541E-02
  113   2.2100E-04
  114   1.1231E-02
  115   6.7000E-05
  116   4.0640E-03
  117   1.4000E-05
  118   7.2600E-04
  119   2.0000E-06
  120   1.0900E-04
  122   1.5000E-05
