   72   5.0000E-06
   73   2.0000E-05
   74   3.0000E-05
   75   1.1500E-04
   76   4.1900E-04
   77   1.0950E-03
   78   1.8070E-03
   79   2.8930E-03
   80   6.5450E-03
   81   1.6149E-02
   82   2.5891E-02
   83   2.8719E-02
   84   3.4719E-02
   85   6.2406E-02
   86   9.5882E-02
   87   9.9039E-02
   88   7.6386E-02
   89   7.5279E-02
   90   9.8099E-02
   91   9.8431E-02
   92   6.7807E-02
   93   4.2206E-02
   94   4.3918E-02
   95   5.1096E-02
   96   4.3054E-02
   97   2.7976E-02
   98   2.7976E-02
   99   4.3054E-02
  100   5.1096E-02
  101   4.3918E-02
  102   4.2206E-02
  103   6.7807E-02
  104   9.8431E-02
  105   9.8099E-02
  106   7.5279E-02
  107   7.6386E-02
  108   9.9039E-02
  109   9.5882E-02
  110   6.2406E-02
  111   3.4719E-02
  112   2.8719E-02
  113   2.5891E-02
  114   1.6149E-02
  115   6.5450E-03
  116   2.8930E-03
  117   1.8070E-03
  118   1.0950E-03
  119   4.1900E-04
  120   1.1500E-04
  121   3.0000E-05
  122   2.0000E-05
  123   5.0000E-06
