   69   2.0000E-06
   70   1.9000E-05
   71   3.0000E-05
   72   8.4000E-05
   73   1.5800E-04
   74   7.1500E-04
   75   1.2780E-03
   76   3.1070E-03
   77   3.8510E-03
   78   9.1250E-03
   79   1.5480E-02
   80   3.3048E-02
   81   3.2590E-02
   82   4.1313E-02
   83   5.5700E-02
   84   8.9793E-02
   85   8.6213E-02
   86   7.2093E-02
   87   6.5154E-02
   88   7.9050E-02
   89   7.9408E-02
   90   5.9823E-02
   91   4.4727E-02
   92   5.3291E-02
   93   6.6511E-02
   94   6.1542E-02
   95   4.5889E-02
   96   4.5889E-02
   97   6.1542E-02
   98   6.6511E-02
   99   5.3291E-02
  100   4.4727E-02
  101   5.9823E-02
  102   7.9408E-02
  103   7.9050E-02
  104   6.5154E-02
  105   7.2093E-02
  106   8.6213E-02
  107   8.9793E-02
  108   5.5700E-02
  109   4.1313E-02
  110   3.2590E-02
  111   3.3048E-02
  112   1.5480E-02
  113   9.1250E-03
  114   3.8510E-03
  115   3.1070E-03
  116   1.2780E-03
  117   7.1500E-04
  118   1.5800E-04
  119   8.4000E-05
  120   3.0000E-05
  121   1.9000E-05
  122   2.0000E-06
