   54   2.0000E-06
   55   3.0000E-06
   56   5.0000E-06
   57   8.0000E-06
   58   1.0000E-05
   59   1.2000E-05
   60   1.8000E-05
   61   1.0000E-05
   62   2.7000E-05
   63   2.4000E-05
   64   2.8000E-05
   65   2.0000E-05
   66   3.8000E-05
   67   4.7000E-05
   68   6.7000E-05
   69   9.9000E-05
   70   1.5800E-04
   71   1.8200E-04
   72   3.5500E-04
   73   5.4100E-04
   74   7.8100E-04
   75   1.2600E-03
   76   2.3690E-03
   77   3.3020E-03
   78   5.0330E-03
   79   7.7390E-03
   80   1.1195E-02
   81   1.5347E-02
   82   2.1758E-02
   83   2.7576E-02
   84   3.4514E-02
   85   4.2969E-02
   86   5.2630E-02
   87   5.7999E-02
   88   6.3528E-02
   89   6.9544E-02
   90   7.2821E-02
   91   7.2925E-02
   92   7.3120E-02
   93   7.1659E-02
   94   6.8564E-02
   95   6.6164E-02
   96   6.5891E-02
   97   6.0745E-02
   98   5.7794E-02
   99   6.0745E-02
  100   6.5891E-02
  101   6.6164E-02
  102   6.8564E-02
  103   7.1659E-02
  104   7.3120E-02
  105   7.2925E-02
  106   7.2821E-02
  107   6.9544E-02
  108   6.3528E-02
  109   5.7999E-02
  110   5.2630E-02
  111   4.2969E-02
  112   3.4514E-02
  113   2.7576E-02
  114   2.1758E-02
  115   1.5347E-02
  116   1.1195E-02
  117   7.7390E-03
  118   5.0330E-03
  119   3.3020E-03
  120   2.3690E-03
  121   1.2600E-03
  122   7.8100E-04
  123   5.4100E-04
  124   3.5500E-04
  125   1.8200E-04
  126   1.5800E-04
  127   9.9000E-05
  128   6.7000E-05
  129   4.7000E-05
  130   3.8000E-05
  131   2.0000E-05
  132   2.8000E-05
  133   2.4000E-05
  134   2.7000E-05
  135   1.0000E-05
  136   1.8000E-05
  137   1.2000E-05
  138   1.0000E-05
  139   8.0000E-06
  140   5.0000E-06
  141   3.0000E-06
  142   2.0000E-06
