   66   3.0000E-06
   72   4.0000E-06
   74   8.0000E-06
   76   6.2000E-05
   78   7.5200E-04
   79   8.0000E-06
   80   2.5370E-03
   81   4.1000E-05
   82   1.5474E-02
   83   2.0500E-04
   84   3.8040E-02
   85   6.5300E-04
   86   8.4234E-02
   87   1.1530E-03
   88   1.7780E-01
   89   1.9990E-03
   90   1.5539E-01
   91   2.0840E-03
   92   2.2022E-01
   93   1.5470E-03
   94   1.2657E-01
   95   1.1870E-03
   96   1.0128E-01
   97   7.7300E-04
   98   6.7664E-02
   99   5.9200E-04
  100   6.7664E-02
  101   7.7300E-04
  102   1.0128E-01
  103   1.1870E-03
  104   1.2657E-01
  105   1.5470E-03
  106   2.2022E-01
  107   2.0840E-03
  108   1.5539E-01
  109   1.9990E-03
  110   1.7780E-01
  111   1.1530E-03
  112   8.4234E-02
  113   6.5300E-04
  114   3.8040E-02
  115   2.0500E-04
  116   1.5474E-02
  117   4.1000E-05
  118   2.5370E-03
  119   8.0000E-06
  120   7.5200E-04
  122   6.2000E-05
  124   8.0000E-06
  126   4.0000E-06
  132   3.0000E-06
