   72   1.1000E-05
   73   1.7000E-05
   74   4.1000E-05
   75   1.1200E-04
   76   4.1000E-04
   77   1.1060E-03
   78   1.8010E-03
   79   2.7730E-03
   80   6.6280E-03
   81   1.5945E-02
   82   2.5788E-02
   83   2.8986E-02
   84   3.5142E-02
   85   6.2011E-02
   86   9.6100E-02
   87   9.7798E-02
   88   7.6024E-02
   89   7.4917E-02
   90   9.8736E-02
   91   9.8936E-02
   92   6.7537E-02
   93   4.2444E-02
   94   4.3929E-02
   95   5.1161E-02
   96   4.3242E-02
   97   2.8389E-02
   98   2.8389E-02
   99   4.3242E-02
  100   5.1161E-02
  101   4.3929E-02
  102   4.2444E-02
  103   6.7537E-02
  104   9.8936E-02
  105   9.8736E-02
  106   7.4917E-02
  107   7.6024E-02
  108   9.7798E-02
  109   9.6100E-02
  110   6.2011E-02
  111   3.5142E-02
  112   2.8986E-02
  113   2.5788E-02
  114   1.5945E-02
  115   6.6280E-03
  116   2.7730E-03
  117   1.8010E-03
  118   1.1060E-03
  119   4.1000E-04
  120   1.1200E-04
  121   4.1000E-05
  122   1.7000E-05
  123   1.1000E-05
