   62   3.0000E-06
   66   2.0000E-06
   68   2.0000E-06
   72   2.0000E-06
   74   2.0000E-06
   76   1.6000E-05
   78   2.5900E-04
   79   5.0000E-06
   80   1.2560E-03
   81   2.3000E-05
   82   5.5910E-03
   83   1.0300E-04
   84   2.4811E-02
   85   4.1200E-04
   86   4.3740E-02
   87   7.9400E-04
   88   1.3162E-01
   89   1.3980E-03
   90   1.5352E-01
   91   2.0010E-03
   92   1.9555E-01
   93   1.9580E-03
   94   1.9974E-01
   95   1.5920E-03
   96   1.0824E-01
   97   1.0710E-03
   98   1.0083E-01
   99   6.3300E-04
  100   4.9628E-02
  101   6.3300E-04
  102   1.0083E-01
  103   1.0710E-03
  104   1.0824E-01
  105   1.5920E-03
  106   1.9974E-01
  107   1.9580E-03
  108   1.9555E-01
  109   2.0010E-03
  110   1.5352E-01
  111   1.3980E-03
  112   1.3162E-01
  113   7.9400E-04
  114   4.3740E-02
  115   4.1200E-04
  116   2.4811E-02
  117   1.0300E-04
  118   5.5910E-03
  119   2.3000E-05
  120   1.2560E-03
  121   5.0000E-06
  122   2.5900E-04
  124   1.6000E-05
  126   2.0000E-06
  128   2.0000E-06
  132   2.0000E-06
  134   2.0000E-06
  138   3.0000E-06
