   62   2.0000E-06
   64   2.0000E-06
   68   2.0000E-06
   72   2.0000E-06
   73   4.0000E-06
   74   4.0000E-06
   76   3.0000E-06
   77   6.0000E-06
   78   1.0000E-05
   79   5.4000E-05
   80   1.4800E-04
   81   3.0800E-04
   82   5.2200E-04
   83   1.2650E-03
   84   3.3950E-03
   85   7.5820E-03
   86   1.1388E-02
   87   1.3932E-02
   88   2.3538E-02
   89   4.6658E-02
   90   7.0423E-02
   91   7.3236E-02
   92   6.6755E-02
   93   8.3918E-02
   94   1.1818E-01
   95   1.2604E-01
   96   9.2592E-02
   97   6.3038E-02
   98   6.0665E-02
   99   6.3678E-02
  100   4.7993E-02
  101   2.4647E-02
  102   2.4647E-02
  103   4.7993E-02
  104   6.3678E-02
  105   6.0665E-02
  106   6.3038E-02
  107   9.2592E-02
  108   1.2604E-01
  109   1.1818E-01
  110   8.3918E-02
  111   6.6755E-02
  112   7.3236E-02
  113   7.0423E-02
  114   4.6658E-02
  115   2.3538E-02
  116   1.3932E-02
  117   1.1388E-02
  118   7.5820E-03
  119   3.3950E-03
  120   1.2650E-03
  121   5.2200E-04
  122   3.0800E-04
  123   1.4800E-04
  124   5.4000E-05
  125   1.0000E-05
  126   6.0000E-06
  127   3.0000E-06
  129   4.0000E-06
  130   4.0000E-06
  131   2.0000E-06
  135   2.0000E-06
  139   2.0000E-06
  141   2.0000E-06
