   62   2.0000E-06
   67   2.0000E-06
   68   2.0000E-06
   70   3.0000E-06
   72   2.0000E-06
   73   5.0000E-06
   74   7.0000E-06
   75   2.0000E-06
   76   2.0000E-06
   77   8.0000E-06
   78   1.6000E-05
   79   5.3000E-05
   80   1.6800E-04
   81   3.4300E-04
   82   5.8000E-04
   83   1.2840E-03
   84   3.4600E-03
   85   7.7090E-03
   86   1.1387E-02
   87   1.3737E-02
   88   2.3454E-02
   89   4.6710E-02
   90   7.0072E-02
   91   7.3596E-02
   92   6.7218E-02
   93   8.4256E-02
   94   1.1794E-01
   95   1.2520E-01
   96   9.2467E-02
   97   6.3591E-02
   98   6.0708E-02
   99   6.3287E-02
  100   4.8035E-02
  101   2.4675E-02
  102   2.4675E-02
  103   4.8035E-02
  104   6.3287E-02
  105   6.0708E-02
  106   6.3591E-02
  107   9.2467E-02
  108   1.2520E-01
  109   1.1794E-01
  110   8.4256E-02
  111   6.7218E-02
  112   7.3596E-02
  113   7.0072E-02
  114   4.6710E-02
  115   2.3454E-02
  116   1.3737E-02
  117   1.1387E-02
  118   7.7090E-03
  119   3.4600E-03
  120   1.2840E-03
  121   5.8000E-04
  122   3.4300E-04
  123   1.6800E-04
  124   5.3000E-05
  125   1.6000E-05
  126   8.0000E-06
  127   2.0000E-06
  128   2.0000E-06
  129   7.0000E-06
  130   5.0000E-06
  131   2.0000E-06
  133   3.0000E-06
  135   2.0000E-06
  136   2.0000E-06
  141   2.0000E-06
