   68   3.0000E-06
   73   4.0000E-06
   74   6.0000E-06
   75   9.0000E-06
   76   6.0000E-06
   77   1.5000E-05
   78   4.0000E-06
   79   9.0000E-06
   80   1.1000E-05
   81   2.6000E-05
   82   7.9000E-05
   83   1.6000E-04
   84   2.9200E-04
   85   8.1000E-04
   86   2.1930E-03
   87   4.6790E-03
   88   6.6610E-03
   89   9.0770E-03
   90   1.7345E-02
   91   3.5471E-02
   92   5.3874E-02
   93   5.7007E-02
   94   5.7647E-02
   95   8.0372E-02
   96   1.1743E-01
   97   1.2829E-01
   98   1.0089E-01
   99   7.3853E-02
  100   7.5116E-02
  101   8.0801E-02
  102   6.4433E-02
  103   3.3436E-02
  104   3.3436E-02
  105   6.4433E-02
  106   8.0801E-02
  107   7.5116E-02
  108   7.3853E-02
  109   1.0089E-01
  110   1.2829E-01
  111   1.1743E-01
  112   8.0372E-02
  113   5.7647E-02
  114   5.7007E-02
  115   5.3874E-02
  116   3.5471E-02
  117   1.7345E-02
  118   9.0770E-03
  119   6.6610E-03
  120   4.6790E-03
  121   2.1930E-03
  122   8.1000E-04
  123   2.9200E-04
  124   1.6000E-04
  125   7.9000E-05
  126   2.6000E-05
  127   1.1000E-05
  128   9.0000E-06
  129   4.0000E-06
  130   1.5000E-05
  131   6.0000E-06
  132   9.0000E-06
  133   6.0000E-06
  134   4.0000E-06
  139   3.0000E-06
