   64   2.0000E-06
   65   2.0000E-06
   66   2.0000E-06
   67   3.0000E-06
   68   2.0000E-06
   69   2.0000E-06
   73   3.0000E-06
   74   5.0000E-06
   75   1.3000E-05
   76   6.0000E-06
   77   5.0000E-06
   78   7.0000E-06
   79   3.0000E-06
   80   3.4000E-05
   81   1.0800E-04
   82   2.4000E-04
   83   4.0400E-04
   84   9.5900E-04
   85   2.7880E-03
   86   5.9990E-03
   87   8.7730E-03
   88   1.1057E-02
   89   2.0244E-02
   90   4.1076E-02
   91   6.1425E-02
   92   6.4842E-02
   93   6.2608E-02
   94   8.3173E-02
   95   1.1845E-01
   96   1.2749E-01
   97   9.7430E-02
   98   6.8829E-02
   99   6.8480E-02
  100   7.1635E-02
  101   5.5425E-02
  102   2.8458E-02
  103   2.8458E-02
  104   5.5425E-02
  105   7.1635E-02
  106   6.8480E-02
  107   6.8829E-02
  108   9.7430E-02
  109   1.2749E-01
  110   1.1845E-01
  111   8.3173E-02
  112   6.2608E-02
  113   6.4842E-02
  114   6.1425E-02
  115   4.1076E-02
  116   2.0244E-02
  117   1.1057E-02
  118   8.7730E-03
  119   5.9990E-03
  120   2.7880E-03
  121   9.5900E-04
  122   4.0400E-04
  123   2.4000E-04
  124   1.0800E-04
  125   3.4000E-05
  126   3.0000E-06
  127   7.0000E-06
  128   5.0000E-06
  129   6.0000E-06
  130   1.3000E-05
  131   5.0000E-06
  132   3.0000E-06
  136   2.0000E-06
  137   2.0000E-06
  138   3.0000E-06
  139   2.0000E-06
  140   2.0000E-06
  141   2.0000E-06
