   61   3.0000E-06
   63   2.0000E-06
   72   3.0000E-06
   73   5.0000E-06
   74   3.0000E-06
   75   7.0000E-06
   76   8.0000E-06
   77   1.5000E-05
   78   4.9000E-05
   79   2.1300E-04
   80   4.3200E-04
   81   7.0700E-04
   82   1.4320E-03
   83   4.2100E-03
   84   9.3010E-03
   85   1.4062E-02
   86   1.6624E-02
   87   2.5901E-02
   88   5.0837E-02
   89   7.6964E-02
   90   8.0567E-02
   91   7.0641E-02
   92   8.3120E-02
   93   1.1548E-01
   94   1.2009E-01
   95   8.7669E-02
   96   5.7881E-02
   97   5.6013E-02
   98   5.8538E-02
   99   4.4740E-02
  100   2.4476E-02
  101   2.4476E-02
  102   4.4740E-02
  103   5.8538E-02
  104   5.6013E-02
  105   5.7881E-02
  106   8.7669E-02
  107   1.2009E-01
  108   1.1548E-01
  109   8.3120E-02
  110   7.0641E-02
  111   8.0567E-02
  112   7.6964E-02
  113   5.0837E-02
  114   2.5901E-02
  115   1.6624E-02
  116   1.4062E-02
  117   9.3010E-03
  118   4.2100E-03
  119   1.4320E-03
  120   7.0700E-04
  121   4.3200E-04
  122   2.1300E-04
  123   4.9000E-05
  124   1.5000E-05
  125   8.0000E-06
  126   7.0000E-06
  127   3.0000E-06
  128   5.0000E-06
  129   3.0000E-06
  138   2.0000E-06
  140   3.0000E-06
