   66   3.0000E-06
   72   4.0000E-06
   74   9.0000E-06
   76   8.0000E-06
   78   7.9000E-05
   79   3.0000E-06
   80   5.8500E-04
   81   1.3000E-05
   82   1.9820E-03
   83   3.5000E-05
   84   1.2534E-02
   85   1.8100E-04
   86   2.7945E-02
   87   4.8800E-04
   88   7.3359E-02
   89   9.1300E-04
   90   1.5091E-01
   91   1.7720E-03
   92   1.5079E-01
   93   2.0060E-03
   94   2.3801E-01
   95   1.8070E-03
   96   1.4800E-01
   97   1.5390E-03
   98   1.1702E-01
   99   8.5000E-04
  100   6.8914E-02
  101   4.6000E-04
  102   6.8914E-02
  103   8.5000E-04
  104   1.1702E-01
  105   1.5390E-03
  106   1.4800E-01
  107   1.8070E-03
  108   2.3801E-01
  109   2.0060E-03
  110   1.5079E-01
  111   1.7720E-03
  112   1.5091E-01
  113   9.1300E-04
  114   7.3359E-02
  115   4.8800E-04
  116   2.7945E-02
  117   1.8100E-04
  118   1.2534E-02
  119   3.5000E-05
  120   1.9820E-03
  121   1.3000E-05
  122   5.8500E-04
  123   3.0000E-06
  124   7.9000E-05
  126   8.0000E-06
  128   9.0000E-06
  130   4.0000E-06
  136   3.0000E-06
