   66   3.0000E-06
   74   2.0000E-06
   75   2.0000E-06
   76   1.1000E-05
   77   2.2000E-05
   78   7.3000E-05
   79   1.7200E-04
   80   4.4300E-04
   81   7.1500E-04
   82   1.5020E-03
   83   4.1670E-03
   84   9.1060E-03
   85   1.3792E-02
   86   1.6747E-02
   87   2.5747E-02
   88   5.0706E-02
   89   7.7290E-02
   90   8.0416E-02
   91   7.0036E-02
   92   8.2994E-02
   93   1.1655E-01
   94   1.2101E-01
   95   8.7306E-02
   96   5.7958E-02
   97   5.5834E-02
   98   5.8393E-02
   99   4.4993E-02
  100   2.3990E-02
  101   2.3990E-02
  102   4.4993E-02
  103   5.8393E-02
  104   5.5834E-02
  105   5.7958E-02
  106   8.7306E-02
  107   1.2101E-01
  108   1.1655E-01
  109   8.2994E-02
  110   7.0036E-02
  111   8.0416E-02
  112   7.7290E-02
  113   5.0706E-02
  114   2.5747E-02
  115   1.6747E-02
  116   1.3792E-02
  117   9.1060E-03
  118   4.1670E-03
  119   1.5020E-03
  120   7.1500E-04
  121   4.4300E-04
  122   1.7200E-04
  123   7.3000E-05
  124   2.2000E-05
  125   1.1000E-05
  126   2.0000E-06
  127   2.0000E-06
  135   3.0000E-06
