   62   3.0000E-06
   68   4.0000E-06
   72   3.0000E-06
   74   4.0000E-06
   76   9.0000E-06
   78   1.6000E-05
   80   1.8000E-04
   81   7.0000E-06
   82   7.0200E-04
   83   1.7000E-05
   84   4.2750E-03
   85   7.9000E-05
   86   1.6490E-02
   87   2.6700E-04
   88   3.3763E-02
   89   5.6900E-04
   90   1.0887E-01
   91   1.2200E-03
   92   1.3238E-01
   93   1.8740E-03
   94   2.0081E-01
   95   1.8770E-03
   96   2.2060E-01
   97   1.8380E-03
   98   1.2879E-01
   99   1.3130E-03
  100   1.1751E-01
  101   7.0100E-04
  102   5.1628E-02
  103   7.0100E-04
  104   1.1751E-01
  105   1.3130E-03
  106   1.2879E-01
  107   1.8380E-03
  108   2.2060E-01
  109   1.8770E-03
  110   2.0081E-01
  111   1.8740E-03
  112   1.3238E-01
  113   1.2200E-03
  114   1.0887E-01
  115   5.6900E-04
  116   3.3763E-02
  117   2.6700E-04
  118   1.6490E-02
  119   7.9000E-05
  120   4.2750E-03
  121   1.7000E-05
  122   7.0200E-04
  123   7.0000E-06
  124   1.8000E-04
  126   1.6000E-05
  128   9.0000E-06
  130   4.0000E-06
  132   3.0000E-06
  136   4.0000E-06
  142   3.0000E-06
