   63   2.0000E-06
   68   2.0000E-06
   72   3.0000E-06
   73   4.0000E-06
   74   2.0000E-06
   76   5.0000E-06
   77   1.5000E-05
   78   5.5000E-05
   79   1.8100E-04
   80   4.2200E-04
   81   7.2900E-04
   82   1.5060E-03
   83   4.1430E-03
   84   9.2840E-03
   85   1.4163E-02
   86   1.6817E-02
   87   2.5837E-02
   88   5.0291E-02
   89   7.7508E-02
   90   8.0577E-02
   91   7.0336E-02
   92   8.3705E-02
   93   1.1570E-01
   94   1.2058E-01
   95   8.7342E-02
   96   5.7653E-02
   97   5.6038E-02
   98   5.8158E-02
   99   4.4884E-02
  100   2.4038E-02
  101   2.4038E-02
  102   4.4884E-02
  103   5.8158E-02
  104   5.6038E-02
  105   5.7653E-02
  106   8.7342E-02
  107   1.2058E-01
  108   1.1570E-01
  109   8.3705E-02
  110   7.0336E-02
  111   8.0577E-02
  112   7.7508E-02
  113   5.0291E-02
  114   2.5837E-02
  115   1.6817E-02
  116   1.4163E-02
  117   9.2840E-03
  118   4.1430E-03
  119   1.5060E-03
  120   7.2900E-04
  121   4.2200E-04
  122   1.8100E-04
  123   5.5000E-05
  124   1.5000E-05
  125   5.0000E-06
  127   2.0000E-06
  128   4.0000E-06
  129   3.0000E-06
  133   2.0000E-06
  138   2.0000E-06
