   62   2.0000E-06
   64   2.0000E-06
   66   2.0000E-06
   72   4.0000E-06
   74   6.0000E-06
   76   1.3000E-05
   78   1.8000E-05
   80   5.8000E-05
   82   2.6900E-04
   83   8.0000E-06
   84   1.1740E-03
   85   2.6000E-05
   86   7.6550E-03
   87   1.3600E-04
   88   1.7664E-02
   89   3.4200E-04
   90   5.6958E-02
   91   7.7000E-04
   92   1.1840E-01
   93   1.5320E-03
   94   1.4014E-01
   95   1.7990E-03
   96   2.4446E-01
   97   1.9030E-03
   98   1.6815E-01
   99   1.8240E-03
  100   1.4613E-01
  101   1.0360E-03
  102   8.9218E-02
  103   5.4800E-04
  104   8.9218E-02
  105   1.0360E-03
  106   1.4613E-01
  107   1.8240E-03
  108   1.6815E-01
  109   1.9030E-03
  110   2.4446E-01
  111   1.7990E-03
  112   1.4014E-01
  113   1.5320E-03
  114   1.1840E-01
  115   7.7000E-04
  116   5.6958E-02
  117   3.4200E-04
  118   1.7664E-02
  119   1.3600E-04
  120   7.6550E-03
  121   2.6000E-05
  122   1.1740E-03
  123   8.0000E-06
  124   2.6900E-04
  126   5.8000E-05
  128   1.8000E-05
  130   1.3000E-05
  132   6.0000E-06
  134   4.0000E-06
  140   2.0000E-06
  142   2.0000E-06
  144   2.0000E-06
