   66   4.0000E-06
   70   7.0000E-06
   72   5.0000E-06
   74   5.0000E-06
   76   1.6000E-05
   78   3.5000E-05
   80   6.1000E-05
   82   5.4000E-05
   84   1.2600E-04
   85   2.0000E-06
   86   7.2500E-04
   87   1.2000E-05
   88   4.3730E-03
   89   7.8000E-05
   90   1.0429E-02
   91   2.0800E-04
   92   4.0667E-02
   93   5.4200E-04
   94   8.6868E-02
   95   1.2690E-03
   96   1.2219E-01
   97   1.5850E-03
   98   2.3516E-01
   99   2.0160E-03
  100   1.8241E-01
  101   2.2060E-03
  102   1.8203E-01
  103   1.4560E-03
  104   1.2509E-01
  105   7.2400E-04
  106   1.2509E-01
  107   1.4560E-03
  108   1.8203E-01
  109   2.2060E-03
  110   1.8241E-01
  111   2.0160E-03
  112   2.3516E-01
  113   1.5850E-03
  114   1.2219E-01
  115   1.2690E-03
  116   8.6868E-02
  117   5.4200E-04
  118   4.0667E-02
  119   2.0800E-04
  120   1.0429E-02
  121   7.8000E-05
  122   4.3730E-03
  123   1.2000E-05
  124   7.2500E-04
  125   2.0000E-06
  126   1.2600E-04
  128   5.4000E-05
  130   6.1000E-05
  132   3.5000E-05
  134   1.6000E-05
  136   5.0000E-06
  138   5.0000E-06
  140   7.0000E-06
  144   4.0000E-06
