   64   2.0000E-06
   66   2.0000E-06
   69   4.0000E-06
   70   2.0000E-06
   71   2.0000E-06
   73   3.0000E-06
   74   8.0000E-06
   75   9.0000E-06
   76   6.0000E-06
   77   4.0000E-06
   78   6.0000E-06
   79   1.8000E-05
   80   3.7000E-05
   81   1.1900E-04
   82   2.2000E-04
   83   3.9200E-04
   84   9.8900E-04
   85   2.8280E-03
   86   5.8700E-03
   87   8.5600E-03
   88   1.1158E-02
   89   2.0220E-02
   90   4.1523E-02
   91   6.1566E-02
   92   6.5719E-02
   93   6.2569E-02
   94   8.2602E-02
   95   1.1843E-01
   96   1.2780E-01
   97   9.8040E-02
   98   6.8730E-02
   99   6.7996E-02
  100   7.0873E-02
  101   5.5297E-02
  102   2.8382E-02
  103   2.8382E-02
  104   5.5297E-02
  105   7.0873E-02
  106   6.7996E-02
  107   6.8730E-02
  108   9.8040E-02
  109   1.2780E-01
  110   1.1843E-01
  111   8.2602E-02
  112   6.2569E-02
  113   6.5719E-02
  114   6.1566E-02
  115   4.1523E-02
  116   2.0220E-02
  117   1.1158E-02
  118   8.5600E-03
  119   5.8700E-03
  120   2.8280E-03
  121   9.8900E-04
  122   3.9200E-04
  123   2.2000E-04
  124   1.1900E-04
  125   3.7000E-05
  126   1.8000E-05
  127   6.0000E-06
  128   4.0000E-06
  129   6.0000E-06
  130   9.0000E-06
  131   8.0000E-06
  132   3.0000E-06
  134   2.0000E-06
  135   2.0000E-06
  136   4.0000E-06
  139   2.0000E-06
  141   2.0000E-06
