   64   3.0000E-06
   66   4.0000E-06
   68   5.0000E-06
   70   3.0000E-06
   72   4.0000E-06
   74   9.0000E-06
   76   1.4000E-05
   78   1.5000E-05
   80   4.8000E-05
   82   2.9000E-04
   83   4.0000E-06
   84   1.1530E-03
   85   3.1000E-05
   86   7.7740E-03
   87   1.2000E-04
   88   1.7764E-02
   89   3.3300E-04
   90   5.7160E-02
   91   7.1400E-04
   92   1.1820E-01
   93   1.5350E-03
   94   1.3992E-01
   95   1.9060E-03
   96   2.4436E-01
   97   2.0650E-03
   98   1.6810E-01
   99   1.8470E-03
  100   1.4601E-01
  101   1.0470E-03
  102   8.9304E-02
  103   5.0400E-04
  104   8.9304E-02
  105   1.0470E-03
  106   1.4601E-01
  107   1.8470E-03
  108   1.6810E-01
  109   2.0650E-03
  110   2.4436E-01
  111   1.9060E-03
  112   1.3992E-01
  113   1.5350E-03
  114   1.1820E-01
  115   7.1400E-04
  116   5.7160E-02
  117   3.3300E-04
  118   1.7764E-02
  119   1.2000E-04
  120   7.7740E-03
  121   3.1000E-05
  122   1.1530E-03
  123   4.0000E-06
  124   2.9000E-04
  126   4.8000E-05
  128   1.5000E-05
  130   1.4000E-05
  132   9.0000E-06
  134   4.0000E-06
  136   3.0000E-06
  138   5.0000E-06
  140   4.0000E-06
  142   3.0000E-06
