   64   4.0000E-06
   66   3.0000E-06
   68   4.0000E-06
   70   5.0000E-06
   72   7.0000E-06
   74   1.4000E-05
   76   3.9000E-05
   78   4.1000E-05
   80   3.7000E-05
   82   1.0200E-04
   84   3.4100E-04
   85   1.3000E-05
   86   2.5980E-03
   87   4.8000E-05
   88   9.5560E-03
   89   1.8800E-04
   90   2.4040E-02
   91   4.4000E-04
   92   8.1652E-02
   93   9.9000E-04
   94   1.0631E-01
   95   1.6530E-03
   96   1.9206E-01
   97   1.9610E-03
   98   2.2738E-01
   99   2.0950E-03
  100   1.5381E-01
  101   1.7010E-03
  102   1.5536E-01
  103   8.7100E-04
  104   7.3360E-02
  105   8.7100E-04
  106   1.5536E-01
  107   1.7010E-03
  108   1.5381E-01
  109   2.0950E-03
  110   2.2738E-01
  111   1.9610E-03
  112   1.9206E-01
  113   1.6530E-03
  114   1.0631E-01
  115   9.9000E-04
  116   8.1652E-02
  117   4.4000E-04
  118   2.4040E-02
  119   1.8800E-04
  120   9.5560E-03
  121   4.8000E-05
  122   2.5980E-03
  123   1.3000E-05
  124   3.4100E-04
  126   1.0200E-04
  128   3.7000E-05
  130   4.1000E-05
  132   3.9000E-05
  134   1.4000E-05
  136   7.0000E-06
  138   5.0000E-06
  140   4.0000E-06
  142   3.0000E-06
  144   4.0000E-06
