   66   2.0000E-06
   70   5.0000E-06
   72   5.0000E-06
   74   6.0000E-06
   76   1.8000E-05
   78   3.4000E-05
   80   5.7000E-05
   82   4.3000E-05
   84   1.3300E-04
   86   6.9100E-04
   87   1.2000E-05
   88   4.2590E-03
   89   8.5000E-05
   90   1.0369E-02
   91   2.1100E-04
   92   4.0875E-02
   93   5.0000E-04
   94   8.6945E-02
   95   1.2180E-03
   96   1.2188E-01
   97   1.6090E-03
   98   2.3523E-01
   99   2.0770E-03
  100   1.8206E-01
  101   2.1410E-03
  102   1.8260E-01
  103   1.4350E-03
  104   1.2514E-01
  105   7.0200E-04
  106   1.2514E-01
  107   1.4350E-03
  108   1.8260E-01
  109   2.1410E-03
  110   1.8206E-01
  111   2.0770E-03
  112   2.3523E-01
  113   1.6090E-03
  114   1.2188E-01
  115   1.2180E-03
  116   8.6945E-02
  117   5.0000E-04
  118   4.0875E-02
  119   2.1100E-04
  120   1.0369E-02
  121   8.5000E-05
  122   4.2590E-03
  123   1.2000E-05
  124   6.9100E-04
  126   1.3300E-04
  128   4.3000E-05
  130   5.7000E-05
  132   3.4000E-05
  134   1.8000E-05
  136   6.0000E-06
  138   5.0000E-06
  140   5.0000E-06
  144   2.0000E-06
