   66   3.0000E-06
   68   3.0000E-06
   70   5.0000E-06
   72   2.0000E-06
   74   1.1000E-05
   76   2.0000E-05
   78   2.8000E-05
   80   2.2000E-05
   82   1.0000E-04
   84   3.8900E-04
   85   1.0000E-05
   86   2.6650E-03
   87   4.1000E-05
   88   9.6650E-03
   89   1.6400E-04
   90   2.3942E-02
   91   3.8000E-04
   92   8.1992E-02
   93   9.6400E-04
   94   1.0729E-01
   95   1.6800E-03
   96   1.9235E-01
   97   1.9040E-03
   98   2.2788E-01
   99   2.1030E-03
  100   1.5354E-01
  101   1.6590E-03
  102   1.5370E-01
  103   9.3300E-04
  104   7.3084E-02
  105   9.3300E-04
  106   1.5370E-01
  107   1.6590E-03
  108   1.5354E-01
  109   2.1030E-03
  110   2.2788E-01
  111   1.9040E-03
  112   1.9235E-01
  113   1.6800E-03
  114   1.0729E-01
  115   9.6400E-04
  116   8.1992E-02
  117   3.8000E-04
  118   2.3942E-02
  119   1.6400E-04
  120   9.6650E-03
  121   4.1000E-05
  122   2.6650E-03
  123   1.0000E-05
  124   3.8900E-04
  126   1.0000E-04
  128   2.2000E-05
  130   2.8000E-05
  132   2.0000E-05
  134   1.1000E-05
  136   2.0000E-06
  138   5.0000E-06
  140   3.0000E-06
  142   3.0000E-06
