   70   4.0000E-06
   72   2.0000E-06
   73   3.0000E-06
   74   8.0000E-06
   75   7.0000E-06
   76   3.0000E-06
   77   1.3000E-05
   78   6.0000E-06
   79   1.5000E-05
   80   4.0000E-05
   81   9.2000E-05
   82   1.9300E-04
   83   3.8900E-04
   84   9.7000E-04
   85   2.8440E-03
   86   5.9560E-03
   87   8.5860E-03
   88   1.1139E-02
   89   2.0427E-02
   90   4.1308E-02
   91   6.1529E-02
   92   6.5177E-02
   93   6.2385E-02
   94   8.2798E-02
   95   1.1859E-01
   96   1.2795E-01
   97   9.7752E-02
   98   6.9048E-02
   99   6.8032E-02
  100   7.1512E-02
  101   5.5376E-02
  102   2.7828E-02
  103   2.7828E-02
  104   5.5376E-02
  105   7.1512E-02
  106   6.8032E-02
  107   6.9048E-02
  108   9.7752E-02
  109   1.2795E-01
  110   1.1859E-01
  111   8.2798E-02
  112   6.2385E-02
  113   6.5177E-02
  114   6.1529E-02
  115   4.1308E-02
  116   2.0427E-02
  117   1.1139E-02
  118   8.5860E-03
  119   5.9560E-03
  120   2.8440E-03
  121   9.7000E-04
  122   3.8900E-04
  123   1.9300E-04
  124   9.2000E-05
  125   4.0000E-05
  126   1.5000E-05
  127   6.0000E-06
  128   1.3000E-05
  129   3.0000E-06
  130   7.0000E-06
  131   8.0000E-06
  132   3.0000E-06
  133   2.0000E-06
  135   4.0000E-06
