   64   3.0000E-06
   68   2.0000E-06
   70   2.0000E-06
   72   4.0000E-06
   74   1.5000E-05
   76   7.0000E-06
   78   1.2000E-05
   80   1.7600E-04
   81   4.0000E-06
   82   7.4600E-04
   83   1.0000E-05
   84   4.1900E-03
   85   7.2000E-05
   86   1.6552E-02
   87   2.9500E-04
   88   3.4001E-02
   89   5.3800E-04
   90   1.0853E-01
   91   1.2400E-03
   92   1.3257E-01
   93   1.8710E-03
   94   2.0079E-01
   95   1.9690E-03
   96   2.2063E-01
   97   1.8780E-03
   98   1.2837E-01
   99   1.3480E-03
  100   1.1755E-01
  101   7.2100E-04
  102   5.1768E-02
  103   7.2100E-04
  104   1.1755E-01
  105   1.3480E-03
  106   1.2837E-01
  107   1.8780E-03
  108   2.2063E-01
  109   1.9690E-03
  110   2.0079E-01
  111   1.8710E-03
  112   1.3257E-01
  113   1.2400E-03
  114   1.0853E-01
  115   5.3800E-04
  116   3.4001E-02
  117   2.9500E-04
  118   1.6552E-02
  119   7.2000E-05
  120   4.1900E-03
  121   1.0000E-05
  122   7.4600E-04
  123   4.0000E-06
  124   1.7600E-04
  126   1.2000E-05
  128   7.0000E-06
  130   1.5000E-05
  132   4.0000E-06
  134   2.0000E-06
  136   2.0000E-06
  140   3.0000E-06
