   63   3.0000E-06
   65   2.0000E-06
   67   2.0000E-06
   68   2.0000E-06
   71   2.0000E-06
   72   3.0000E-06
   74   4.0000E-06
   75   2.0000E-06
   76   4.0000E-06
   78   1.1000E-05
   79   4.2000E-05
   80   1.5700E-04
   81   3.1400E-04
   82   5.5300E-04
   83   1.2700E-03
   84   3.5230E-03
   85   7.8410E-03
   86   1.1324E-02
   87   1.3950E-02
   88   2.3253E-02
   89   4.6264E-02
   90   7.0042E-02
   91   7.3809E-02
   92   6.6910E-02
   93   8.4280E-02
   94   1.1824E-01
   95   1.2490E-01
   96   9.2978E-02
   97   6.3595E-02
   98   6.0441E-02
   99   6.3096E-02
  100   4.8535E-02
  101   2.4635E-02
  102   2.4635E-02
  103   4.8535E-02
  104   6.3096E-02
  105   6.0441E-02
  106   6.3595E-02
  107   9.2978E-02
  108   1.2490E-01
  109   1.1824E-01
  110   8.4280E-02
  111   6.6910E-02
  112   7.3809E-02
  113   7.0042E-02
  114   4.6264E-02
  115   2.3253E-02
  116   1.3950E-02
  117   1.1324E-02
  118   7.8410E-03
  119   3.5230E-03
  120   1.2700E-03
  121   5.5300E-04
  122   3.1400E-04
  123   1.5700E-04
  124   4.2000E-05
  125   1.1000E-05
  127   4.0000E-06
  128   2.0000E-06
  129   4.0000E-06
  131   3.0000E-06
  132   2.0000E-06
  135   2.0000E-06
  136   2.0000E-06
  138   2.0000E-06
  140   3.0000E-06
