   64   3.0000E-06
   66   2.0000E-06
   68   3.0000E-06
   70   3.0000E-06
   72   2.0000E-06
   74   7.0000E-06
   76   1.2000E-05
   78   5.9000E-05
   79   4.0000E-06
   80   6.0300E-04
   81   7.0000E-06
   82   2.0020E-03
   83   2.6000E-05
   84   1.2517E-02
   85   1.6900E-04
   86   2.8038E-02
   87   5.2700E-04
   88   7.3007E-02
   89   9.6800E-04
   90   1.5046E-01
   91   1.8210E-03
   92   1.5068E-01
   93   1.9920E-03
   94   2.3820E-01
   95   1.8720E-03
   96   1.4811E-01
   97   1.5430E-03
   98   1.1668E-01
   99   8.5600E-04
  100   6.9590E-02
  101   4.5600E-04
  102   6.9590E-02
  103   8.5600E-04
  104   1.1668E-01
  105   1.5430E-03
  106   1.4811E-01
  107   1.8720E-03
  108   2.3820E-01
  109   1.9920E-03
  110   1.5068E-01
  111   1.8210E-03
  112   1.5046E-01
  113   9.6800E-04
  114   7.3007E-02
  115   5.2700E-04
  116   2.8038E-02
  117   1.6900E-04
  118   1.2517E-02
  119   2.6000E-05
  120   2.0020E-03
  121   7.0000E-06
  122   6.0300E-04
  123   4.0000E-06
  124   5.9000E-05
  126   1.2000E-05
  128   7.0000E-06
  130   2.0000E-06
  132   3.0000E-06
  134   3.0000E-06
  136   2.0000E-06
  138   3.0000E-06
