   66   3.0000E-06
   70   7.0000E-06
   74   6.0000E-06
   76   8.0000E-06
   78   2.9000E-05
   80   6.8000E-05
   82   3.8000E-05
   84   1.1800E-04
   85   3.0000E-06
   86   6.6600E-04
   87   1.1000E-05
   88   4.2950E-03
   89   8.8000E-05
   90   1.0450E-02
   91   2.1300E-04
   92   4.1100E-02
   93   5.5500E-04
   94   8.6578E-02
   95   1.2440E-03
   96   1.2195E-01
   97   1.6740E-03
   98   2.3541E-01
   99   2.0230E-03
  100   1.8224E-01
  101   2.1290E-03
  102   1.8201E-01
  103   1.3810E-03
  104   1.2532E-01
  105   7.3200E-04
  106   1.2532E-01
  107   1.3810E-03
  108   1.8201E-01
  109   2.1290E-03
  110   1.8224E-01
  111   2.0230E-03
  112   2.3541E-01
  113   1.6740E-03
  114   1.2195E-01
  115   1.2440E-03
  116   8.6578E-02
  117   5.5500E-04
  118   4.1100E-02
  119   2.1300E-04
  120   1.0450E-02
  121   8.8000E-05
  122   4.2950E-03
  123   1.1000E-05
  124   6.6600E-04
  125   3.0000E-06
  126   1.1800E-04
  128   3.8000E-05
  130   6.8000E-05
  132   2.9000E-05
  134   8.0000E-06
  136   6.0000E-06
  140   7.0000E-06
  144   3.0000E-06
