   66   5.0000E-06
   67   9.0000E-06
   68   2.8000E-05
   69   2.4000E-05
   70   5.4000E-05
   71   3.2000E-05
   72   1.3500E-04
   73   1.0600E-04
   74   1.9100E-04
   75   1.3300E-04
   76   1.9700E-04
   77   1.3300E-04
   78   2.4300E-04
   79   1.4600E-04
   80   1.7000E-04
   81   1.2900E-04
   82   2.0000E-04
   83   2.8300E-04
   84   5.9800E-04
   85   9.3600E-04
   86   1.4620E-03
   87   1.8390E-03
   88   1.9090E-03
   89   1.6600E-03
   90   1.5120E-03
   91   1.5010E-03
   92   2.0530E-03
   93   3.1420E-03
   94   5.6590E-03
   95   9.8660E-03
   96   1.6399E-02
   97   2.3615E-02
   98   3.2079E-02
   99   4.3477E-02
  100   6.0189E-02
  101   8.0194E-02
  102   9.4153E-02
  103   9.9431E-02
  104   1.0299E-01
  105   1.0891E-01
  106   1.1379E-01
  107   1.0598E-01
  108   8.4426E-02
  109   8.4426E-02
  110   1.0598E-01
  111   1.1379E-01
  112   1.0891E-01
  113   1.0299E-01
  114   9.9431E-02
  115   9.4153E-02
  116   8.0194E-02
  117   6.0189E-02
  118   4.3477E-02
  119   3.2079E-02
  120   2.3615E-02
  121   1.6399E-02
  122   9.8660E-03
  123   5.6590E-03
  124   3.1420E-03
  125   2.0530E-03
  126   1.5010E-03
  127   1.5120E-03
  128   1.6600E-03
  129   1.9090E-03
  130   1.8390E-03
  131   1.4620E-03
  132   9.3600E-04
  133   5.9800E-04
  134   2.8300E-04
  135   2.0000E-04
  136   1.2900E-04
  137   1.7000E-04
  138   1.4600E-04
  139   2.4300E-04
  140   1.3300E-04
  141   1.9700E-04
  142   1.3300E-04
  143   1.9100E-04
  144   1.0600E-04
  145   1.3500E-04
  146   3.2000E-05
  147   5.4000E-05
  148   2.4000E-05
  149   2.8000E-05
  150   9.0000E-06
  151   5.0000E-06
