   68   2.0000E-06
   70   4.0000E-06
   72   9.0000E-06
   74   9.0000E-06
   76   8.0000E-06
   78   1.4000E-05
   80   1.3000E-05
   82   5.0000E-06
   84   3.1000E-05
   86   1.3500E-04
   87   3.0000E-06
   88   2.6100E-04
   89   3.0000E-06
   90   4.4900E-04
   92   1.3610E-03
   93   3.5000E-05
   94   3.7080E-03
   95   7.8000E-05
   96   1.8955E-02
   97   2.7000E-04
   98   4.1687E-02
   99   6.9500E-04
  100   8.3745E-02
  101   1.0940E-03
  102   1.8982E-01
  103   1.9280E-03
  104   1.8720E-01
  105   2.5280E-03
  106   2.4667E-01
  107   2.1580E-03
  108   2.1633E-01
  109   1.5500E-03
  110   2.1633E-01
  111   2.1580E-03
  112   2.4667E-01
  113   2.5280E-03
  114   1.8720E-01
  115   1.9280E-03
  116   1.8982E-01
  117   1.0940E-03
  118   8.3745E-02
  119   6.9500E-04
  120   4.1687E-02
  121   2.7000E-04
  122   1.8955E-02
  123   7.8000E-05
  124   3.7080E-03
  125   3.5000E-05
  126   1.3610E-03
  128   4.4900E-04
  129   3.0000E-06
  130   2.6100E-04
  131   3.0000E-06
  132   1.3500E-04
  134   3.1000E-05
  136   5.0000E-06
  138   1.3000E-05
  140   1.4000E-05
  142   8.0000E-06
  144   9.0000E-06
  146   9.0000E-06
  148   4.0000E-06
  150   2.0000E-06
