   71   2.0000E-06
   72   6.0000E-06
   73   7.0000E-06
   74   4.0000E-06
   75   7.0000E-06
   76   9.0000E-06
   77   4.0000E-06
   78   8.0000E-06
   79   6.0000E-06
   80   4.0000E-06
   81   3.0000E-06
   82   3.0000E-06
   83   5.0000E-06
   84   1.0000E-05
   85   5.0000E-06
   86   1.9000E-05
   87   5.4000E-05
   88   9.9000E-05
   89   1.1700E-04
   90   1.5600E-04
   91   2.4900E-04
   92   4.4200E-04
   93   7.5300E-04
   94   1.1190E-03
   95   2.3380E-03
   96   5.5200E-03
   97   1.1541E-02
   98   1.7412E-02
   99   2.1177E-02
  100   2.8706E-02
  101   5.1135E-02
  102   8.3186E-02
  103   1.0161E-01
  104   9.6403E-02
  105   9.0844E-02
  106   1.1264E-01
  107   1.4338E-01
  108   1.4075E-01
  109   9.0271E-02
  110   9.0271E-02
  111   1.4075E-01
  112   1.4338E-01
  113   1.1264E-01
  114   9.0844E-02
  115   9.6403E-02
  116   1.0161E-01
  117   8.3186E-02
  118   5.1135E-02
  119   2.8706E-02
  120   2.1177E-02
  121   1.7412E-02
  122   1.1541E-02
  123   5.5200E-03
  124   2.3380E-03
  125   1.1190E-03
  126   7.5300E-04
  127   4.4200E-04
  128   2.4900E-04
  129   1.5600E-04
  130   1.1700E-04
  131   9.9000E-05
  132   5.4000E-05
  133   1.9000E-05
  134   5.0000E-06
  135   1.0000E-05
  136   5.0000E-06
  137   3.0000E-06
  138   3.0000E-06
  139   4.0000E-06
  140   6.0000E-06
  141   8.0000E-06
  142   4.0000E-06
  143   9.0000E-06
  144   7.0000E-06
  145   4.0000E-06
  146   7.0000E-06
  147   6.0000E-06
  148   2.0000E-06
