   69   2.0000E-06
   70   2.0000E-06
   71   6.0000E-06
   72   5.0000E-06
   73   5.0000E-06
   74   2.0000E-06
   75   5.0000E-06
   77   2.0000E-06
   78   8.0000E-06
   79   1.3000E-05
   80   1.2000E-05
   81   3.4000E-05
   82   8.7000E-05
   83   1.0900E-04
   84   1.0900E-04
   85   1.0700E-04
   86   1.0900E-04
   87   7.4000E-05
   88   9.9000E-05
   89   2.8000E-04
   90   7.3500E-04
   91   1.2970E-03
   92   2.0470E-03
   93   3.6700E-03
   94   8.6390E-03
   95   1.7631E-02
   96   2.6241E-02
   97   3.0503E-02
   98   3.7689E-02
   99   6.2628E-02
  100   9.7262E-02
  101   1.1435E-01
  102   1.0137E-01
  103   8.8521E-02
  104   1.0268E-01
  105   1.2354E-01
  106   1.1295E-01
  107   6.7141E-02
  108   6.7141E-02
  109   1.1295E-01
  110   1.2354E-01
  111   1.0268E-01
  112   8.8521E-02
  113   1.0137E-01
  114   1.1435E-01
  115   9.7262E-02
  116   6.2628E-02
  117   3.7689E-02
  118   3.0503E-02
  119   2.6241E-02
  120   1.7631E-02
  121   8.6390E-03
  122   3.6700E-03
  123   2.0470E-03
  124   1.2970E-03
  125   7.3500E-04
  126   2.8000E-04
  127   9.9000E-05
  128   7.4000E-05
  129   1.0900E-04
  130   1.0700E-04
  131   1.0900E-04
  132   1.0900E-04
  133   8.7000E-05
  134   3.4000E-05
  135   1.2000E-05
  136   1.3000E-05
  137   8.0000E-06
  138   2.0000E-06
  140   5.0000E-06
  141   2.0000E-06
  142   5.0000E-06
  143   5.0000E-06
  144   6.0000E-06
  145   2.0000E-06
  146   2.0000E-06
