   68   2.0000E-06
   72   1.1000E-05
   74   5.0000E-06
   76   4.0000E-06
   78   1.4000E-05
   80   2.2000E-05
   82   1.3400E-04
   83   2.0000E-06
   84   3.2400E-04
   85   2.0000E-06
   86   3.9800E-04
   87   4.0000E-06
   88   3.0800E-04
   89   3.0000E-06
   90   8.9800E-04
   91   1.1000E-05
   92   2.9520E-03
   93   6.7000E-05
   94   1.0768E-02
   95   1.4800E-04
   96   3.9225E-02
   97   5.3800E-04
   98   6.2162E-02
   99   1.0990E-03
  100   1.5137E-01
  101   1.6220E-03
  102   2.1024E-01
  103   2.3830E-03
  104   1.9315E-01
  105   2.2750E-03
  106   2.4648E-01
  107   1.6670E-03
  108   1.4340E-01
  109   1.6670E-03
  110   2.4648E-01
  111   2.2750E-03
  112   1.9315E-01
  113   2.3830E-03
  114   2.1024E-01
  115   1.6220E-03
  116   1.5137E-01
  117   1.0990E-03
  118   6.2162E-02
  119   5.3800E-04
  120   3.9225E-02
  121   1.4800E-04
  122   1.0768E-02
  123   6.7000E-05
  124   2.9520E-03
  125   1.1000E-05
  126   8.9800E-04
  127   3.0000E-06
  128   3.0800E-04
  129   4.0000E-06
  130   3.9800E-04
  131   2.0000E-06
  132   3.2400E-04
  133   2.0000E-06
  134   1.3400E-04
  136   2.2000E-05
  138   1.4000E-05
  140   4.0000E-06
  142   5.0000E-06
  144   1.1000E-05
  148   2.0000E-06
