   72   4.0000E-06
   74   5.0000E-06
   76   1.0000E-05
   78   1.5000E-05
   80   1.9000E-05
   82   1.1800E-04
   84   2.6900E-04
   85   3.0000E-06
   86   3.4700E-04
   87   4.0000E-06
   88   2.4000E-04
   89   4.0000E-06
   90   8.7500E-04
   91   1.8000E-05
   92   2.8610E-03
   93   7.9000E-05
   94   1.0759E-02
   95   1.7600E-04
   96   3.9447E-02
   97   5.6700E-04
   98   6.2208E-02
   99   1.0790E-03
  100   1.5100E-01
  101   1.6310E-03
  102   2.1019E-01
  103   2.5020E-03
  104   1.9294E-01
  105   2.3270E-03
  106   2.4656E-01
  107   1.6900E-03
  108   1.4408E-01
  109   1.6900E-03
  110   2.4656E-01
  111   2.3270E-03
  112   1.9294E-01
  113   2.5020E-03
  114   2.1019E-01
  115   1.6310E-03
  116   1.5100E-01
  117   1.0790E-03
  118   6.2208E-02
  119   5.6700E-04
  120   3.9447E-02
  121   1.7600E-04
  122   1.0759E-02
  123   7.9000E-05
  124   2.8610E-03
  125   1.8000E-05
  126   8.7500E-04
  127   4.0000E-06
  128   2.4000E-04
  129   4.0000E-06
  130   3.4700E-04
  131   3.0000E-06
  132   2.6900E-04
  134   1.1800E-04
  136   1.9000E-05
  138   1.5000E-05
  140   1.0000E-05
  142   5.0000E-06
  144   4.0000E-06
