   68   6.0000E-06
   70   6.0000E-06
   72   8.0000E-06
   74   7.0000E-06
   76   1.3000E-05
   78   4.4000E-05
   80   9.2000E-05
   82   1.0500E-04
   84   5.5000E-05
   85   2.0000E-06
   86   2.0800E-04
   88   1.5520E-03
   89   2.8000E-05
   90   5.4620E-03
   91   1.0200E-04
   92   1.6231E-02
   93   2.7800E-04
   94   5.8250E-02
   95   8.0600E-04
   96   8.3067E-02
   97   1.3210E-03
   98   1.7468E-01
   99   1.8100E-03
  100   2.2304E-01
  101   2.3260E-03
  102   1.7562E-01
  103   1.9550E-03
  104   1.9976E-01
  105   1.2760E-03
  106   1.0375E-01
  107   1.2760E-03
  108   1.9976E-01
  109   1.9550E-03
  110   1.7562E-01
  111   2.3260E-03
  112   2.2304E-01
  113   1.8100E-03
  114   1.7468E-01
  115   1.3210E-03
  116   8.3067E-02
  117   8.0600E-04
  118   5.8250E-02
  119   2.7800E-04
  120   1.6231E-02
  121   1.0200E-04
  122   5.4620E-03
  123   2.8000E-05
  124   1.5520E-03
  126   2.0800E-04
  127   2.0000E-06
  128   5.5000E-05
  130   1.0500E-04
  132   9.2000E-05
  134   4.4000E-05
  136   1.3000E-05
  138   7.0000E-06
  140   8.0000E-06
  142   6.0000E-06
  144   6.0000E-06
