   62   3.0000E-06
   64   3.4000E-05
   66   1.7400E-04
   68   1.1310E-03
   69   1.0000E-05
   70   2.5430E-03
   71   4.0000E-05
   72   5.1700E-03
   73   8.5000E-05
   74   9.4250E-03
   75   6.9000E-05
   76   1.1498E-02
   77   1.2200E-04
   78   1.0664E-02
   79   1.1900E-04
   80   1.2946E-02
   81   1.0600E-04
   82   7.9120E-03
   83   8.2000E-05
   84   9.8300E-03
   85   8.7000E-05
   86   2.4231E-02
   87   3.4900E-04
   88   7.9248E-02
   89   8.3500E-04
   90   1.2981E-01
   91   9.7900E-04
   92   9.8276E-02
   93   4.9200E-04
   94   3.5499E-02
   95   1.1600E-04
   96   9.9290E-03
   97   9.0000E-05
   98   1.0767E-02
   99   1.8900E-04
  100   2.2754E-02
  101   3.2600E-04
  102   6.0248E-02
  103   6.7700E-04
  104   7.3585E-02
  105   1.1840E-03
  106   1.2717E-01
  107   1.3210E-03
  108   1.7881E-01
  109   1.7340E-03
  110   1.3861E-01
  111   1.7340E-03
  112   1.7881E-01
  113   1.3210E-03
  114   1.2717E-01
  115   1.1840E-03
  116   7.3585E-02
  117   6.7700E-04
  118   6.0248E-02
  119   3.2600E-04
  120   2.2754E-02
  121   1.8900E-04
  122   1.0767E-02
  123   9.0000E-05
  124   9.9290E-03
  125   1.1600E-04
  126   3.5499E-02
  127   4.9200E-04
  128   9.8276E-02
  129   9.7900E-04
  130   1.2981E-01
  131   8.3500E-04
  132   7.9248E-02
  133   3.4900E-04
  134   2.4231E-02
  135   8.7000E-05
  136   9.8300E-03
  137   8.2000E-05
  138   7.9120E-03
  139   1.0600E-04
  140   1.2946E-02
  141   1.1900E-04
  142   1.0664E-02
  143   1.2200E-04
  144   1.1498E-02
  145   6.9000E-05
  146   9.4250E-03
  147   8.5000E-05
  148   5.1700E-03
  149   4.0000E-05
  150   2.5430E-03
  151   1.0000E-05
  152   1.1310E-03
  154   1.7400E-04
  156   3.4000E-05
  158   3.0000E-06
