   72   5.0000E-06
   74   1.5000E-05
   76   1.5000E-05
   78   1.1000E-05
   80   1.0000E-05
   82   9.0000E-06
   84   2.8000E-05
   86   1.4400E-04
   87   5.0000E-06
   88   3.0100E-04
   90   4.4700E-04
   91   2.0000E-06
   92   1.3670E-03
   93   2.2000E-05
   94   3.7960E-03
   95   7.6000E-05
   96   1.8743E-02
   97   2.4500E-04
   98   4.2430E-02
   99   6.5500E-04
  100   8.3744E-02
  101   1.1400E-03
  102   1.8972E-01
  103   1.9790E-03
  104   1.8595E-01
  105   2.5660E-03
  106   2.4661E-01
  107   2.1440E-03
  108   2.1708E-01
  109   1.4640E-03
  110   2.1708E-01
  111   2.1440E-03
  112   2.4661E-01
  113   2.5660E-03
  114   1.8595E-01
  115   1.9790E-03
  116   1.8972E-01
  117   1.1400E-03
  118   8.3744E-02
  119   6.5500E-04
  120   4.2430E-02
  121   2.4500E-04
  122   1.8743E-02
  123   7.6000E-05
  124   3.7960E-03
  125   2.2000E-05
  126   1.3670E-03
  127   2.0000E-06
  128   4.4700E-04
  130   3.0100E-04
  131   5.0000E-06
  132   1.4400E-04
  134   2.8000E-05
  136   9.0000E-06
  138   1.0000E-05
  140   1.1000E-05
  142   1.5000E-05
  144   1.5000E-05
  146   5.0000E-06
