   72   5.0000E-06
   73   3.0000E-06
   74   4.0000E-06
   75   4.0000E-06
   76   2.0000E-06
   77   4.0000E-06
   78   1.2000E-05
   79   1.2000E-05
   80   1.4000E-05
   81   4.2000E-05
   82   8.9000E-05
   83   1.1100E-04
   84   1.2500E-04
   85   1.0800E-04
   86   1.0500E-04
   87   8.5000E-05
   88   9.9000E-05
   89   2.8900E-04
   90   7.1800E-04
   91   1.3360E-03
   92   2.0820E-03
   93   3.7630E-03
   94   8.3590E-03
   95   1.7614E-02
   96   2.6457E-02
   97   3.0330E-02
   98   3.7742E-02
   99   6.1938E-02
  100   9.7285E-02
  101   1.1486E-01
  102   1.0173E-01
  103   8.8318E-02
  104   1.0316E-01
  105   1.2313E-01
  106   1.1272E-01
  107   6.7319E-02
  108   6.7319E-02
  109   1.1272E-01
  110   1.2313E-01
  111   1.0316E-01
  112   8.8318E-02
  113   1.0173E-01
  114   1.1486E-01
  115   9.7285E-02
  116   6.1938E-02
  117   3.7742E-02
  118   3.0330E-02
  119   2.6457E-02
  120   1.7614E-02
  121   8.3590E-03
  122   3.7630E-03
  123   2.0820E-03
  124   1.3360E-03
  125   7.1800E-04
  126   2.8900E-04
  127   9.9000E-05
  128   8.5000E-05
  129   1.0500E-04
  130   1.0800E-04
  131   1.2500E-04
  132   1.1100E-04
  133   8.9000E-05
  134   4.2000E-05
  135   1.4000E-05
  136   1.2000E-05
  137   1.2000E-05
  138   4.0000E-06
  139   2.0000E-06
  140   4.0000E-06
  141   4.0000E-06
  142   3.0000E-06
  143   5.0000E-06
