   70   2.0000E-06
   71   3.0000E-06
   72   5.0000E-06
   73   3.0000E-06
   74   3.0000E-06
   75   3.0000E-06
   76   2.0000E-06
   77   8.0000E-06
   78   9.0000E-06
   79   1.0000E-05
   80   2.3000E-05
   81   4.8000E-05
   82   9.4000E-05
   83   1.1100E-04
   84   1.1300E-04
   85   1.3700E-04
   86   8.6000E-05
   87   8.1000E-05
   88   1.0000E-04
   89   3.0300E-04
   90   6.8500E-04
   91   1.4190E-03
   92   2.0300E-03
   93   3.6670E-03
   94   8.4360E-03
   95   1.7616E-02
   96   2.6442E-02
   97   3.0638E-02
   98   3.7331E-02
   99   6.1600E-02
  100   9.7106E-02
  101   1.1445E-01
  102   1.0146E-01
  103   8.8726E-02
  104   1.0352E-01
  105   1.2330E-01
  106   1.1294E-01
  107   6.7467E-02
  108   6.7467E-02
  109   1.1294E-01
  110   1.2330E-01
  111   1.0352E-01
  112   8.8726E-02
  113   1.0146E-01
  114   1.1445E-01
  115   9.7106E-02
  116   6.1600E-02
  117   3.7331E-02
  118   3.0638E-02
  119   2.6442E-02
  120   1.7616E-02
  121   8.4360E-03
  122   3.6670E-03
  123   2.0300E-03
  124   1.4190E-03
  125   6.8500E-04
  126   3.0300E-04
  127   1.0000E-04
  128   8.1000E-05
  129   8.6000E-05
  130   1.3700E-04
  131   1.1300E-04
  132   1.1100E-04
  133   9.4000E-05
  134   4.8000E-05
  135   2.3000E-05
  136   1.0000E-05
  137   9.0000E-06
  138   8.0000E-06
  139   2.0000E-06
  140   3.0000E-06
  141   3.0000E-06
  142   3.0000E-06
  143   5.0000E-06
  144   3.0000E-06
  145   2.0000E-06
