   66   3.0000E-06
   70   3.0000E-06
   72   5.0000E-06
   74   7.0000E-06
   76   1.2000E-05
   78   5.0000E-05
   79   2.0000E-06
   80   7.0000E-05
   82   9.1000E-05
   84   7.0000E-05
   86   1.8800E-04
   88   1.5070E-03
   89   3.7000E-05
   90   5.4550E-03
   91   1.2500E-04
   92   1.6388E-02
   93   2.5400E-04
   94   5.8145E-02
   95   7.7100E-04
   96   8.2792E-02
   97   1.3410E-03
   98   1.7439E-01
   99   1.7420E-03
  100   2.2279E-01
  101   2.2750E-03
  102   1.7623E-01
  103   2.0660E-03
  104   1.9978E-01
  105   1.2440E-03
  106   1.0428E-01
  107   1.2440E-03
  108   1.9978E-01
  109   2.0660E-03
  110   1.7623E-01
  111   2.2750E-03
  112   2.2279E-01
  113   1.7420E-03
  114   1.7439E-01
  115   1.3410E-03
  116   8.2792E-02
  117   7.7100E-04
  118   5.8145E-02
  119   2.5400E-04
  120   1.6388E-02
  121   1.2500E-04
  122   5.4550E-03
  123   3.7000E-05
  124   1.5070E-03
  126   1.8800E-04
  128   7.0000E-05
  130   9.1000E-05
  132   7.0000E-05
  133   2.0000E-06
  134   5.0000E-05
  136   1.2000E-05
  138   7.0000E-06
  140   5.0000E-06
  142   3.0000E-06
  146   3.0000E-06
