   62   2.0000E-06
   63   5.0000E-06
   64   2.3000E-05
   65   5.3000E-05
   66   7.8000E-05
   67   1.7700E-04
   68   4.9700E-04
   69   1.0410E-03
   70   1.5240E-03
   71   1.8820E-03
   72   2.6440E-03
   73   4.3190E-03
   74   5.5170E-03
   75   7.0730E-03
   76   8.0320E-03
   77   6.6330E-03
   78   5.8520E-03
   79   9.7040E-03
   80   9.5000E-03
   81   7.2470E-03
   82   5.3340E-03
   83   5.3220E-03
   84   5.4320E-03
   85   4.1250E-03
   86   2.4080E-03
   87   1.7530E-03
   88   3.2730E-03
   89   7.9340E-03
   90   1.7841E-02
   91   3.2613E-02
   92   4.9183E-02
   93   6.0137E-02
   94   6.0213E-02
   95   5.0105E-02
   96   3.4614E-02
   97   2.1093E-02
   98   1.2930E-02
   99   8.9830E-03
  100   9.4510E-03
  101   1.5810E-02
  102   2.6874E-02
  103   3.5367E-02
  104   3.7140E-02
  105   3.8167E-02
  106   5.2830E-02
  107   7.7757E-02
  108   9.3337E-02
  109   8.7353E-02
  110   7.0805E-02
  111   7.0805E-02
  112   8.7353E-02
  113   9.3337E-02
  114   7.7757E-02
  115   5.2830E-02
  116   3.8167E-02
  117   3.7140E-02
  118   3.5367E-02
  119   2.6874E-02
  120   1.5810E-02
  121   9.4510E-03
  122   8.9830E-03
  123   1.2930E-02
  124   2.1093E-02
  125   3.4614E-02
  126   5.0105E-02
  127   6.0213E-02
  128   6.0137E-02
  129   4.9183E-02
  130   3.2613E-02
  131   1.7841E-02
  132   7.9340E-03
  133   3.2730E-03
  134   1.7530E-03
  135   2.4080E-03
  136   4.1250E-03
  137   5.4320E-03
  138   5.3220E-03
  139   5.3340E-03
  140   7.2470E-03
  141   9.5000E-03
  142   9.7040E-03
  143   5.8520E-03
  144   6.6330E-03
  145   8.0320E-03
  146   7.0730E-03
  147   5.5170E-03
  148   4.3190E-03
  149   2.6440E-03
  150   1.8820E-03
  151   1.5240E-03
  152   1.0410E-03
  153   4.9700E-04
  154   1.7700E-04
  155   7.8000E-05
  156   5.3000E-05
  157   2.3000E-05
  158   5.0000E-06
  159   2.0000E-06
