   55   3.0000E-06
   56   5.0000E-06
   57   7.0000E-06
   58   1.7000E-05
   59   2.1000E-05
   60   5.0000E-05
   61   4.2000E-05
   62   6.3000E-05
   63   8.3000E-05
   64   8.3000E-05
   65   9.8000E-05
   66   1.0400E-04
   67   1.1000E-04
   68   1.8200E-04
   69   2.0400E-04
   70   3.4400E-04
   71   4.4700E-04
   72   6.7000E-04
   73   9.7500E-04
   74   1.6160E-03
   75   2.3300E-03
   76   3.5320E-03
   77   5.0720E-03
   78   7.5890E-03
   79   1.0756E-02
   80   1.6039E-02
   81   1.9552E-02
   82   2.5144E-02
   83   3.1513E-02
   84   3.9840E-02
   85   4.4633E-02
   86   5.0009E-02
   87   5.3521E-02
   88   5.8165E-02
   89   6.0945E-02
   90   6.1916E-02
   91   6.0872E-02
   92   6.1550E-02
   93   6.3080E-02
   94   6.4527E-02
   95   6.3034E-02
   96   6.3010E-02
   97   6.3327E-02
   98   6.5327E-02
   99   6.4466E-02
  100   6.3870E-02
  101   6.2480E-02
  102   6.3640E-02
  103   6.3908E-02
  104   6.3492E-02
  105   6.1152E-02
  106   6.1404E-02
  107   6.1394E-02
  108   6.1595E-02
  109   5.7499E-02
  110   5.4078E-02
  111   4.9444E-02
  112   4.5300E-02
  113   3.9159E-02
  114   3.1759E-02
  115   2.4889E-02
  116   1.9739E-02
  117   1.5842E-02
  118   1.0818E-02
  119   7.5270E-03
  120   5.0940E-03
  121   3.5100E-03
  122   2.3350E-03
  123   1.6110E-03
  124   9.7500E-04
  125   6.7000E-04
  126   4.4700E-04
  127   3.4400E-04
  128   2.0400E-04
  129   1.8200E-04
  130   1.1000E-04
  131   1.0400E-04
  132   9.8000E-05
  133   8.3000E-05
  134   8.3000E-05
  135   6.3000E-05
  136   4.2000E-05
  137   5.0000E-05
  138   2.1000E-05
  139   1.7000E-05
  140   7.0000E-06
  141   5.0000E-06
  142   3.0000E-06
