   58   2.0000E-06
   60   1.1000E-05
   62   1.5000E-05
   64   1.4000E-05
   66   1.1000E-05
   68   7.0000E-06
   70   1.5000E-05
   72   2.7000E-05
   73   2.0000E-06
   74   1.3400E-04
   75   4.0000E-06
   76   1.2920E-03
   77   2.7000E-05
   78   3.7000E-03
   79   8.2000E-05
   80   1.9987E-02
   81   2.9800E-04
   82   4.1344E-02
   83   7.1900E-04
   84   8.6739E-02
   85   1.0500E-03
   86   1.4981E-01
   87   1.5280E-03
   88   1.2414E-01
   89   1.4920E-03
   90   1.6152E-01
   91   1.1240E-03
   92   8.5211E-02
   93   9.4900E-04
   94   1.0502E-01
   95   9.4200E-04
   96   8.8625E-02
   97   1.1690E-03
   98   1.2242E-01
   99   1.1040E-03
  100   1.2242E-01
  101   1.1690E-03
  102   8.8625E-02
  103   9.4200E-04
  104   1.0502E-01
  105   9.4900E-04
  106   8.5211E-02
  107   1.1240E-03
  108   1.6152E-01
  109   1.4920E-03
  110   1.2414E-01
  111   1.5280E-03
  112   1.4981E-01
  113   1.0500E-03
  114   8.6739E-02
  115   7.1900E-04
  116   4.1344E-02
  117   2.9800E-04
  118   1.9987E-02
  119   8.2000E-05
  120   3.7000E-03
  121   2.7000E-05
  122   1.2920E-03
  123   4.0000E-06
  124   1.3400E-04
  125   2.0000E-06
  126   2.7000E-05
  128   1.5000E-05
  130   7.0000E-06
  132   1.1000E-05
  134   1.4000E-05
  136   1.5000E-05
  138   1.1000E-05
  140   2.0000E-06
