   56   4.0000E-06
   58   4.0000E-06
   59   1.2000E-05
   60   2.2000E-05
   61   2.7000E-05
   62   3.9000E-05
   63   4.7000E-05
   64   5.1000E-05
   65   7.3000E-05
   66   1.1700E-04
   67   1.2000E-04
   68   1.3400E-04
   69   1.8200E-04
   70   3.2600E-04
   71   3.5700E-04
   72   5.4000E-04
   73   7.6200E-04
   74   1.1560E-03
   75   1.5940E-03
   76   2.5040E-03
   77   3.2190E-03
   78   4.6890E-03
   79   6.6910E-03
   80   9.7740E-03
   81   1.2704E-02
   82   1.7852E-02
   83   2.1770E-02
   84   2.8398E-02
   85   3.5315E-02
   86   4.6477E-02
   87   4.6949E-02
   88   5.1546E-02
   89   5.5638E-02
   90   6.3703E-02
   91   6.2453E-02
   92   6.0253E-02
   93   5.9952E-02
   94   6.3287E-02
   95   6.4289E-02
   96   6.3009E-02
   97   6.1103E-02
   98   6.1900E-02
   99   6.5620E-02
  100   6.5708E-02
  101   6.2318E-02
  102   6.0102E-02
  103   6.3047E-02
  104   6.4762E-02
  105   6.3821E-02
  106   6.0944E-02
  107   6.2121E-02
  108   6.4219E-02
  109   6.5373E-02
  110   5.9115E-02
  111   5.4651E-02
  112   5.1190E-02
  113   4.9540E-02
  114   4.0142E-02
  115   3.2471E-02
  116   2.5311E-02
  117   2.1548E-02
  118   1.5805E-02
  119   1.2073E-02
  120   8.8140E-03
  121   6.4930E-03
  122   4.5100E-03
  123   3.1840E-03
  124   2.4480E-03
  125   1.5770E-03
  126   1.1530E-03
  127   7.5800E-04
  128   5.3800E-04
  129   3.6700E-04
  130   3.2600E-04
  131   1.7600E-04
  132   1.3500E-04
  133   1.2400E-04
  134   1.1400E-04
  135   7.0000E-05
  136   5.1000E-05
  137   4.9000E-05
  138   3.6000E-05
  139   3.0000E-05
  140   1.7000E-05
  141   9.0000E-06
  142   4.0000E-06
  144   4.0000E-06
