   58   2.0000E-06
   60   1.1000E-05
   62   1.0000E-05
   64   2.1000E-05
   66   1.7000E-05
   68   1.4000E-05
   70   3.3000E-05
   72   2.0000E-05
   74   5.7000E-05
   76   4.4100E-04
   77   7.0000E-06
   78   1.8410E-03
   79   3.8000E-05
   80   7.8360E-03
   81   1.2900E-04
   82   2.9999E-02
   83   4.0800E-04
   84   4.9948E-02
   85   7.6100E-04
   86   1.3494E-01
   87   1.3900E-03
   88   1.3074E-01
   89   1.7390E-03
   90   1.7052E-01
   91   1.4770E-03
   92   1.4006E-01
   93   1.2410E-03
   94   9.1160E-02
   95   8.7600E-04
   96   9.9225E-02
   97   9.3600E-04
   98   7.5608E-02
   99   9.3000E-04
  100   1.1512E-01
  101   9.3000E-04
  102   7.5608E-02
  103   9.3600E-04
  104   9.9225E-02
  105   8.7600E-04
  106   9.1160E-02
  107   1.2410E-03
  108   1.4006E-01
  109   1.4770E-03
  110   1.7052E-01
  111   1.7390E-03
  112   1.3074E-01
  113   1.3900E-03
  114   1.3494E-01
  115   7.6100E-04
  116   4.9948E-02
  117   4.0800E-04
  118   2.9999E-02
  119   1.2900E-04
  120   7.8360E-03
  121   3.8000E-05
  122   1.8410E-03
  123   7.0000E-06
  124   4.4100E-04
  126   5.7000E-05
  128   2.0000E-05
  130   3.3000E-05
  132   1.4000E-05
  134   1.7000E-05
  136   2.1000E-05
  138   1.0000E-05
  140   1.1000E-05
  142   2.0000E-06
