   56   3.0000E-06
   57   1.0000E-05
   58   1.5000E-05
   59   1.3000E-05
   60   4.1000E-05
   61   4.1000E-05
   62   3.8000E-05
   63   5.4000E-05
   64   9.2000E-05
   65   9.3000E-05
   66   9.0000E-05
   67   1.2800E-04
   68   1.5500E-04
   69   2.1700E-04
   70   3.6500E-04
   71   4.5100E-04
   72   6.4900E-04
   73   1.0610E-03
   74   1.5810E-03
   75   2.2450E-03
   76   3.3100E-03
   77   4.8660E-03
   78   6.7830E-03
   79   9.5120E-03
   80   1.3843E-02
   81   1.7437E-02
   82   2.2256E-02
   83   2.8395E-02
   84   3.5382E-02
   85   3.9958E-02
   86   4.5935E-02
   87   5.0495E-02
   88   5.4656E-02
   89   5.8110E-02
   90   6.1371E-02
   91   6.1693E-02
   92   6.1791E-02
   93   6.2797E-02
   94   6.5503E-02
   95   6.3833E-02
   96   6.3600E-02
   97   6.4427E-02
   98   6.5411E-02
   99   6.3605E-02
  100   6.5129E-02
  101   6.4194E-02
  102   6.3756E-02
  103   6.3936E-02
  104   6.5307E-02
  105   6.2679E-02
  106   6.1894E-02
  107   6.2071E-02
  108   6.1516E-02
  109   5.7900E-02
  110   5.4488E-02
  111   5.0709E-02
  112   4.5979E-02
  113   3.9691E-02
  114   3.4999E-02
  115   2.8351E-02
  116   2.2202E-02
  117   1.7292E-02
  118   1.3757E-02
  119   9.4530E-03
  120   6.7670E-03
  121   4.8550E-03
  122   3.3090E-03
  123   2.2400E-03
  124   1.5810E-03
  125   1.0610E-03
  126   6.4900E-04
  127   4.5100E-04
  128   3.6500E-04
  129   2.1700E-04
  130   1.5500E-04
  131   1.2800E-04
  132   9.0000E-05
  133   9.3000E-05
  134   9.2000E-05
  135   5.4000E-05
  136   3.8000E-05
  137   4.1000E-05
  138   4.1000E-05
  139   1.3000E-05
  140   1.5000E-05
  141   1.0000E-05
  142   3.0000E-06
