   55   2.0000E-06
   56   4.0000E-06
   57   9.0000E-06
   58   2.1000E-05
   59   1.9000E-05
   60   4.4000E-05
   61   3.3000E-05
   62   4.8000E-05
   63   6.4000E-05
   64   1.0000E-04
   65   1.1100E-04
   66   1.5600E-04
   67   2.0400E-04
   68   3.0300E-04
   69   3.9000E-04
   70   5.9800E-04
   71   7.5300E-04
   72   1.0380E-03
   73   1.4300E-03
   74   2.0620E-03
   75   2.7620E-03
   76   3.9330E-03
   77   5.2730E-03
   78   7.2720E-03
   79   9.8760E-03
   80   1.4749E-02
   81   1.7917E-02
   82   2.2801E-02
   83   2.8075E-02
   84   3.8149E-02
   85   4.3832E-02
   86   4.8208E-02
   87   4.9734E-02
   88   5.5129E-02
   89   5.9314E-02
   90   6.1745E-02
   91   5.8233E-02
   92   5.8382E-02
   93   6.2092E-02
   94   6.4600E-02
   95   6.3077E-02
   96   6.2026E-02
   97   6.4100E-02
   98   6.8629E-02
   99   6.8032E-02
  100   6.4869E-02
  101   6.2079E-02
  102   6.3835E-02
  103   6.5152E-02
  104   6.3282E-02
  105   6.0132E-02
  106   5.9660E-02
  107   6.3130E-02
  108   6.2515E-02
  109   5.7351E-02
  110   5.2212E-02
  111   5.1398E-02
  112   4.6615E-02
  113   4.0914E-02
  114   3.1564E-02
  115   2.5846E-02
  116   2.0493E-02
  117   1.6779E-02
  118   1.2223E-02
  119   8.9430E-03
  120   6.7340E-03
  121   5.0600E-03
  122   3.7180E-03
  123   2.6830E-03
  124   2.0150E-03
  125   1.4200E-03
  126   1.0330E-03
  127   7.6100E-04
  128   5.9000E-04
  129   3.9600E-04
  130   2.9300E-04
  131   2.0800E-04
  132   1.5600E-04
  133   1.2900E-04
  134   8.8000E-05
  135   5.4000E-05
  136   4.8000E-05
  137   4.3000E-05
  138   2.6000E-05
  139   2.5000E-05
  140   8.0000E-06
  141   1.3000E-05
  142   2.0000E-06
