   54   7.0000E-06
   56   1.8000E-05
   58   6.9000E-05
   60   1.1400E-04
   61   2.0000E-06
   62   1.3000E-04
   63   2.0000E-06
   64   1.8300E-04
   66   1.2300E-04
   67   2.0000E-06
   68   1.5500E-04
   69   7.0000E-06
   70   1.1900E-04
   71   3.9000E-05
   72   1.4800E-04
   73   1.3300E-04
   74   5.0100E-04
   75   6.6200E-04
   76   1.8140E-03
   77   2.7130E-03
   78   5.5780E-03
   79   7.5380E-03
   80   1.9022E-02
   81   1.9682E-02
   82   2.8095E-02
   83   3.4591E-02
   84   6.4389E-02
   85   5.0973E-02
   86   6.1488E-02
   87   5.9721E-02
   88   7.8301E-02
   89   5.7229E-02
   90   6.7807E-02
   91   5.3320E-02
   92   6.1709E-02
   93   4.9775E-02
   94   7.0591E-02
   95   5.2445E-02
   96   5.6162E-02
   97   5.3313E-02
   98   8.2638E-02
   99   5.3313E-02
  100   5.6162E-02
  101   5.2445E-02
  102   7.0591E-02
  103   4.9775E-02
  104   6.1709E-02
  105   5.3320E-02
  106   6.7807E-02
  107   5.7229E-02
  108   7.8301E-02
  109   5.9721E-02
  110   6.1488E-02
  111   5.0973E-02
  112   6.4389E-02
  113   3.4591E-02
  114   2.8095E-02
  115   1.9682E-02
  116   1.9022E-02
  117   7.5380E-03
  118   5.5780E-03
  119   2.7130E-03
  120   1.8140E-03
  121   6.6200E-04
  122   5.0100E-04
  123   1.3300E-04
  124   1.4800E-04
  125   3.9000E-05
  126   1.1900E-04
  127   7.0000E-06
  128   1.5500E-04
  129   2.0000E-06
  130   1.2300E-04
  132   1.8300E-04
  133   2.0000E-06
  134   1.3000E-04
  135   2.0000E-06
  136   1.1400E-04
  138   6.9000E-05
  140   1.8000E-05
  142   7.0000E-06
