   56   6.0000E-06
   57   6.0000E-06
   58   1.6000E-05
   59   2.1000E-05
   60   5.3000E-05
   61   5.8000E-05
   62   1.0300E-04
   63   8.9000E-05
   64   1.5500E-04
   65   1.2900E-04
   66   1.5600E-04
   67   1.5000E-04
   68   1.6100E-04
   69   1.5600E-04
   70   2.4700E-04
   71   2.2700E-04
   72   3.3100E-04
   73   4.6000E-04
   74   6.6800E-04
   75   8.4900E-04
   76   1.4630E-03
   77   2.0860E-03
   78   3.1310E-03
   79   4.9460E-03
   80   8.0000E-03
   81   1.1099E-02
   82   1.6063E-02
   83   2.1605E-02
   84   2.7063E-02
   85   3.4598E-02
   86   4.4960E-02
   87   4.8850E-02
   88   5.3568E-02
   89   5.9856E-02
   90   6.5595E-02
   91   6.4515E-02
   92   6.4790E-02
   93   6.4710E-02
   94   6.4156E-02
   95   6.2324E-02
   96   6.3837E-02
   97   6.0485E-02
   98   5.8039E-02
   99   5.8814E-02
  100   6.2782E-02
  101   5.8814E-02
  102   5.8039E-02
  103   6.0485E-02
  104   6.3837E-02
  105   6.2324E-02
  106   6.4156E-02
  107   6.4710E-02
  108   6.4790E-02
  109   6.4515E-02
  110   6.5595E-02
  111   5.9856E-02
  112   5.3568E-02
  113   4.8850E-02
  114   4.4960E-02
  115   3.4598E-02
  116   2.7063E-02
  117   2.1605E-02
  118   1.6063E-02
  119   1.1099E-02
  120   8.0000E-03
  121   4.9460E-03
  122   3.1310E-03
  123   2.0860E-03
  124   1.4630E-03
  125   8.4900E-04
  126   6.6800E-04
  127   4.6000E-04
  128   3.3100E-04
  129   2.2700E-04
  130   2.4700E-04
  131   1.5600E-04
  132   1.6100E-04
  133   1.5000E-04
  134   1.5600E-04
  135   1.2900E-04
  136   1.5500E-04
  137   8.9000E-05
  138   1.0300E-04
  139   5.8000E-05
  140   5.3000E-05
  141   2.1000E-05
  142   1.6000E-05
  143   6.0000E-06
  144   6.0000E-06
