   58   2.0000E-06
   60   3.0000E-06
   62   1.8000E-05
   64   3.8000E-05
   66   6.2000E-05
   68   1.0400E-04
   70   9.7000E-05
   72   1.5800E-04
   74   1.0800E-04
   76   1.3900E-04
   78   2.0600E-04
   79   5.0000E-06
   80   4.3300E-04
   81   5.0000E-06
   82   1.7290E-03
   83   3.1000E-05
   84   1.0524E-02
   85   1.6700E-04
   86   2.1306E-02
   87   3.9000E-04
   88   7.0303E-02
   89   8.7200E-04
   90   1.1900E-01
   91   1.5180E-03
   92   1.4631E-01
   93   1.6870E-03
   94   2.1518E-01
   95   1.6630E-03
   96   1.2793E-01
   97   1.4910E-03
   98   1.3205E-01
   99   9.3500E-04
  100   7.6685E-02
  101   7.5500E-04
  102   6.7740E-02
  103   6.5800E-04
  104   6.7740E-02
  105   7.5500E-04
  106   7.6685E-02
  107   9.3500E-04
  108   1.3205E-01
  109   1.4910E-03
  110   1.2793E-01
  111   1.6630E-03
  112   2.1518E-01
  113   1.6870E-03
  114   1.4631E-01
  115   1.5180E-03
  116   1.1900E-01
  117   8.7200E-04
  118   7.0303E-02
  119   3.9000E-04
  120   2.1306E-02
  121   1.6700E-04
  122   1.0524E-02
  123   3.1000E-05
  124   1.7290E-03
  125   5.0000E-06
  126   4.3300E-04
  127   5.0000E-06
  128   2.0600E-04
  130   1.3900E-04
  132   1.0800E-04
  134   1.5800E-04
  136   9.7000E-05
  138   1.0400E-04
  140   6.2000E-05
  142   3.8000E-05
  144   1.8000E-05
  146   3.0000E-06
  148   2.0000E-06
