   62   1.3000E-05
   64   4.4000E-05
   66   8.8000E-05
   67   2.0000E-06
   68   1.9100E-04
   69   2.0000E-06
   70   1.5000E-04
   72   2.3200E-04
   74   1.8800E-04
   75   4.0000E-06
   76   2.1900E-04
   78   3.2200E-04
   79   3.0000E-06
   80   3.3300E-04
   81   2.0000E-06
   82   5.8200E-04
   83   1.0000E-05
   84   3.6560E-03
   85   6.7000E-05
   86   1.1915E-02
   87   2.1700E-04
   88   3.1380E-02
   89   4.7800E-04
   90   9.3696E-02
   91   1.1000E-03
   92   1.1006E-01
   93   1.6880E-03
   94   2.0273E-01
   95   1.8360E-03
   96   1.8061E-01
   97   1.8070E-03
   98   1.3735E-01
   99   1.2880E-03
  100   1.2196E-01
  101   8.3800E-04
  102   5.9579E-02
  103   6.3800E-04
  104   6.9442E-02
  105   6.3800E-04
  106   5.9579E-02
  107   8.3800E-04
  108   1.2196E-01
  109   1.2880E-03
  110   1.3735E-01
  111   1.8070E-03
  112   1.8061E-01
  113   1.8360E-03
  114   2.0273E-01
  115   1.6880E-03
  116   1.1006E-01
  117   1.1000E-03
  118   9.3696E-02
  119   4.7800E-04
  120   3.1380E-02
  121   2.1700E-04
  122   1.1915E-02
  123   6.7000E-05
  124   3.6560E-03
  125   1.0000E-05
  126   5.8200E-04
  127   2.0000E-06
  128   3.3300E-04
  129   3.0000E-06
  130   3.2200E-04
  132   2.1900E-04
  133   4.0000E-06
  134   1.8800E-04
  136   2.3200E-04
  138   1.5000E-04
  139   2.0000E-06
  140   1.9100E-04
  141   2.0000E-06
  142   8.8000E-05
  144   4.4000E-05
  146   1.3000E-05
