   62   1.0000E-05
   64   3.8000E-05
   66   8.2000E-05
   67   2.0000E-06
   68   2.4400E-04
   69   2.0000E-06
   70   2.5800E-04
   71   3.0000E-06
   72   3.5400E-04
   73   4.0000E-06
   74   3.5900E-04
   75   4.0000E-06
   76   3.4200E-04
   77   3.0000E-06
   78   5.1800E-04
   79   6.0000E-06
   80   7.0700E-04
   81   7.0000E-06
   82   6.7600E-04
   83   2.0000E-06
   84   1.2690E-03
   85   1.8000E-05
   86   6.3200E-03
   87   9.9000E-05
   88   1.4140E-02
   89   2.6600E-04
   90   5.4528E-02
   91   6.9400E-04
   92   9.2332E-02
   93   1.2840E-03
   94   1.3942E-01
   95   1.6830E-03
   96   2.1785E-01
   97   1.9540E-03
   98   1.4579E-01
   99   1.6970E-03
  100   1.6111E-01
  101   1.1250E-03
  102   8.9994E-02
  103   7.6800E-04
  104   6.3723E-02
  105   5.9400E-04
  106   6.3723E-02
  107   7.6800E-04
  108   8.9994E-02
  109   1.1250E-03
  110   1.6111E-01
  111   1.6970E-03
  112   1.4579E-01
  113   1.9540E-03
  114   2.1785E-01
  115   1.6830E-03
  116   1.3942E-01
  117   1.2840E-03
  118   9.2332E-02
  119   6.9400E-04
  120   5.4528E-02
  121   2.6600E-04
  122   1.4140E-02
  123   9.9000E-05
  124   6.3200E-03
  125   1.8000E-05
  126   1.2690E-03
  127   2.0000E-06
  128   6.7600E-04
  129   7.0000E-06
  130   7.0700E-04
  131   6.0000E-06
  132   5.1800E-04
  133   3.0000E-06
  134   3.4200E-04
  135   4.0000E-06
  136   3.5900E-04
  137   4.0000E-06
  138   3.5400E-04
  139   3.0000E-06
  140   2.5800E-04
  141   2.0000E-06
  142   2.4400E-04
  143   2.0000E-06
  144   8.2000E-05
  146   3.8000E-05
  148   1.0000E-05
