   57   8.0000E-06
   58   5.0000E-06
   59   1.8000E-05
   60   3.5000E-05
   61   5.2000E-05
   62   6.6000E-05
   63   8.7000E-05
   64   1.0100E-04
   65   1.0400E-04
   66   1.5300E-04
   67   1.6100E-04
   68   1.4300E-04
   69   1.5400E-04
   70   2.3100E-04
   71   2.4200E-04
   72   3.0300E-04
   73   4.1900E-04
   74   6.3000E-04
   75   8.9100E-04
   76   1.3060E-03
   77   1.9240E-03
   78   2.8850E-03
   79   4.1840E-03
   80   6.9040E-03
   81   9.2180E-03
   82   1.4949E-02
   83   1.7589E-02
   84   2.5024E-02
   85   2.8854E-02
   86   4.3148E-02
   87   4.1809E-02
   88   5.4130E-02
   89   5.2643E-02
   90   6.5973E-02
   91   6.0343E-02
   92   6.8928E-02
   93   6.1030E-02
   94   6.7194E-02
   95   6.0848E-02
   96   6.7659E-02
   97   5.9135E-02
   98   6.2577E-02
   99   5.6829E-02
  100   6.4962E-02
  101   5.7247E-02
  102   6.2019E-02
  103   5.7405E-02
  104   6.5814E-02
  105   6.0956E-02
  106   6.6815E-02
  107   6.1260E-02
  108   6.8982E-02
  109   6.0997E-02
  110   6.9716E-02
  111   5.6583E-02
  112   5.9609E-02
  113   4.7164E-02
  114   4.8850E-02
  115   3.6063E-02
  116   3.1553E-02
  117   2.2307E-02
  118   1.9173E-02
  119   1.3349E-02
  120   9.6540E-03
  121   6.4660E-03
  122   4.2720E-03
  123   2.7950E-03
  124   1.9450E-03
  125   1.2850E-03
  126   8.9800E-04
  127   6.2300E-04
  128   4.1900E-04
  129   3.0300E-04
  130   2.4700E-04
  131   2.2600E-04
  132   1.5400E-04
  133   1.4300E-04
  134   1.6400E-04
  135   1.5000E-04
  136   1.0800E-04
  137   9.7000E-05
  138   9.1000E-05
  139   6.2000E-05
  140   5.2000E-05
  141   3.5000E-05
  142   1.8000E-05
  143   5.0000E-06
  144   8.0000E-06
