   59   2.0000E-06
   61   2.0000E-06
   62   1.0000E-05
   63   1.9000E-05
   64   1.7000E-05
   65   1.9000E-05
   66   4.1000E-05
   67   7.6000E-05
   68   9.4000E-05
   69   6.7000E-05
   70   7.2000E-05
   71   6.6000E-05
   72   1.1300E-04
   73   1.0400E-04
   74   7.2000E-05
   75   6.3000E-05
   76   9.6000E-05
   77   1.2900E-04
   78   1.2000E-04
   79   1.2800E-04
   80   1.8300E-04
   81   2.3800E-04
   82   4.5400E-04
   83   1.1790E-03
   84   3.1870E-03
   85   5.9570E-03
   86   8.0950E-03
   87   1.1342E-02
   88   2.3225E-02
   89   4.3863E-02
   90   5.7650E-02
   91   5.6113E-02
   92   5.9702E-02
   93   8.8846E-02
   94   1.1558E-01
   95   1.0510E-01
   96   7.3186E-02
   97   6.1360E-02
   98   7.0230E-02
   99   6.8376E-02
  100   4.8482E-02
  101   3.0774E-02
  102   2.9498E-02
  103   3.6048E-02
  104   3.6048E-02
  105   2.9498E-02
  106   3.0774E-02
  107   4.8482E-02
  108   6.8376E-02
  109   7.0230E-02
  110   6.1360E-02
  111   7.3186E-02
  112   1.0510E-01
  113   1.1558E-01
  114   8.8846E-02
  115   5.9702E-02
  116   5.6113E-02
  117   5.7650E-02
  118   4.3863E-02
  119   2.3225E-02
  120   1.1342E-02
  121   8.0950E-03
  122   5.9570E-03
  123   3.1870E-03
  124   1.1790E-03
  125   4.5400E-04
  126   2.3800E-04
  127   1.8300E-04
  128   1.2800E-04
  129   1.2000E-04
  130   1.2900E-04
  131   9.6000E-05
  132   6.3000E-05
  133   7.2000E-05
  134   1.0400E-04
  135   1.1300E-04
  136   6.6000E-05
  137   7.2000E-05
  138   6.7000E-05
  139   9.4000E-05
  140   7.6000E-05
  141   4.1000E-05
  142   1.9000E-05
  143   1.7000E-05
  144   1.9000E-05
  145   1.0000E-05
  146   2.0000E-06
  148   2.0000E-06
