   58   2.0000E-06
   59   5.0000E-06
   60   2.2000E-05
   61   1.1000E-05
   62   3.5000E-05
   63   2.7000E-05
   64   5.2000E-05
   65   6.4000E-05
   66   9.1000E-05
   67   1.0300E-04
   68   1.4900E-04
   69   1.6200E-04
   70   2.2400E-04
   71   3.0500E-04
   72   4.2900E-04
   73   5.3100E-04
   74   7.9500E-04
   75   1.1640E-03
   76   1.6120E-03
   77   2.1300E-03
   78   3.2280E-03
   79   4.2000E-03
   80   5.6360E-03
   81   7.6870E-03
   82   1.0680E-02
   83   1.3581E-02
   84   1.6883E-02
   85   2.1352E-02
   86   2.6539E-02
   87   3.1299E-02
   88   3.7300E-02
   89   4.2209E-02
   90   4.7066E-02
   91   5.2183E-02
   92   5.6777E-02
   93   5.9664E-02
   94   6.2194E-02
   95   6.3754E-02
   96   6.5633E-02
   97   6.7268E-02
   98   6.6971E-02
   99   6.6610E-02
  100   6.6309E-02
  101   6.5262E-02
  102   6.5418E-02
  103   6.5069E-02
  104   6.6283E-02
  105   6.6816E-02
  106   6.7375E-02
  107   6.7316E-02
  108   6.5465E-02
  109   6.3955E-02
  110   6.2682E-02
  111   5.9929E-02
  112   5.6345E-02
  113   5.1774E-02
  114   4.6839E-02
  115   4.2117E-02
  116   3.6754E-02
  117   3.0900E-02
  118   2.6077E-02
  119   2.1273E-02
  120   1.6715E-02
  121   1.3448E-02
  122   1.0564E-02
  123   7.6680E-03
  124   5.6180E-03
  125   4.2030E-03
  126   3.2120E-03
  127   2.1370E-03
  128   1.6130E-03
  129   1.1610E-03
  130   7.9100E-04
  131   5.4100E-04
  132   4.3200E-04
  133   3.0300E-04
  134   2.1700E-04
  135   1.6200E-04
  136   1.4600E-04
  137   1.1800E-04
  138   8.0000E-05
  139   5.2000E-05
  140   5.7000E-05
  141   2.6000E-05
  142   3.3000E-05
  143   1.3000E-05
  144   1.8000E-05
  145   5.0000E-06
  146   2.0000E-06
