   62   4.0000E-06
   64   4.3000E-05
   66   8.4000E-05
   67   2.0000E-06
   68   2.2500E-04
   70   2.4200E-04
   72   3.2000E-04
   74   4.1300E-04
   76   3.3000E-04
   77   2.0000E-06
   78   5.1300E-04
   79   6.0000E-06
   80   6.8700E-04
   81   3.0000E-06
   82   6.5500E-04
   83   7.0000E-06
   84   1.3850E-03
   85   2.2000E-05
   86   6.2850E-03
   87   1.0500E-04
   88   1.4348E-02
   89   2.5100E-04
   90   5.4920E-02
   91   6.7600E-04
   92   9.2838E-02
   93   1.3920E-03
   94   1.3905E-01
   95   1.7490E-03
   96   2.1710E-01
   97   1.8470E-03
   98   1.4493E-01
   99   1.7630E-03
  100   1.6108E-01
  101   1.1310E-03
  102   9.0535E-02
  103   8.2500E-04
  104   6.3919E-02
  105   5.7800E-04
  106   6.3919E-02
  107   8.2500E-04
  108   9.0535E-02
  109   1.1310E-03
  110   1.6108E-01
  111   1.7630E-03
  112   1.4493E-01
  113   1.8470E-03
  114   2.1710E-01
  115   1.7490E-03
  116   1.3905E-01
  117   1.3920E-03
  118   9.2838E-02
  119   6.7600E-04
  120   5.4920E-02
  121   2.5100E-04
  122   1.4348E-02
  123   1.0500E-04
  124   6.2850E-03
  125   2.2000E-05
  126   1.3850E-03
  127   7.0000E-06
  128   6.5500E-04
  129   3.0000E-06
  130   6.8700E-04
  131   6.0000E-06
  132   5.1300E-04
  133   2.0000E-06
  134   3.3000E-04
  136   4.1300E-04
  138   3.2000E-04
  140   2.4200E-04
  142   2.2500E-04
  143   2.0000E-06
  144   8.4000E-05
  146   4.3000E-05
  148   4.0000E-06
