   60   2.0000E-06
   61   1.6000E-05
   62   1.5000E-05
   63   1.7000E-05
   64   1.2000E-05
   65   2.8000E-05
   66   2.9000E-05
   67   1.9000E-05
   68   2.2000E-05
   69   1.9000E-05
   70   2.1000E-05
   71   2.8000E-05
   72   2.7000E-05
   73   1.3000E-05
   74   3.0000E-05
   75   4.0000E-05
   76   4.3000E-05
   77   8.9000E-05
   78   2.4300E-04
   79   4.4800E-04
   80   7.6500E-04
   81   1.7370E-03
   82   4.8110E-03
   83   9.7790E-03
   84   1.3125E-02
   85   1.6168E-02
   86   2.8719E-02
   87   5.3854E-02
   88   7.1606E-02
   89   6.7026E-02
   90   6.2026E-02
   91   8.3810E-02
   92   1.0771E-01
   93   9.7153E-02
   94   6.3238E-02
   95   4.9603E-02
   96   5.7014E-02
   97   5.7761E-02
   98   4.3254E-02
   99   3.0579E-02
  100   3.4186E-02
  101   4.4911E-02
  102   4.4911E-02
  103   3.4186E-02
  104   3.0579E-02
  105   4.3254E-02
  106   5.7761E-02
  107   5.7014E-02
  108   4.9603E-02
  109   6.3238E-02
  110   9.7153E-02
  111   1.0771E-01
  112   8.3810E-02
  113   6.2026E-02
  114   6.7026E-02
  115   7.1606E-02
  116   5.3854E-02
  117   2.8719E-02
  118   1.6168E-02
  119   1.3125E-02
  120   9.7790E-03
  121   4.8110E-03
  122   1.7370E-03
  123   7.6500E-04
  124   4.4800E-04
  125   2.4300E-04
  126   8.9000E-05
  127   4.3000E-05
  128   4.0000E-05
  129   3.0000E-05
  130   1.3000E-05
  131   2.7000E-05
  132   2.8000E-05
  133   2.1000E-05
  134   1.9000E-05
  135   2.2000E-05
  136   1.9000E-05
  137   2.9000E-05
  138   2.8000E-05
  139   1.2000E-05
  140   1.7000E-05
  141   1.5000E-05
  142   1.6000E-05
  143   2.0000E-06
