   59   3.0000E-06
   60   3.0000E-06
   61   4.0000E-06
   62   5.0000E-06
   63   9.0000E-06
   64   1.0000E-05
   65   1.6000E-05
   66   1.6000E-05
   67   1.7000E-05
   68   1.5000E-05
   69   1.6000E-05
   70   1.6000E-05
   71   1.8000E-05
   72   6.0000E-06
   73   1.6000E-05
   74   1.7000E-05
   75   3.5000E-05
   76   9.4000E-05
   77   3.0100E-04
   78   5.6100E-04
   79   9.7300E-04
   80   2.0240E-03
   81   5.5290E-03
   82   1.1316E-02
   83   1.6128E-02
   84   1.8517E-02
   85   3.0348E-02
   86   5.7115E-02
   87   7.7063E-02
   88   7.0976E-02
   89   6.1171E-02
   90   7.8964E-02
   91   1.0048E-01
   92   8.9597E-02
   93   5.7978E-02
   94   4.4243E-02
   95   5.2587E-02
   96   5.5639E-02
   97   4.3644E-02
   98   3.2531E-02
   99   3.8735E-02
  100   5.3252E-02
  101   5.3252E-02
  102   3.8735E-02
  103   3.2531E-02
  104   4.3644E-02
  105   5.5639E-02
  106   5.2587E-02
  107   4.4243E-02
  108   5.7978E-02
  109   8.9597E-02
  110   1.0048E-01
  111   7.8964E-02
  112   6.1171E-02
  113   7.0976E-02
  114   7.7063E-02
  115   5.7115E-02
  116   3.0348E-02
  117   1.8517E-02
  118   1.6128E-02
  119   1.1316E-02
  120   5.5290E-03
  121   2.0240E-03
  122   9.7300E-04
  123   5.6100E-04
  124   3.0100E-04
  125   9.4000E-05
  126   3.5000E-05
  127   1.7000E-05
  128   1.6000E-05
  129   6.0000E-06
  130   1.8000E-05
  131   1.6000E-05
  132   1.6000E-05
  133   1.5000E-05
  134   1.7000E-05
  135   1.6000E-05
  136   1.6000E-05
  137   1.0000E-05
  138   9.0000E-06
  139   5.0000E-06
  140   4.0000E-06
  141   3.0000E-06
  142   3.0000E-06
