   60   3.0000E-06
   62   6.0000E-06
   63   1.3000E-05
   64   2.0000E-05
   65   2.5000E-05
   66   4.3000E-05
   67   6.4000E-05
   68   1.0200E-04
   69   1.2400E-04
   70   1.0200E-04
   71   1.0900E-04
   72   1.7000E-04
   73   1.6800E-04
   74   1.6100E-04
   75   1.1200E-04
   76   1.1700E-04
   77   1.7700E-04
   78   2.2700E-04
   79   2.7300E-04
   80   2.3900E-04
   81   2.1400E-04
   82   3.0200E-04
   83   3.9000E-04
   84   9.8400E-04
   85   2.5030E-03
   86   4.6610E-03
   87   6.2720E-03
   88   9.7070E-03
   89   2.0670E-02
   90   3.8606E-02
   91   5.0280E-02
   92   4.9487E-02
   93   5.7362E-02
   94   8.6742E-02
   95   1.1474E-01
   96   1.0547E-01
   97   7.6853E-02
   98   6.7515E-02
   99   7.8244E-02
  100   7.6614E-02
  101   5.2960E-02
  102   3.3017E-02
  103   2.9364E-02
  104   3.4771E-02
  105   3.4771E-02
  106   2.9364E-02
  107   3.3017E-02
  108   5.2960E-02
  109   7.6614E-02
  110   7.8244E-02
  111   6.7515E-02
  112   7.6853E-02
  113   1.0547E-01
  114   1.1474E-01
  115   8.6742E-02
  116   5.7362E-02
  117   4.9487E-02
  118   5.0280E-02
  119   3.8606E-02
  120   2.0670E-02
  121   9.7070E-03
  122   6.2720E-03
  123   4.6610E-03
  124   2.5030E-03
  125   9.8400E-04
  126   3.9000E-04
  127   3.0200E-04
  128   2.1400E-04
  129   2.3900E-04
  130   2.7300E-04
  131   2.2700E-04
  132   1.7700E-04
  133   1.1700E-04
  134   1.1200E-04
  135   1.6100E-04
  136   1.6800E-04
  137   1.7000E-04
  138   1.0900E-04
  139   1.0200E-04
  140   1.2400E-04
  141   1.0200E-04
  142   6.4000E-05
  143   4.3000E-05
  144   2.5000E-05
  145   2.0000E-05
  146   1.3000E-05
  147   6.0000E-06
  149   3.0000E-06
