   61   2.0000E-06
   62   1.0000E-05
   63   2.0000E-05
   64   2.0000E-05
   65   2.3000E-05
   66   4.7000E-05
   67   5.9000E-05
   68   8.0000E-05
   69   6.8000E-05
   70   5.6000E-05
   71   9.7000E-05
   72   9.6000E-05
   73   1.2000E-04
   74   7.0000E-05
   75   6.8000E-05
   76   6.6000E-05
   77   8.9000E-05
   78   1.3000E-04
   79   1.2900E-04
   80   1.6300E-04
   81   2.7900E-04
   82   4.2800E-04
   83   1.1590E-03
   84   3.1070E-03
   85   6.0220E-03
   86   7.8300E-03
   87   1.1528E-02
   88   2.3640E-02
   89   4.3891E-02
   90   5.8191E-02
   91   5.5981E-02
   92   5.9835E-02
   93   8.8646E-02
   94   1.1557E-01
   95   1.0515E-01
   96   7.3486E-02
   97   6.1323E-02
   98   7.0201E-02
   99   6.8559E-02
  100   4.8177E-02
  101   3.0536E-02
  102   2.9031E-02
  103   3.6006E-02
  104   3.6006E-02
  105   2.9031E-02
  106   3.0536E-02
  107   4.8177E-02
  108   6.8559E-02
  109   7.0201E-02
  110   6.1323E-02
  111   7.3486E-02
  112   1.0515E-01
  113   1.1557E-01
  114   8.8646E-02
  115   5.9835E-02
  116   5.5981E-02
  117   5.8191E-02
  118   4.3891E-02
  119   2.3640E-02
  120   1.1528E-02
  121   7.8300E-03
  122   6.0220E-03
  123   3.1070E-03
  124   1.1590E-03
  125   4.2800E-04
  126   2.7900E-04
  127   1.6300E-04
  128   1.2900E-04
  129   1.3000E-04
  130   8.9000E-05
  131   6.6000E-05
  132   6.8000E-05
  133   7.0000E-05
  134   1.2000E-04
  135   9.6000E-05
  136   9.7000E-05
  137   5.6000E-05
  138   6.8000E-05
  139   8.0000E-05
  140   5.9000E-05
  141   4.7000E-05
  142   2.3000E-05
  143   2.0000E-05
  144   2.0000E-05
  145   1.0000E-05
  146   2.0000E-06
