   60   1.1000E-05
   62   2.1000E-05
   64   2.8000E-05
   66   6.6000E-05
   68   4.2000E-05
   70   7.7000E-05
   72   8.1000E-05
   74   5.6000E-05
   76   9.3000E-05
   78   3.3000E-04
   79   6.0000E-06
   80   9.9500E-04
   81   2.7000E-05
   82   6.0630E-03
   83   1.0800E-04
   84   2.0547E-02
   85   3.8500E-04
   86   4.1946E-02
   87   6.1400E-04
   88   1.1937E-01
   89   1.3480E-03
   90   1.2501E-01
   91   1.7530E-03
   92   1.9407E-01
   93   1.6170E-03
   94   1.6361E-01
   95   1.4640E-03
   96   1.1059E-01
   97   1.0060E-03
   98   1.0374E-01
   99   8.0600E-04
  100   6.1343E-02
  101   7.1000E-04
  102   8.4144E-02
  103   7.1000E-04
  104   6.1343E-02
  105   8.0600E-04
  106   1.0374E-01
  107   1.0060E-03
  108   1.1059E-01
  109   1.4640E-03
  110   1.6361E-01
  111   1.6170E-03
  112   1.9407E-01
  113   1.7530E-03
  114   1.2501E-01
  115   1.3480E-03
  116   1.1937E-01
  117   6.1400E-04
  118   4.1946E-02
  119   3.8500E-04
  120   2.0547E-02
  121   1.0800E-04
  122   6.0630E-03
  123   2.7000E-05
  124   9.9500E-04
  125   6.0000E-06
  126   3.3000E-04
  128   9.3000E-05
  130   5.6000E-05
  132   8.1000E-05
  134   7.7000E-05
  136   4.2000E-05
  138   6.6000E-05
  140   2.8000E-05
  142   2.1000E-05
  144   1.1000E-05
