   62   2.0000E-06
   63   1.4000E-05
   64   1.8000E-05
   65   4.5000E-05
   66   4.7000E-05
   67   7.2000E-05
   68   1.3400E-04
   69   1.8000E-04
   70   1.8400E-04
   71   1.5000E-04
   72   1.6600E-04
   73   2.4000E-04
   74   2.7100E-04
   75   2.2300E-04
   76   1.7600E-04
   77   1.7500E-04
   78   2.7900E-04
   79   4.4400E-04
   80   5.4100E-04
   81   4.6300E-04
   82   4.0300E-04
   83   5.2600E-04
   84   4.8600E-04
   85   9.2800E-04
   86   2.1050E-03
   87   3.6530E-03
   88   4.9040E-03
   89   8.2380E-03
   90   1.7816E-02
   91   3.3312E-02
   92   4.3461E-02
   93   4.3802E-02
   94   5.3518E-02
   95   8.4862E-02
   96   1.1128E-01
   97   1.0489E-01
   98   7.8909E-02
   99   7.2711E-02
  100   8.5114E-02
  101   8.4221E-02
  102   5.9694E-02
  103   3.6288E-02
  104   3.0159E-02
  105   3.4875E-02
  106   3.4875E-02
  107   3.0159E-02
  108   3.6288E-02
  109   5.9694E-02
  110   8.4221E-02
  111   8.5114E-02
  112   7.2711E-02
  113   7.8909E-02
  114   1.0489E-01
  115   1.1128E-01
  116   8.4862E-02
  117   5.3518E-02
  118   4.3802E-02
  119   4.3461E-02
  120   3.3312E-02
  121   1.7816E-02
  122   8.2380E-03
  123   4.9040E-03
  124   3.6530E-03
  125   2.1050E-03
  126   9.2800E-04
  127   4.8600E-04
  128   5.2600E-04
  129   4.0300E-04
  130   4.6300E-04
  131   5.4100E-04
  132   4.4400E-04
  133   2.7900E-04
  134   1.7500E-04
  135   1.7600E-04
  136   2.2300E-04
  137   2.7100E-04
  138   2.4000E-04
  139   1.6600E-04
  140   1.5000E-04
  141   1.8400E-04
  142   1.8000E-04
  143   1.3400E-04
  144   7.2000E-05
  145   4.7000E-05
  146   4.5000E-05
  147   1.8000E-05
  148   1.4000E-05
  149   2.0000E-06
