   66   4.0000E-06
   68   1.6000E-05
   70   5.4000E-05
   72   1.5000E-04
   74   1.9200E-04
   76   3.8100E-04
   77   2.0000E-06
   78   4.4800E-04
   79   2.0000E-06
   80   4.6200E-04
   81   1.1000E-05
   82   1.3830E-03
   83   1.6000E-05
   84   2.3010E-03
   85   3.4000E-05
   86   3.9960E-03
   87   1.8000E-05
   88   2.6740E-03
   89   1.4000E-05
   90   2.4150E-03
   91   3.8000E-05
   92   6.0300E-03
   93   1.2400E-04
   94   2.7341E-02
   95   3.8400E-04
   96   4.8356E-02
   97   8.3800E-04
   98   1.0696E-01
   99   1.2880E-03
  100   1.8497E-01
  101   2.0060E-03
  102   1.6146E-01
  103   2.0610E-03
  104   2.1737E-01
  105   1.5760E-03
  106   1.3804E-01
  107   1.1950E-03
  108   8.4938E-02
  109   8.5800E-04
  110   8.4938E-02
  111   1.1950E-03
  112   1.3804E-01
  113   1.5760E-03
  114   2.1737E-01
  115   2.0610E-03
  116   1.6146E-01
  117   2.0060E-03
  118   1.8497E-01
  119   1.2880E-03
  120   1.0696E-01
  121   8.3800E-04
  122   4.8356E-02
  123   3.8400E-04
  124   2.7341E-02
  125   1.2400E-04
  126   6.0300E-03
  127   3.8000E-05
  128   2.4150E-03
  129   1.4000E-05
  130   2.6740E-03
  131   1.8000E-05
  132   3.9960E-03
  133   3.4000E-05
  134   2.3010E-03
  135   1.6000E-05
  136   1.3830E-03
  137   1.1000E-05
  138   4.6200E-04
  139   2.0000E-06
  140   4.4800E-04
  141   2.0000E-06
  142   3.8100E-04
  144   1.9200E-04
  146   1.5000E-04
  148   5.4000E-05
  150   1.6000E-05
  152   4.0000E-06
