   63   4.0000E-06
   64   5.0000E-06
   65   1.7000E-05
   66   2.2000E-05
   67   4.0000E-05
   68   6.5000E-05
   69   1.1800E-04
   70   1.4700E-04
   71   1.7300E-04
   72   1.4600E-04
   73   1.8300E-04
   74   2.2500E-04
   75   2.4300E-04
   76   2.3900E-04
   77   2.1200E-04
   78   2.0200E-04
   79   3.3200E-04
   80   5.1700E-04
   81   6.4800E-04
   82   5.4300E-04
   83   6.4600E-04
   84   7.5000E-04
   85   6.0800E-04
   86   8.1000E-04
   87   1.6520E-03
   88   2.8040E-03
   89   3.7220E-03
   90   6.8540E-03
   91   1.5690E-02
   92   2.8523E-02
   93   3.7298E-02
   94   3.8971E-02
   95   5.0761E-02
   96   8.2429E-02
   97   1.1015E-01
   98   1.0461E-01
   99   8.1483E-02
  100   7.7555E-02
  101   9.3200E-02
  102   9.1797E-02
  103   6.5463E-02
  104   3.8407E-02
  105   2.9643E-02
  106   3.2072E-02
  107   3.2072E-02
  108   2.9643E-02
  109   3.8407E-02
  110   6.5463E-02
  111   9.1797E-02
  112   9.3200E-02
  113   7.7555E-02
  114   8.1483E-02
  115   1.0461E-01
  116   1.1015E-01
  117   8.2429E-02
  118   5.0761E-02
  119   3.8971E-02
  120   3.7298E-02
  121   2.8523E-02
  122   1.5690E-02
  123   6.8540E-03
  124   3.7220E-03
  125   2.8040E-03
  126   1.6520E-03
  127   8.1000E-04
  128   6.0800E-04
  129   7.5000E-04
  130   6.4600E-04
  131   5.4300E-04
  132   6.4800E-04
  133   5.1700E-04
  134   3.3200E-04
  135   2.0200E-04
  136   2.1200E-04
  137   2.3900E-04
  138   2.4300E-04
  139   2.2500E-04
  140   1.8300E-04
  141   1.4600E-04
  142   1.7300E-04
  143   1.4700E-04
  144   1.1800E-04
  145   6.5000E-05
  146   4.0000E-05
  147   2.2000E-05
  148   1.7000E-05
  149   5.0000E-06
  150   4.0000E-06
