   62   4.0000E-06
   63   2.0000E-06
   64   8.0000E-06
   65   2.7000E-05
   66   7.0000E-05
   67   1.1300E-04
   68   3.0000E-04
   69   4.9800E-04
   70   9.3300E-04
   71   1.4300E-03
   72   2.9720E-03
   73   3.2050E-03
   74   4.4250E-03
   75   5.4970E-03
   76   6.6900E-03
   77   7.1420E-03
   78   1.0523E-02
   79   8.4580E-03
   80   8.5800E-03
   81   8.9120E-03
   82   1.1162E-02
   83   9.0150E-03
   84   1.1197E-02
   85   1.4404E-02
   86   2.0623E-02
   87   2.7933E-02
   88   3.8619E-02
   89   3.5191E-02
   90   3.4404E-02
   91   2.4290E-02
   92   1.8836E-02
   93   1.3693E-02
   94   1.5020E-02
   95   1.4272E-02
   96   1.6298E-02
   97   2.0447E-02
   98   2.5314E-02
   99   2.7520E-02
  100   3.5979E-02
  101   3.7503E-02
  102   3.9696E-02
  103   4.5628E-02
  104   5.6243E-02
  105   5.3520E-02
  106   6.0218E-02
  107   6.1480E-02
  108   6.1333E-02
  109   6.3195E-02
  110   7.4330E-02
  111   6.3195E-02
  112   6.1333E-02
  113   6.1480E-02
  114   6.0218E-02
  115   5.3520E-02
  116   5.6243E-02
  117   4.5628E-02
  118   3.9696E-02
  119   3.7503E-02
  120   3.5979E-02
  121   2.7520E-02
  122   2.5314E-02
  123   2.0447E-02
  124   1.6298E-02
  125   1.4272E-02
  126   1.5020E-02
  127   1.3693E-02
  128   1.8836E-02
  129   2.4290E-02
  130   3.4404E-02
  131   3.5191E-02
  132   3.8619E-02
  133   2.7933E-02
  134   2.0623E-02
  135   1.4404E-02
  136   1.1197E-02
  137   9.0150E-03
  138   1.1162E-02
  139   8.9120E-03
  140   8.5800E-03
  141   8.4580E-03
  142   1.0523E-02
  143   7.1420E-03
  144   6.6900E-03
  145   5.4970E-03
  146   4.4250E-03
  147   3.2050E-03
  148   2.9720E-03
  149   1.4300E-03
  150   9.3300E-04
  151   4.9800E-04
  152   3.0000E-04
  153   1.1300E-04
  154   7.0000E-05
  155   2.7000E-05
  156   8.0000E-06
  157   2.0000E-06
  158   4.0000E-06
