   62   3.0000E-06
   63   6.0000E-06
   64   1.3000E-05
   65   2.6000E-05
   66   4.3000E-05
   67   7.5000E-05
   68   1.4300E-04
   69   2.0100E-04
   70   2.7800E-04
   71   4.5600E-04
   72   6.9500E-04
   73   7.9200E-04
   74   1.0750E-03
   75   1.3470E-03
   76   1.6230E-03
   77   1.8760E-03
   78   2.4110E-03
   79   2.5610E-03
   80   2.8590E-03
   81   3.1630E-03
   82   3.9320E-03
   83   4.2720E-03
   84   5.0980E-03
   85   6.2420E-03
   86   7.4310E-03
   87   9.4640E-03
   88   1.1836E-02
   89   1.3152E-02
   90   1.5180E-02
   91   1.6677E-02
   92   1.8152E-02
   93   2.0539E-02
   94   2.3325E-02
   95   2.5659E-02
   96   2.8989E-02
   97   3.3626E-02
   98   3.7351E-02
   99   4.2166E-02
  100   4.6247E-02
  101   5.0171E-02
  102   5.4070E-02
  103   5.8065E-02
  104   6.2648E-02
  105   6.5521E-02
  106   6.8036E-02
  107   7.0478E-02
  108   7.1789E-02
  109   7.2985E-02
  110   7.4472E-02
  111   7.2985E-02
  112   7.1789E-02
  113   7.0478E-02
  114   6.8036E-02
  115   6.5521E-02
  116   6.2648E-02
  117   5.8065E-02
  118   5.4070E-02
  119   5.0171E-02
  120   4.6247E-02
  121   4.2166E-02
  122   3.7351E-02
  123   3.3626E-02
  124   2.8989E-02
  125   2.5659E-02
  126   2.3325E-02
  127   2.0539E-02
  128   1.8152E-02
  129   1.6677E-02
  130   1.5180E-02
  131   1.3152E-02
  132   1.1836E-02
  133   9.4640E-03
  134   7.4310E-03
  135   6.2420E-03
  136   5.0980E-03
  137   4.2720E-03
  138   3.9320E-03
  139   3.1630E-03
  140   2.8590E-03
  141   2.5610E-03
  142   2.4110E-03
  143   1.8760E-03
  144   1.6230E-03
  145   1.3470E-03
  146   1.0750E-03
  147   7.9200E-04
  148   6.9500E-04
  149   4.5600E-04
  150   2.7800E-04
  151   2.0100E-04
  152   1.4300E-04
  153   7.5000E-05
  154   4.3000E-05
  155   2.6000E-05
  156   1.3000E-05
  157   6.0000E-06
  158   3.0000E-06
