   62   2.0000E-06
   64   2.5000E-05
   66   5.4000E-05
   68   1.8300E-04
   69   2.0000E-06
   70   3.3300E-04
   71   2.0000E-06
   72   3.3000E-04
   73   3.0000E-06
   74   5.3200E-04
   75   6.0000E-06
   76   4.0700E-04
   77   4.0000E-06
   78   5.2000E-04
   79   5.0000E-06
   80   1.0450E-03
   81   1.6000E-05
   82   1.0090E-03
   83   7.0000E-06
   84   1.0780E-03
   85   1.1000E-05
   86   2.7090E-03
   87   4.4000E-05
   88   7.3950E-03
   89   1.5700E-04
   90   2.4197E-02
   91   3.8000E-04
   92   7.0984E-02
   93   9.5600E-04
   94   9.2028E-02
   95   1.4050E-03
   96   1.9462E-01
   97   1.8330E-03
   98   1.8374E-01
   99   2.1090E-03
  100   1.6177E-01
  101   1.5330E-03
  102   1.4805E-01
  103   1.0260E-03
  104   6.5875E-02
  105   6.7800E-04
  106   6.5808E-02
  107   6.7800E-04
  108   6.5875E-02
  109   1.0260E-03
  110   1.4805E-01
  111   1.5330E-03
  112   1.6177E-01
  113   2.1090E-03
  114   1.8374E-01
  115   1.8330E-03
  116   1.9462E-01
  117   1.4050E-03
  118   9.2028E-02
  119   9.5600E-04
  120   7.0984E-02
  121   3.8000E-04
  122   2.4197E-02
  123   1.5700E-04
  124   7.3950E-03
  125   4.4000E-05
  126   2.7090E-03
  127   1.1000E-05
  128   1.0780E-03
  129   7.0000E-06
  130   1.0090E-03
  131   1.6000E-05
  132   1.0450E-03
  133   5.0000E-06
  134   5.2000E-04
  135   4.0000E-06
  136   4.0700E-04
  137   6.0000E-06
  138   5.3200E-04
  139   3.0000E-06
  140   3.3000E-04
  141   2.0000E-06
  142   3.3300E-04
  143   2.0000E-06
  144   1.8300E-04
  146   5.4000E-05
  148   2.5000E-05
  150   2.0000E-06
