   67   2.0000E-06
   68   5.0000E-06
   69   6.0000E-06
   70   2.0000E-05
   71   5.2000E-05
   72   7.0000E-05
   73   8.7000E-05
   74   1.0300E-04
   75   1.6100E-04
   76   1.8500E-04
   77   1.9800E-04
   78   2.6500E-04
   79   2.1800E-04
   80   1.6300E-04
   81   3.1200E-04
   82   5.1700E-04
   83   8.7000E-04
   84   1.1540E-03
   85   1.3930E-03
   86   2.2070E-03
   87   2.6030E-03
   88   1.9660E-03
   89   1.4220E-03
   90   1.2870E-03
   91   1.3690E-03
   92   1.6880E-03
   93   3.7540E-03
   94   8.8680E-03
   95   1.5761E-02
   96   2.0430E-02
   97   2.4273E-02
   98   3.7791E-02
   99   6.5239E-02
  100   8.9448E-02
  101   8.9987E-02
  102   7.7746E-02
  103   8.4785E-02
  104   1.0940E-01
  105   1.1546E-01
  106   8.8983E-02
  107   5.7002E-02
  108   4.3451E-02
  109   4.9276E-02
  110   4.9276E-02
  111   4.3451E-02
  112   5.7002E-02
  113   8.8983E-02
  114   1.1546E-01
  115   1.0940E-01
  116   8.4785E-02
  117   7.7746E-02
  118   8.9987E-02
  119   8.9448E-02
  120   6.5239E-02
  121   3.7791E-02
  122   2.4273E-02
  123   2.0430E-02
  124   1.5761E-02
  125   8.8680E-03
  126   3.7540E-03
  127   1.6880E-03
  128   1.3690E-03
  129   1.2870E-03
  130   1.4220E-03
  131   1.9660E-03
  132   2.6030E-03
  133   2.2070E-03
  134   1.3930E-03
  135   1.1540E-03
  136   8.7000E-04
  137   5.1700E-04
  138   3.1200E-04
  139   1.6300E-04
  140   2.1800E-04
  141   2.6500E-04
  142   1.9800E-04
  143   1.8500E-04
  144   1.6100E-04
  145   1.0300E-04
  146   8.7000E-05
  147   7.0000E-05
  148   5.2000E-05
  149   2.0000E-05
  150   6.0000E-06
  151   5.0000E-06
  152   2.0000E-06
