   63   2.0000E-06
   64   8.0000E-06
   65   1.8000E-05
   66   3.0000E-05
   67   3.3000E-05
   68   5.3000E-05
   69   1.3000E-04
   70   1.4600E-04
   71   1.3100E-04
   72   1.4800E-04
   73   1.7400E-04
   74   2.7100E-04
   75   2.6000E-04
   76   2.3500E-04
   77   1.9100E-04
   78   2.0200E-04
   79   2.9400E-04
   80   5.3200E-04
   81   6.6700E-04
   82   5.5100E-04
   83   7.2100E-04
   84   7.2300E-04
   85   6.6900E-04
   86   8.3900E-04
   87   1.7020E-03
   88   2.6480E-03
   89   3.8740E-03
   90   6.7990E-03
   91   1.5641E-02
   92   2.8772E-02
   93   3.6965E-02
   94   3.9084E-02
   95   5.0404E-02
   96   8.2163E-02
   97   1.1012E-01
   98   1.0532E-01
   99   8.1187E-02
  100   7.7484E-02
  101   9.2958E-02
  102   9.1483E-02
  103   6.5600E-02
  104   3.8959E-02
  105   2.9420E-02
  106   3.2369E-02
  107   3.2369E-02
  108   2.9420E-02
  109   3.8959E-02
  110   6.5600E-02
  111   9.1483E-02
  112   9.2958E-02
  113   7.7484E-02
  114   8.1187E-02
  115   1.0532E-01
  116   1.1012E-01
  117   8.2163E-02
  118   5.0404E-02
  119   3.9084E-02
  120   3.6965E-02
  121   2.8772E-02
  122   1.5641E-02
  123   6.7990E-03
  124   3.8740E-03
  125   2.6480E-03
  126   1.7020E-03
  127   8.3900E-04
  128   6.6900E-04
  129   7.2300E-04
  130   7.2100E-04
  131   5.5100E-04
  132   6.6700E-04
  133   5.3200E-04
  134   2.9400E-04
  135   2.0200E-04
  136   1.9100E-04
  137   2.3500E-04
  138   2.6000E-04
  139   2.7100E-04
  140   1.7400E-04
  141   1.4800E-04
  142   1.3100E-04
  143   1.4600E-04
  144   1.3000E-04
  145   5.3000E-05
  146   3.3000E-05
  147   3.0000E-05
  148   1.8000E-05
  149   8.0000E-06
  150   2.0000E-06
