   66   2.0000E-06
   67   2.0000E-06
   68   9.0000E-06
   69   1.3000E-05
   70   2.9000E-05
   71   5.0000E-05
   72   8.7000E-05
   73   1.0900E-04
   74   1.2100E-04
   75   1.8600E-04
   76   2.0300E-04
   77   2.3100E-04
   78   3.1400E-04
   79   2.5700E-04
   80   2.2600E-04
   81   3.3900E-04
   82   6.2100E-04
   83   1.0760E-03
   84   1.2890E-03
   85   1.6790E-03
   86   2.5960E-03
   87   2.9680E-03
   88   2.2450E-03
   89   1.5910E-03
   90   1.3620E-03
   91   1.3250E-03
   92   1.8420E-03
   93   3.7890E-03
   94   8.7880E-03
   95   1.5569E-02
   96   2.0439E-02
   97   2.4281E-02
   98   3.7731E-02
   99   6.5257E-02
  100   8.8890E-02
  101   9.0228E-02
  102   7.8238E-02
  103   8.4793E-02
  104   1.0857E-01
  105   1.1462E-01
  106   8.9404E-02
  107   5.6374E-02
  108   4.3218E-02
  109   4.9016E-02
  110   4.9016E-02
  111   4.3218E-02
  112   5.6374E-02
  113   8.9404E-02
  114   1.1462E-01
  115   1.0857E-01
  116   8.4793E-02
  117   7.8238E-02
  118   9.0228E-02
  119   8.8890E-02
  120   6.5257E-02
  121   3.7731E-02
  122   2.4281E-02
  123   2.0439E-02
  124   1.5569E-02
  125   8.7880E-03
  126   3.7890E-03
  127   1.8420E-03
  128   1.3250E-03
  129   1.3620E-03
  130   1.5910E-03
  131   2.2450E-03
  132   2.9680E-03
  133   2.5960E-03
  134   1.6790E-03
  135   1.2890E-03
  136   1.0760E-03
  137   6.2100E-04
  138   3.3900E-04
  139   2.2600E-04
  140   2.5700E-04
  141   3.1400E-04
  142   2.3100E-04
  143   2.0300E-04
  144   1.8600E-04
  145   1.2100E-04
  146   1.0900E-04
  147   8.7000E-05
  148   5.0000E-05
  149   2.9000E-05
  150   1.3000E-05
  151   9.0000E-06
  152   2.0000E-06
  153   2.0000E-06
