   68   6.0000E-06
   69   1.4000E-05
   70   2.2000E-05
   71   4.9000E-05
   72   1.0000E-04
   73   9.7000E-05
   74   9.3000E-05
   75   1.2800E-04
   76   1.7400E-04
   77   2.0000E-04
   78   2.7400E-04
   79   2.2900E-04
   80   1.6700E-04
   81   2.9200E-04
   82   5.8400E-04
   83   8.3300E-04
   84   1.0770E-03
   85   1.4210E-03
   86   2.1510E-03
   87   2.6390E-03
   88   1.9200E-03
   89   1.4200E-03
   90   1.2500E-03
   91   1.2940E-03
   92   1.7530E-03
   93   3.8670E-03
   94   9.1870E-03
   95   1.5713E-02
   96   2.0479E-02
   97   2.4312E-02
   98   3.7822E-02
   99   6.5086E-02
  100   8.9550E-02
  101   8.9767E-02
  102   7.8491E-02
  103   8.5042E-02
  104   1.0885E-01
  105   1.1505E-01
  106   8.9364E-02
  107   5.6477E-02
  108   4.3675E-02
  109   4.9072E-02
  110   4.9072E-02
  111   4.3675E-02
  112   5.6477E-02
  113   8.9364E-02
  114   1.1505E-01
  115   1.0885E-01
  116   8.5042E-02
  117   7.8491E-02
  118   8.9767E-02
  119   8.9550E-02
  120   6.5086E-02
  121   3.7822E-02
  122   2.4312E-02
  123   2.0479E-02
  124   1.5713E-02
  125   9.1870E-03
  126   3.8670E-03
  127   1.7530E-03
  128   1.2940E-03
  129   1.2500E-03
  130   1.4200E-03
  131   1.9200E-03
  132   2.6390E-03
  133   2.1510E-03
  134   1.4210E-03
  135   1.0770E-03
  136   8.3300E-04
  137   5.8400E-04
  138   2.9200E-04
  139   1.6700E-04
  140   2.2900E-04
  141   2.7400E-04
  142   2.0000E-04
  143   1.7400E-04
  144   1.2800E-04
  145   9.3000E-05
  146   9.7000E-05
  147   1.0000E-04
  148   4.9000E-05
  149   2.2000E-05
  150   1.4000E-05
  151   6.0000E-06
