   61   2.0000E-06
   63   1.1000E-05
   64   1.4000E-05
   65   3.0000E-05
   66   3.0000E-05
   67   7.3000E-05
   68   1.2100E-04
   69   1.8400E-04
   70   1.7300E-04
   71   1.5600E-04
   72   1.7100E-04
   73   2.6200E-04
   74   3.0500E-04
   75   2.4700E-04
   76   1.9600E-04
   77   1.7700E-04
   78   2.9900E-04
   79   4.7700E-04
   80   5.2800E-04
   81   4.5300E-04
   82   4.0900E-04
   83   5.0200E-04
   84   5.1700E-04
   85   9.3200E-04
   86   2.0990E-03
   87   3.5970E-03
   88   5.0500E-03
   89   8.2190E-03
   90   1.8350E-02
   91   3.3438E-02
   92   4.3150E-02
   93   4.3881E-02
   94   5.3579E-02
   95   8.5237E-02
   96   1.1169E-01
   97   1.0485E-01
   98   7.8804E-02
   99   7.2028E-02
  100   8.5009E-02
  101   8.3880E-02
  102   5.9450E-02
  103   3.6398E-02
  104   3.0177E-02
  105   3.4832E-02
  106   3.4832E-02
  107   3.0177E-02
  108   3.6398E-02
  109   5.9450E-02
  110   8.3880E-02
  111   8.5009E-02
  112   7.2028E-02
  113   7.8804E-02
  114   1.0485E-01
  115   1.1169E-01
  116   8.5237E-02
  117   5.3579E-02
  118   4.3881E-02
  119   4.3150E-02
  120   3.3438E-02
  121   1.8350E-02
  122   8.2190E-03
  123   5.0500E-03
  124   3.5970E-03
  125   2.0990E-03
  126   9.3200E-04
  127   5.1700E-04
  128   5.0200E-04
  129   4.0900E-04
  130   4.5300E-04
  131   5.2800E-04
  132   4.7700E-04
  133   2.9900E-04
  134   1.7700E-04
  135   1.9600E-04
  136   2.4700E-04
  137   3.0500E-04
  138   2.6200E-04
  139   1.7100E-04
  140   1.5600E-04
  141   1.7300E-04
  142   1.8400E-04
  143   1.2100E-04
  144   7.3000E-05
  145   3.0000E-05
  146   3.0000E-05
  147   1.4000E-05
  148   1.1000E-05
  150   2.0000E-06
