   64   1.1000E-05
   65   1.5000E-05
   66   2.3000E-05
   67   3.2000E-05
   68   6.7000E-05
   69   1.3700E-04
   70   1.5200E-04
   71   1.7100E-04
   72   1.5600E-04
   73   2.0600E-04
   74   2.4200E-04
   75   2.5100E-04
   76   2.0300E-04
   77   2.0300E-04
   78   2.1400E-04
   79   2.9600E-04
   80   5.3700E-04
   81   5.7400E-04
   82   5.3300E-04
   83   6.3900E-04
   84   7.5700E-04
   85   6.4900E-04
   86   7.8400E-04
   87   1.6250E-03
   88   2.6790E-03
   89   3.7810E-03
   90   6.8950E-03
   91   1.5597E-02
   92   2.8753E-02
   93   3.7603E-02
   94   3.8884E-02
   95   5.0520E-02
   96   8.2453E-02
   97   1.0964E-01
   98   1.0560E-01
   99   8.1179E-02
  100   7.7285E-02
  101   9.2082E-02
  102   9.2166E-02
  103   6.5493E-02
  104   3.8931E-02
  105   2.9428E-02
  106   3.2543E-02
  107   3.2543E-02
  108   2.9428E-02
  109   3.8931E-02
  110   6.5493E-02
  111   9.2166E-02
  112   9.2082E-02
  113   7.7285E-02
  114   8.1179E-02
  115   1.0560E-01
  116   1.0964E-01
  117   8.2453E-02
  118   5.0520E-02
  119   3.8884E-02
  120   3.7603E-02
  121   2.8753E-02
  122   1.5597E-02
  123   6.8950E-03
  124   3.7810E-03
  125   2.6790E-03
  126   1.6250E-03
  127   7.8400E-04
  128   6.4900E-04
  129   7.5700E-04
  130   6.3900E-04
  131   5.3300E-04
  132   5.7400E-04
  133   5.3700E-04
  134   2.9600E-04
  135   2.1400E-04
  136   2.0300E-04
  137   2.0300E-04
  138   2.5100E-04
  139   2.4200E-04
  140   2.0600E-04
  141   1.5600E-04
  142   1.7100E-04
  143   1.5200E-04
  144   1.3700E-04
  145   6.7000E-05
  146   3.2000E-05
  147   2.3000E-05
  148   1.5000E-05
  149   1.1000E-05
