   61   4.0000E-06
   63   5.0000E-06
   64   2.2000E-05
   65   3.3000E-05
   66   4.3000E-05
   67   6.1000E-05
   68   1.2200E-04
   69   1.6900E-04
   70   1.6600E-04
   71   1.2700E-04
   72   1.6500E-04
   73   2.1300E-04
   74   2.5600E-04
   75   2.5500E-04
   76   1.9800E-04
   77   2.1600E-04
   78   2.6500E-04
   79   4.5500E-04
   80   5.0700E-04
   81   4.4400E-04
   82   4.1300E-04
   83   5.4100E-04
   84   4.9300E-04
   85   9.2200E-04
   86   2.0160E-03
   87   3.6260E-03
   88   5.1080E-03
   89   8.2890E-03
   90   1.8194E-02
   91   3.3291E-02
   92   4.3578E-02
   93   4.3859E-02
   94   5.3494E-02
   95   8.4617E-02
   96   1.1224E-01
   97   1.0493E-01
   98   7.8967E-02
   99   7.2075E-02
  100   8.5608E-02
  101   8.3926E-02
  102   5.9514E-02
  103   3.6092E-02
  104   3.0068E-02
  105   3.4392E-02
  106   3.4392E-02
  107   3.0068E-02
  108   3.6092E-02
  109   5.9514E-02
  110   8.3926E-02
  111   8.5608E-02
  112   7.2075E-02
  113   7.8967E-02
  114   1.0493E-01
  115   1.1224E-01
  116   8.4617E-02
  117   5.3494E-02
  118   4.3859E-02
  119   4.3578E-02
  120   3.3291E-02
  121   1.8194E-02
  122   8.2890E-03
  123   5.1080E-03
  124   3.6260E-03
  125   2.0160E-03
  126   9.2200E-04
  127   4.9300E-04
  128   5.4100E-04
  129   4.1300E-04
  130   4.4400E-04
  131   5.0700E-04
  132   4.5500E-04
  133   2.6500E-04
  134   2.1600E-04
  135   1.9800E-04
  136   2.5500E-04
  137   2.5600E-04
  138   2.1300E-04
  139   1.6500E-04
  140   1.2700E-04
  141   1.6600E-04
  142   1.6900E-04
  143   1.2200E-04
  144   6.1000E-05
  145   4.3000E-05
  146   3.3000E-05
  147   2.2000E-05
  148   5.0000E-06
  150   4.0000E-06
