   64   2.0000E-06
   65   7.0000E-06
   66   4.6000E-05
   67   8.5000E-05
   68   2.1500E-04
   69   4.6000E-04
   70   8.6300E-04
   71   1.4510E-03
   72   3.3810E-03
   73   3.8170E-03
   74   5.7990E-03
   75   6.9600E-03
   76   8.5160E-03
   77   9.3910E-03
   78   1.3940E-02
   79   1.2304E-02
   80   1.1808E-02
   81   1.1972E-02
   82   1.4847E-02
   83   1.3929E-02
   84   1.6319E-02
   85   1.9891E-02
   86   2.9686E-02
   87   4.5708E-02
   88   6.0441E-02
   89   6.2485E-02
   90   5.5198E-02
   91   4.0121E-02
   92   2.5324E-02
   93   1.4845E-02
   94   1.0464E-02
   95   9.1740E-03
   96   9.7120E-03
   97   1.1340E-02
   98   1.4304E-02
   99   1.8876E-02
  100   2.3333E-02
  101   2.5820E-02
  102   2.7652E-02
  103   3.1343E-02
  104   3.8143E-02
  105   4.4522E-02
  106   4.6584E-02
  107   4.5649E-02
  108   4.6488E-02
  109   5.0694E-02
  110   5.6078E-02
  111   5.6078E-02
  112   5.0694E-02
  113   4.6488E-02
  114   4.5649E-02
  115   4.6584E-02
  116   4.4522E-02
  117   3.8143E-02
  118   3.1343E-02
  119   2.7652E-02
  120   2.5820E-02
  121   2.3333E-02
  122   1.8876E-02
  123   1.4304E-02
  124   1.1340E-02
  125   9.7120E-03
  126   9.1740E-03
  127   1.0464E-02
  128   1.4845E-02
  129   2.5324E-02
  130   4.0121E-02
  131   5.5198E-02
  132   6.2485E-02
  133   6.0441E-02
  134   4.5708E-02
  135   2.9686E-02
  136   1.9891E-02
  137   1.6319E-02
  138   1.3929E-02
  139   1.4847E-02
  140   1.1972E-02
  141   1.1808E-02
  142   1.2304E-02
  143   1.3940E-02
  144   9.3910E-03
  145   8.5160E-03
  146   6.9600E-03
  147   5.7990E-03
  148   3.8170E-03
  149   3.3810E-03
  150   1.4510E-03
  151   8.6300E-04
  152   4.6000E-04
  153   2.1500E-04
  154   8.5000E-05
  155   4.6000E-05
  156   7.0000E-06
  157   2.0000E-06
