   65   2.0000E-06
   66   1.3000E-05
   67   3.8000E-05
   68   8.6000E-05
   69   1.9100E-04
   70   3.4400E-04
   71   6.4500E-04
   72   1.5600E-03
   73   2.8530E-03
   74   4.1630E-03
   75   5.5910E-03
   76   6.4850E-03
   77   6.2870E-03
   78   9.9550E-03
   79   1.3576E-02
   80   9.8330E-03
   81   8.9450E-03
   82   1.1070E-02
   83   1.4037E-02
   84   1.5752E-02
   85   1.9002E-02
   86   2.5004E-02
   87   4.2540E-02
   88   8.9149E-02
   89   1.2910E-01
   90   1.3559E-01
   91   1.2398E-01
   92   9.3327E-02
   93   5.6403E-02
   94   2.7998E-02
   95   1.1213E-02
   96   3.7420E-03
   97   1.1980E-03
   98   5.3200E-04
   99   6.5400E-04
  100   1.4360E-03
  101   2.3600E-03
  102   3.2070E-03
  103   3.6530E-03
  104   5.1030E-03
  105   8.7300E-03
  106   1.3736E-02
  107   1.5714E-02
  108   1.4770E-02
  109   1.4777E-02
  110   1.9968E-02
  111   2.5676E-02
  112   2.5676E-02
  113   1.9968E-02
  114   1.4777E-02
  115   1.4770E-02
  116   1.5714E-02
  117   1.3736E-02
  118   8.7300E-03
  119   5.1030E-03
  120   3.6530E-03
  121   3.2070E-03
  122   2.3600E-03
  123   1.4360E-03
  124   6.5400E-04
  125   5.3200E-04
  126   1.1980E-03
  127   3.7420E-03
  128   1.1213E-02
  129   2.7998E-02
  130   5.6403E-02
  131   9.3327E-02
  132   1.2398E-01
  133   1.3559E-01
  134   1.2910E-01
  135   8.9149E-02
  136   4.2540E-02
  137   2.5004E-02
  138   1.9002E-02
  139   1.5752E-02
  140   1.4037E-02
  141   1.1070E-02
  142   8.9450E-03
  143   9.8330E-03
  144   1.3576E-02
  145   9.9550E-03
  146   6.2870E-03
  147   6.4850E-03
  148   5.5910E-03
  149   4.1630E-03
  150   2.8530E-03
  151   1.5600E-03
  152   6.4500E-04
  153   3.4400E-04
  154   1.9100E-04
  155   8.6000E-05
  156   3.8000E-05
  157   1.3000E-05
  158   2.0000E-06
