   68   2.7000E-05
   70   3.0400E-04
   71   5.0000E-06
   72   1.2220E-03
   73   2.0000E-05
   74   5.5630E-03
   75   8.5000E-05
   76   2.0114E-02
   77   2.3700E-04
   78   2.8023E-02
   79   4.1000E-04
   80   6.4275E-02
   81   6.2200E-04
   82   5.9496E-02
   83   8.0600E-04
   84   7.3840E-02
   85   6.7800E-04
   86   8.2529E-02
   87   6.7700E-04
   88   4.9198E-02
   89   5.2500E-04
   90   4.3286E-02
   91   2.6100E-04
   92   2.7481E-02
   93   2.5800E-04
   94   5.6040E-02
   95   7.0900E-04
   96   1.2313E-01
   97   1.2180E-03
   98   1.3484E-01
   99   8.3000E-04
  100   6.8965E-02
  101   2.9500E-04
  102   1.9134E-02
  103   8.0000E-05
  104   8.7120E-03
  105   1.0600E-04
  106   1.0510E-02
  107   1.7100E-04
  108   2.4467E-02
  109   2.4500E-04
  110   3.0346E-02
  111   3.7900E-04
  112   3.4595E-02
  113   3.8600E-04
  114   4.9764E-02
  115   3.8600E-04
  116   3.4595E-02
  117   3.7900E-04
  118   3.0346E-02
  119   2.4500E-04
  120   2.4467E-02
  121   1.7100E-04
  122   1.0510E-02
  123   1.0600E-04
  124   8.7120E-03
  125   8.0000E-05
  126   1.9134E-02
  127   2.9500E-04
  128   6.8965E-02
  129   8.3000E-04
  130   1.3484E-01
  131   1.2180E-03
  132   1.2313E-01
  133   7.0900E-04
  134   5.6040E-02
  135   2.5800E-04
  136   2.7481E-02
  137   2.6100E-04
  138   4.3286E-02
  139   5.2500E-04
  140   4.9198E-02
  141   6.7700E-04
  142   8.2529E-02
  143   6.7800E-04
  144   7.3840E-02
  145   8.0600E-04
  146   5.9496E-02
  147   6.2200E-04
  148   6.4275E-02
  149   4.1000E-04
  150   2.8023E-02
  151   2.3700E-04
  152   2.0114E-02
  153   8.5000E-05
  154   5.5630E-03
  155   2.0000E-05
  156   1.2220E-03
  157   5.0000E-06
  158   3.0400E-04
  160   2.7000E-05
