   65   4.0000E-06
   66   1.0000E-05
   67   2.3000E-05
   68   8.1000E-05
   69   1.2700E-04
   70   3.2300E-04
   71   5.4000E-04
   72   1.1960E-03
   73   1.8330E-03
   74   3.5170E-03
   75   4.6460E-03
   76   6.9640E-03
   77   7.9680E-03
   78   1.0312E-02
   79   1.2402E-02
   80   1.4779E-02
   81   1.4134E-02
   82   1.4891E-02
   83   1.5613E-02
   84   1.8023E-02
   85   1.5198E-02
   86   1.4112E-02
   87   1.2132E-02
   88   1.0992E-02
   89   1.0772E-02
   90   1.2719E-02
   91   1.6808E-02
   92   2.5467E-02
   93   3.5498E-02
   94   4.4289E-02
   95   4.6565E-02
   96   4.2997E-02
   97   3.4716E-02
   98   2.6672E-02
   99   2.2378E-02
  100   2.1944E-02
  101   2.4305E-02
  102   2.7253E-02
  103   2.9580E-02
  104   3.1982E-02
  105   3.5669E-02
  106   4.0503E-02
  107   4.5237E-02
  108   4.6359E-02
  109   4.6547E-02
  110   4.7817E-02
  111   5.0423E-02
  112   5.3665E-02
  113   5.3665E-02
  114   5.0423E-02
  115   4.7817E-02
  116   4.6547E-02
  117   4.6359E-02
  118   4.5237E-02
  119   4.0503E-02
  120   3.5669E-02
  121   3.1982E-02
  122   2.9580E-02
  123   2.7253E-02
  124   2.4305E-02
  125   2.1944E-02
  126   2.2378E-02
  127   2.6672E-02
  128   3.4716E-02
  129   4.2997E-02
  130   4.6565E-02
  131   4.4289E-02
  132   3.5498E-02
  133   2.5467E-02
  134   1.6808E-02
  135   1.2719E-02
  136   1.0772E-02
  137   1.0992E-02
  138   1.2132E-02
  139   1.4112E-02
  140   1.5198E-02
  141   1.8023E-02
  142   1.5613E-02
  143   1.4891E-02
  144   1.4134E-02
  145   1.4779E-02
  146   1.2402E-02
  147   1.0312E-02
  148   7.9680E-03
  149   6.9640E-03
  150   4.6460E-03
  151   3.5170E-03
  152   1.8330E-03
  153   1.1960E-03
  154   5.4000E-04
  155   3.2300E-04
  156   1.2700E-04
  157   8.1000E-05
  158   2.3000E-05
  159   1.0000E-05
  160   4.0000E-06
