   66   4.0000E-06
   67   1.0000E-05
   68   6.5000E-05
   69   1.4900E-04
   70   2.7300E-04
   71   5.3700E-04
   72   1.1270E-03
   73   2.5210E-03
   74   4.3640E-03
   75   6.9480E-03
   76   9.3520E-03
   77   8.6270E-03
   78   1.1946E-02
   79   2.0654E-02
   80   1.9480E-02
   81   1.5903E-02
   82   1.5938E-02
   83   2.0285E-02
   84   2.3943E-02
   85   2.0706E-02
   86   1.4515E-02
   87   1.1117E-02
   88   1.1280E-02
   89   1.3661E-02
   90   1.8803E-02
   91   3.2552E-02
   92   5.7968E-02
   93   8.7964E-02
   94   1.0963E-01
   95   1.1058E-01
   96   9.1996E-02
   97   6.1803E-02
   98   3.4073E-02
   99   1.5258E-02
  100   6.1630E-03
  101   3.2400E-03
  102   3.2310E-03
  103   3.6260E-03
  104   4.1550E-03
  105   5.7910E-03
  106   9.9000E-03
  107   1.4555E-02
  108   1.6712E-02
  109   1.5413E-02
  110   1.5529E-02
  111   2.1045E-02
  112   2.6597E-02
  113   2.6597E-02
  114   2.1045E-02
  115   1.5529E-02
  116   1.5413E-02
  117   1.6712E-02
  118   1.4555E-02
  119   9.9000E-03
  120   5.7910E-03
  121   4.1550E-03
  122   3.6260E-03
  123   3.2310E-03
  124   3.2400E-03
  125   6.1630E-03
  126   1.5258E-02
  127   3.4073E-02
  128   6.1803E-02
  129   9.1996E-02
  130   1.1058E-01
  131   1.0963E-01
  132   8.7964E-02
  133   5.7968E-02
  134   3.2552E-02
  135   1.8803E-02
  136   1.3661E-02
  137   1.1280E-02
  138   1.1117E-02
  139   1.4515E-02
  140   2.0706E-02
  141   2.3943E-02
  142   2.0285E-02
  143   1.5938E-02
  144   1.5903E-02
  145   1.9480E-02
  146   2.0654E-02
  147   1.1946E-02
  148   8.6270E-03
  149   9.3520E-03
  150   6.9480E-03
  151   4.3640E-03
  152   2.5210E-03
  153   1.1270E-03
  154   5.3700E-04
  155   2.7300E-04
  156   1.4900E-04
  157   6.5000E-05
  158   1.0000E-05
  159   4.0000E-06
