   64   2.0000E-06
   66   3.0000E-05
   68   2.4900E-04
   69   4.0000E-06
   70   8.0500E-04
   71   1.8000E-05
   72   3.5510E-03
   73   4.3000E-05
   74   7.1400E-03
   75   9.4000E-05
   76   9.8810E-03
   77   1.6400E-04
   78   1.6540E-02
   79   1.6600E-04
   80   1.4508E-02
   81   1.6900E-04
   82   1.8318E-02
   83   1.5800E-04
   84   2.5882E-02
   85   3.9600E-04
   86   5.5813E-02
   87   1.1590E-03
   88   2.0448E-01
   89   2.0890E-03
   90   2.7654E-01
   91   1.9170E-03
   92   1.7756E-01
   93   8.2500E-04
   94   5.1816E-02
   95   1.0100E-04
   96   6.9300E-03
   97   1.2000E-05
   98   1.1360E-03
   99   1.2000E-05
  100   3.2160E-03
  101   4.4000E-05
  102   6.1220E-03
  103   1.1200E-04
  104   1.2765E-02
  105   1.8200E-04
  106   2.7367E-02
  107   3.0400E-04
  108   2.7966E-02
  109   3.9500E-04
  110   4.2812E-02
  111   3.7800E-04
  112   4.2812E-02
  113   3.9500E-04
  114   2.7966E-02
  115   3.0400E-04
  116   2.7367E-02
  117   1.8200E-04
  118   1.2765E-02
  119   1.1200E-04
  120   6.1220E-03
  121   4.4000E-05
  122   3.2160E-03
  123   1.2000E-05
  124   1.1360E-03
  125   1.2000E-05
  126   6.9300E-03
  127   1.0100E-04
  128   5.1816E-02
  129   8.2500E-04
  130   1.7756E-01
  131   1.9170E-03
  132   2.7654E-01
  133   2.0890E-03
  134   2.0448E-01
  135   1.1590E-03
  136   5.5813E-02
  137   3.9600E-04
  138   2.5882E-02
  139   1.5800E-04
  140   1.8318E-02
  141   1.6900E-04
  142   1.4508E-02
  143   1.6600E-04
  144   1.6540E-02
  145   1.6400E-04
  146   9.8810E-03
  147   9.4000E-05
  148   7.1400E-03
  149   4.3000E-05
  150   3.5510E-03
  151   1.8000E-05
  152   8.0500E-04
  153   4.0000E-06
  154   2.4900E-04
  156   3.0000E-05
  158   2.0000E-06
