   68   3.5000E-05
   69   2.0000E-06
   70   2.8500E-04
   71   2.0000E-06
   72   1.2590E-03
   73   3.0000E-05
   74   5.4450E-03
   75   9.0000E-05
   76   2.0165E-02
   77   2.6300E-04
   78   2.8252E-02
   79   4.0300E-04
   80   6.4036E-02
   81   6.7000E-04
   82   5.9594E-02
   83   7.9500E-04
   84   7.3780E-02
   85   7.5400E-04
   86   8.2735E-02
   87   6.7400E-04
   88   4.9210E-02
   89   5.4900E-04
   90   4.3461E-02
   91   2.5800E-04
   92   2.7890E-02
   93   2.6000E-04
   94   5.6564E-02
   95   6.8300E-04
   96   1.2406E-01
   97   1.1260E-03
   98   1.3391E-01
   99   8.2800E-04
  100   6.9479E-02
  101   2.8300E-04
  102   1.9180E-02
  103   9.0000E-05
  104   8.5790E-03
  105   9.3000E-05
  106   1.0404E-02
  107   1.5500E-04
  108   2.4129E-02
  109   2.6500E-04
  110   3.0070E-02
  111   3.8500E-04
  112   3.4027E-02
  113   3.7800E-04
  114   4.8802E-02
  115   3.7800E-04
  116   3.4027E-02
  117   3.8500E-04
  118   3.0070E-02
  119   2.6500E-04
  120   2.4129E-02
  121   1.5500E-04
  122   1.0404E-02
  123   9.3000E-05
  124   8.5790E-03
  125   9.0000E-05
  126   1.9180E-02
  127   2.8300E-04
  128   6.9479E-02
  129   8.2800E-04
  130   1.3391E-01
  131   1.1260E-03
  132   1.2406E-01
  133   6.8300E-04
  134   5.6564E-02
  135   2.6000E-04
  136   2.7890E-02
  137   2.5800E-04
  138   4.3461E-02
  139   5.4900E-04
  140   4.9210E-02
  141   6.7400E-04
  142   8.2735E-02
  143   7.5400E-04
  144   7.3780E-02
  145   7.9500E-04
  146   5.9594E-02
  147   6.7000E-04
  148   6.4036E-02
  149   4.0300E-04
  150   2.8252E-02
  151   2.6300E-04
  152   2.0165E-02
  153   9.0000E-05
  154   5.4450E-03
  155   3.0000E-05
  156   1.2590E-03
  157   2.0000E-06
  158   2.8500E-04
  159   2.0000E-06
  160   3.5000E-05
