   67   1.0000E-05
   68   5.0000E-05
   69   1.7200E-04
   70   2.9300E-04
   71   4.5400E-04
   72   1.1170E-03
   73   2.5990E-03
   74   4.3770E-03
   75   6.9400E-03
   76   9.3490E-03
   77   8.7190E-03
   78   1.1938E-02
   79   2.0814E-02
   80   1.9482E-02
   81   1.6001E-02
   82   1.6103E-02
   83   2.0273E-02
   84   2.3581E-02
   85   2.0887E-02
   86   1.4627E-02
   87   1.1353E-02
   88   1.1339E-02
   89   1.3606E-02
   90   1.8898E-02
   91   3.2530E-02
   92   5.7616E-02
   93   8.7297E-02
   94   1.0906E-01
   95   1.1082E-01
   96   9.1947E-02
   97   6.1499E-02
   98   3.3834E-02
   99   1.5311E-02
  100   6.2770E-03
  101   3.1690E-03
  102   3.1910E-03
  103   3.7410E-03
  104   4.0050E-03
  105   6.0560E-03
  106   9.8720E-03
  107   1.4693E-02
  108   1.6698E-02
  109   1.5590E-02
  110   1.5964E-02
  111   2.0955E-02
  112   2.6872E-02
  113   2.6872E-02
  114   2.0955E-02
  115   1.5964E-02
  116   1.5590E-02
  117   1.6698E-02
  118   1.4693E-02
  119   9.8720E-03
  120   6.0560E-03
  121   4.0050E-03
  122   3.7410E-03
  123   3.1910E-03
  124   3.1690E-03
  125   6.2770E-03
  126   1.5311E-02
  127   3.3834E-02
  128   6.1499E-02
  129   9.1947E-02
  130   1.1082E-01
  131   1.0906E-01
  132   8.7297E-02
  133   5.7616E-02
  134   3.2530E-02
  135   1.8898E-02
  136   1.3606E-02
  137   1.1339E-02
  138   1.1353E-02
  139   1.4627E-02
  140   2.0887E-02
  141   2.3581E-02
  142   2.0273E-02
  143   1.6103E-02
  144   1.6001E-02
  145   1.9482E-02
  146   2.0814E-02
  147   1.1938E-02
  148   8.7190E-03
  149   9.3490E-03
  150   6.9400E-03
  151   4.3770E-03
  152   2.5990E-03
  153   1.1170E-03
  154   4.5400E-04
  155   2.9300E-04
  156   1.7200E-04
  157   5.0000E-05
  158   1.0000E-05
