   66   8.0000E-06
   67   2.4000E-05
   68   9.3000E-05
   69   1.9600E-04
   70   3.2500E-04
   71   6.5300E-04
   72   1.6100E-03
   73   2.8700E-03
   74   4.2000E-03
   75   5.5960E-03
   76   6.3680E-03
   77   6.1300E-03
   78   1.0095E-02
   79   1.3380E-02
   80   1.0020E-02
   81   8.9600E-03
   82   1.1164E-02
   83   1.3997E-02
   84   1.5882E-02
   85   1.8842E-02
   86   2.5080E-02
   87   4.2283E-02
   88   8.8927E-02
   89   1.2934E-01
   90   1.3482E-01
   91   1.2451E-01
   92   9.3007E-02
   93   5.7101E-02
   94   2.7914E-02
   95   1.1112E-02
   96   3.6800E-03
   97   1.1820E-03
   98   5.0300E-04
   99   6.4600E-04
  100   1.3180E-03
  101   2.3860E-03
  102   3.2410E-03
  103   3.6430E-03
  104   5.1490E-03
  105   8.9540E-03
  106   1.3519E-02
  107   1.5866E-02
  108   1.4820E-02
  109   1.4882E-02
  110   1.9934E-02
  111   2.5749E-02
  112   2.5749E-02
  113   1.9934E-02
  114   1.4882E-02
  115   1.4820E-02
  116   1.5866E-02
  117   1.3519E-02
  118   8.9540E-03
  119   5.1490E-03
  120   3.6430E-03
  121   3.2410E-03
  122   2.3860E-03
  123   1.3180E-03
  124   6.4600E-04
  125   5.0300E-04
  126   1.1820E-03
  127   3.6800E-03
  128   1.1112E-02
  129   2.7914E-02
  130   5.7101E-02
  131   9.3007E-02
  132   1.2451E-01
  133   1.3482E-01
  134   1.2934E-01
  135   8.8927E-02
  136   4.2283E-02
  137   2.5080E-02
  138   1.8842E-02
  139   1.5882E-02
  140   1.3997E-02
  141   1.1164E-02
  142   8.9600E-03
  143   1.0020E-02
  144   1.3380E-02
  145   1.0095E-02
  146   6.1300E-03
  147   6.3680E-03
  148   5.5960E-03
  149   4.2000E-03
  150   2.8700E-03
  151   1.6100E-03
  152   6.5300E-04
  153   3.2500E-04
  154   1.9600E-04
  155   9.3000E-05
  156   2.4000E-05
  157   8.0000E-06
