   63   9.0000E-06
   64   1.4000E-05
   65   2.1000E-05
   66   3.1000E-05
   67   4.7000E-05
   68   9.0000E-05
   69   1.0700E-04
   70   2.1500E-04
   71   2.9700E-04
   72   4.5700E-04
   73   5.7000E-04
   74   8.9500E-04
   75   1.0580E-03
   76   1.3610E-03
   77   1.6630E-03
   78   2.0940E-03
   79   2.4130E-03
   80   2.9980E-03
   81   3.3420E-03
   82   3.7640E-03
   83   4.3660E-03
   84   5.1730E-03
   85   5.5750E-03
   86   6.3600E-03
   87   7.3390E-03
   88   7.9580E-03
   89   9.6170E-03
   90   1.1562E-02
   91   1.3468E-02
   92   1.6196E-02
   93   1.8761E-02
   94   2.2002E-02
   95   2.4236E-02
   96   2.7066E-02
   97   2.9668E-02
   98   3.2051E-02
   99   3.5468E-02
  100   3.8619E-02
  101   4.2441E-02
  102   4.6138E-02
  103   4.9301E-02
  104   5.2512E-02
  105   5.5734E-02
  106   5.9328E-02
  107   6.1375E-02
  108   6.3451E-02
  109   6.5419E-02
  110   6.6107E-02
  111   6.7015E-02
  112   6.8450E-02
  113   6.7015E-02
  114   6.6107E-02
  115   6.5419E-02
  116   6.3451E-02
  117   6.1375E-02
  118   5.9328E-02
  119   5.5734E-02
  120   5.2512E-02
  121   4.9301E-02
  122   4.6138E-02
  123   4.2441E-02
  124   3.8619E-02
  125   3.5468E-02
  126   3.2051E-02
  127   2.9668E-02
  128   2.7066E-02
  129   2.4236E-02
  130   2.2002E-02
  131   1.8761E-02
  132   1.6196E-02
  133   1.3468E-02
  134   1.1562E-02
  135   9.6170E-03
  136   7.9580E-03
  137   7.3390E-03
  138   6.3600E-03
  139   5.5750E-03
  140   5.1730E-03
  141   4.3660E-03
  142   3.7640E-03
  143   3.3420E-03
  144   2.9980E-03
  145   2.4130E-03
  146   2.0940E-03
  147   1.6630E-03
  148   1.3610E-03
  149   1.0580E-03
  150   8.9500E-04
  151   5.7000E-04
  152   4.5700E-04
  153   2.9700E-04
  154   2.1500E-04
  155   1.0700E-04
  156   9.0000E-05
  157   4.7000E-05
  158   3.1000E-05
  159   2.1000E-05
  160   1.4000E-05
  161   9.0000E-06
