   65   3.0000E-06
   66   1.8000E-05
   67   7.0000E-05
   68   1.6400E-04
   69   2.7600E-04
   70   4.4200E-04
   71   1.0550E-03
   72   2.1770E-03
   73   3.2620E-03
   74   3.8640E-03
   75   4.8980E-03
   76   5.2700E-03
   77   6.3190E-03
   78   9.5100E-03
   79   9.8550E-03
   80   6.3590E-03
   81   7.9140E-03
   82   1.0981E-02
   83   1.5366E-02
   84   2.3427E-02
   85   3.3148E-02
   86   5.2035E-02
   87   1.0187E-01
   88   1.4385E-01
   89   1.3628E-01
   90   1.1274E-01
   91   7.6577E-02
   92   4.2144E-02
   93   1.8603E-02
   94   6.6440E-03
   95   2.1060E-03
   96   6.0300E-04
   97   3.7100E-04
   98   6.5200E-04
   99   1.4150E-03
  100   2.5900E-03
  101   3.8380E-03
  102   4.3890E-03
  103   5.9300E-03
  104   1.0672E-02
  105   1.6662E-02
  106   1.9812E-02
  107   1.8716E-02
  108   1.9001E-02
  109   2.5074E-02
  110   3.3029E-02
  111   3.3029E-02
  112   2.5074E-02
  113   1.9001E-02
  114   1.8716E-02
  115   1.9812E-02
  116   1.6662E-02
  117   1.0672E-02
  118   5.9300E-03
  119   4.3890E-03
  120   3.8380E-03
  121   2.5900E-03
  122   1.4150E-03
  123   6.5200E-04
  124   3.7100E-04
  125   6.0300E-04
  126   2.1060E-03
  127   6.6440E-03
  128   1.8603E-02
  129   4.2144E-02
  130   7.6577E-02
  131   1.1274E-01
  132   1.3628E-01
  133   1.4385E-01
  134   1.0187E-01
  135   5.2035E-02
  136   3.3148E-02
  137   2.3427E-02
  138   1.5366E-02
  139   1.0981E-02
  140   7.9140E-03
  141   6.3590E-03
  142   9.8550E-03
  143   9.5100E-03
  144   6.3190E-03
  145   5.2700E-03
  146   4.8980E-03
  147   3.8640E-03
  148   3.2620E-03
  149   2.1770E-03
  150   1.0550E-03
  151   4.4200E-04
  152   2.7600E-04
  153   1.6400E-04
  154   7.0000E-05
  155   1.8000E-05
  156   3.0000E-06
