   65   2.0000E-06
   66   2.0000E-06
   67   8.0000E-06
   68   2.9000E-05
   69   9.9000E-05
   70   1.9700E-04
   71   3.3300E-04
   72   7.2600E-04
   73   1.6270E-03
   74   3.2550E-03
   75   6.2680E-03
   76   1.0815E-02
   77   1.1699E-02
   78   1.2530E-02
   79   2.4264E-02
   80   3.0098E-02
   81   2.7750E-02
   82   2.3557E-02
   83   2.6572E-02
   84   3.4088E-02
   85   3.7408E-02
   86   3.2241E-02
   87   2.2657E-02
   88   1.8096E-02
   89   1.8648E-02
   90   1.8066E-02
   91   1.6703E-02
   92   2.1124E-02
   93   3.6365E-02
   94   5.8543E-02
   95   7.8537E-02
   96   8.7416E-02
   97   7.8968E-02
   98   5.8715E-02
   99   3.5474E-02
  100   1.7694E-02
  101   7.9490E-03
  102   4.3090E-03
  103   3.7030E-03
  104   4.0100E-03
  105   4.4180E-03
  106   6.2560E-03
  107   1.0292E-02
  108   1.4741E-02
  109   1.6394E-02
  110   1.5402E-02
  111   1.5568E-02
  112   2.0319E-02
  113   2.6048E-02
  114   2.6048E-02
  115   2.0319E-02
  116   1.5568E-02
  117   1.5402E-02
  118   1.6394E-02
  119   1.4741E-02
  120   1.0292E-02
  121   6.2560E-03
  122   4.4180E-03
  123   4.0100E-03
  124   3.7030E-03
  125   4.3090E-03
  126   7.9490E-03
  127   1.7694E-02
  128   3.5474E-02
  129   5.8715E-02
  130   7.8968E-02
  131   8.7416E-02
  132   7.8537E-02
  133   5.8543E-02
  134   3.6365E-02
  135   2.1124E-02
  136   1.6703E-02
  137   1.8066E-02
  138   1.8648E-02
  139   1.8096E-02
  140   2.2657E-02
  141   3.2241E-02
  142   3.7408E-02
  143   3.4088E-02
  144   2.6572E-02
  145   2.3557E-02
  146   2.7750E-02
  147   3.0098E-02
  148   2.4264E-02
  149   1.2530E-02
  150   1.1699E-02
  151   1.0815E-02
  152   6.2680E-03
  153   3.2550E-03
  154   1.6270E-03
  155   7.2600E-04
  156   3.3300E-04
  157   1.9700E-04
  158   9.9000E-05
  159   2.9000E-05
  160   8.0000E-06
  161   2.0000E-06
  162   2.0000E-06
