   66   3.0000E-06
   68   2.3000E-05
   70   3.0900E-04
   71   8.0000E-06
   72   1.2840E-03
   73   2.2000E-05
   74   5.4700E-03
   75   7.3000E-05
   76   2.0070E-02
   77   2.8700E-04
   78   2.8195E-02
   79   4.0200E-04
   80   6.4186E-02
   81   6.7900E-04
   82   5.9374E-02
   83   7.7600E-04
   84   7.4030E-02
   85   6.9700E-04
   86   8.3385E-02
   87   6.9800E-04
   88   4.8921E-02
   89   5.0900E-04
   90   4.3564E-02
   91   2.5600E-04
   92   2.7329E-02
   93   2.6300E-04
   94   5.6085E-02
   95   7.4300E-04
   96   1.2344E-01
   97   1.1470E-03
   98   1.3460E-01
   99   8.5900E-04
  100   6.8946E-02
  101   2.6300E-04
  102   1.8953E-02
  103   9.2000E-05
  104   8.5210E-03
  105   8.2000E-05
  106   1.0369E-02
  107   1.8300E-04
  108   2.4591E-02
  109   2.6700E-04
  110   3.0182E-02
  111   3.6200E-04
  112   3.4404E-02
  113   4.1900E-04
  114   4.9314E-02
  115   4.1900E-04
  116   3.4404E-02
  117   3.6200E-04
  118   3.0182E-02
  119   2.6700E-04
  120   2.4591E-02
  121   1.8300E-04
  122   1.0369E-02
  123   8.2000E-05
  124   8.5210E-03
  125   9.2000E-05
  126   1.8953E-02
  127   2.6300E-04
  128   6.8946E-02
  129   8.5900E-04
  130   1.3460E-01
  131   1.1470E-03
  132   1.2344E-01
  133   7.4300E-04
  134   5.6085E-02
  135   2.6300E-04
  136   2.7329E-02
  137   2.5600E-04
  138   4.3564E-02
  139   5.0900E-04
  140   4.8921E-02
  141   6.9800E-04
  142   8.3385E-02
  143   6.9700E-04
  144   7.4030E-02
  145   7.7600E-04
  146   5.9374E-02
  147   6.7900E-04
  148   6.4186E-02
  149   4.0200E-04
  150   2.8195E-02
  151   2.8700E-04
  152   2.0070E-02
  153   7.3000E-05
  154   5.4700E-03
  155   2.2000E-05
  156   1.2840E-03
  157   8.0000E-06
  158   3.0900E-04
  160   2.3000E-05
  162   3.0000E-06
