   52   2.0000E-06
   53   5.0000E-06
   54   5.0000E-06
   55   8.0000E-06
   56   1.4000E-05
   57   1.9000E-05
   58   4.4000E-05
   59   6.2000E-05
   60   1.0200E-04
   61   1.8400E-04
   62   2.6500E-04
   63   4.1800E-04
   64   6.5800E-04
   65   9.5300E-04
   66   1.4150E-03
   67   2.2050E-03
   68   3.2990E-03
   69   4.5490E-03
   70   6.2560E-03
   71   8.7400E-03
   72   1.1841E-02
   73   1.5548E-02
   74   2.1047E-02
   75   2.6007E-02
   76   3.2197E-02
   77   3.8933E-02
   78   4.9037E-02
   79   5.3631E-02
   80   6.0199E-02
   81   6.6540E-02
   82   7.3870E-02
   83   7.4770E-02
   84   7.7278E-02
   85   7.6496E-02
   86   7.8117E-02
   87   7.4792E-02
   88   7.4067E-02
   89   6.9683E-02
   90   7.2148E-02
   91   7.3165E-02
   92   7.7957E-02
   93   7.6816E-02
   94   7.8554E-02
   95   7.6653E-02
   96   7.7517E-02
   97   7.0465E-02
   98   6.5901E-02
   99   5.8531E-02
  100   5.4070E-02
  101   4.5211E-02
  102   3.7800E-02
  103   3.0900E-02
  104   2.5429E-02
  105   1.9988E-02
  106   1.5226E-02
  107   1.1462E-02
  108   8.6270E-03
  109   6.1500E-03
  110   4.5030E-03
  111   3.2720E-03
  112   2.1910E-03
  113   1.4110E-03
  114   9.5000E-04
  115   6.5700E-04
  116   4.1600E-04
  117   2.6500E-04
  118   1.8400E-04
  119   1.0200E-04
  120   6.2000E-05
  121   4.4000E-05
  122   1.9000E-05
  123   1.4000E-05
  124   8.0000E-06
  125   5.0000E-06
  126   5.0000E-06
  127   2.0000E-06
