   65   3.0000E-06
   66   5.0000E-06
   67   1.3000E-05
   68   9.9000E-05
   69   3.0200E-04
   70   5.6700E-04
   71   9.8000E-04
   72   3.2370E-03
   73   9.2000E-03
   74   1.5806E-02
   75   1.8210E-02
   76   2.9571E-02
   77   6.3522E-02
   78   9.4857E-02
   79   8.7494E-02
   80   7.5366E-02
   81   1.0461E-01
   82   1.3281E-01
   83   1.0532E-01
   84   6.1270E-02
   85   5.3403E-02
   86   6.2186E-02
   87   5.1442E-02
   88   2.9723E-02
   89   2.9723E-02
   90   5.1442E-02
   91   6.2186E-02
   92   5.3403E-02
   93   6.1270E-02
   94   1.0532E-01
   95   1.3281E-01
   96   1.0461E-01
   97   7.5366E-02
   98   8.7494E-02
   99   9.4857E-02
  100   6.3522E-02
  101   2.9571E-02
  102   1.8210E-02
  103   1.5806E-02
  104   9.2000E-03
  105   3.2370E-03
  106   9.8000E-04
  107   5.6700E-04
  108   3.0200E-04
  109   9.9000E-05
  110   1.3000E-05
  111   5.0000E-06
  112   3.0000E-06
