   53   2.0000E-06
   54   2.0000E-06
   55   2.0000E-06
   56   2.0000E-06
   57   9.0000E-06
   58   2.7000E-05
   59   2.8000E-05
   60   4.3000E-05
   61   8.5000E-05
   62   1.6600E-04
   63   2.1500E-04
   64   4.1500E-04
   65   5.6400E-04
   66   9.6500E-04
   67   1.6180E-03
   68   2.7770E-03
   69   4.0200E-03
   70   5.8280E-03
   71   8.7630E-03
   72   1.3868E-02
   73   1.7379E-02
   74   2.4862E-02
   75   2.9799E-02
   76   4.2270E-02
   77   4.5940E-02
   78   6.1955E-02
   79   6.0585E-02
   80   7.4290E-02
   81   7.2006E-02
   82   8.5454E-02
   83   7.5927E-02
   84   8.1176E-02
   85   7.4021E-02
   86   7.8715E-02
   87   6.8829E-02
   88   6.9585E-02
   89   6.5356E-02
   90   7.5878E-02
   91   7.1711E-02
   92   7.9887E-02
   93   7.5359E-02
   94   8.6335E-02
   95   7.5081E-02
   96   7.9521E-02
   97   6.6681E-02
   98   6.8381E-02
   99   5.4067E-02
  100   5.0220E-02
  101   3.7900E-02
  102   3.1576E-02
  103   2.3044E-02
  104   1.8083E-02
  105   1.3134E-02
  106   8.8960E-03
  107   5.6940E-03
  108   4.0560E-03
  109   2.7390E-03
  110   1.6180E-03
  111   9.6500E-04
  112   5.6700E-04
  113   4.1200E-04
  114   2.1500E-04
  115   1.6600E-04
  116   8.5000E-05
  117   4.3000E-05
  118   2.8000E-05
  119   2.7000E-05
  120   9.0000E-06
  121   2.0000E-06
  122   2.0000E-06
  123   2.0000E-06
  124   2.0000E-06
