   52   4.0000E-06
   53   5.0000E-06
   54   6.0000E-06
   55   1.6000E-05
   56   2.5000E-05
   57   3.8000E-05
   58   5.2000E-05
   59   8.5000E-05
   60   1.1800E-04
   61   2.1200E-04
   62   3.2500E-04
   63   4.7000E-04
   64   7.7300E-04
   65   1.0870E-03
   66   1.5220E-03
   67   2.2480E-03
   68   3.4010E-03
   69   4.4380E-03
   70   6.5320E-03
   71   8.3860E-03
   72   1.1511E-02
   73   1.5023E-02
   74   1.9771E-02
   75   2.4254E-02
   76   2.9478E-02
   77   3.6244E-02
   78   4.3695E-02
   79   4.9218E-02
   80   5.5851E-02
   81   6.2358E-02
   82   6.7686E-02
   83   7.2002E-02
   84   7.4269E-02
   85   7.5819E-02
   86   7.6309E-02
   87   7.6200E-02
   88   7.4947E-02
   89   7.2287E-02
   90   7.0233E-02
   91   7.3154E-02
   92   7.5621E-02
   93   7.6264E-02
   94   7.6649E-02
   95   7.6596E-02
   96   7.4880E-02
   97   7.1481E-02
   98   6.6883E-02
   99   6.1694E-02
  100   5.5105E-02
  101   4.8583E-02
  102   4.2332E-02
  103   3.5641E-02
  104   2.8977E-02
  105   2.3901E-02
  106   1.9421E-02
  107   1.4847E-02
  108   1.1387E-02
  109   8.3420E-03
  110   6.5010E-03
  111   4.4260E-03
  112   3.3930E-03
  113   2.2410E-03
  114   1.5210E-03
  115   1.0850E-03
  116   7.7300E-04
  117   4.7000E-04
  118   3.2500E-04
  119   2.1200E-04
  120   1.1800E-04
  121   8.5000E-05
  122   5.2000E-05
  123   3.8000E-05
  124   2.5000E-05
  125   1.6000E-05
  126   6.0000E-06
  127   5.0000E-06
  128   4.0000E-06
