   66   3.0000E-06
   68   1.7000E-05
   69   4.7000E-05
   70   1.9700E-04
   71   3.4000E-04
   72   7.3000E-04
   73   2.4620E-03
   74   6.9130E-03
   75   1.1905E-02
   76   1.4616E-02
   77   2.6608E-02
   78   5.8777E-02
   79   8.7560E-02
   80   8.2848E-02
   81   7.6759E-02
   82   1.1224E-01
   83   1.4272E-01
   84   1.1436E-01
   85   6.7424E-02
   86   5.7048E-02
   87   6.2760E-02
   88   4.8557E-02
   89   2.5093E-02
   90   2.5093E-02
   91   4.8557E-02
   92   6.2760E-02
   93   5.7048E-02
   94   6.7424E-02
   95   1.1436E-01
   96   1.4272E-01
   97   1.1224E-01
   98   7.6759E-02
   99   8.2848E-02
  100   8.7560E-02
  101   5.8777E-02
  102   2.6608E-02
  103   1.4616E-02
  104   1.1905E-02
  105   6.9130E-03
  106   2.4620E-03
  107   7.3000E-04
  108   3.4000E-04
  109   1.9700E-04
  110   4.7000E-05
  111   1.7000E-05
  113   3.0000E-06
