   73   9.0000E-06
   74   3.2000E-05
   75   5.1000E-05
   76   1.1800E-04
   77   4.3800E-04
   78   1.3060E-03
   79   2.7840E-03
   80   3.7830E-03
   81   6.4970E-03
   82   1.5698E-02
   83   3.1253E-02
   84   4.2964E-02
   85   4.4135E-02
   86   5.7109E-02
   87   9.7904E-02
   88   1.3262E-01
   89   1.2009E-01
   90   8.9384E-02
   91   9.0827E-02
   92   1.1059E-01
   93   9.9064E-02
   94   5.3328E-02
   95   5.3328E-02
   96   9.9064E-02
   97   1.1059E-01
   98   9.0827E-02
   99   8.9384E-02
  100   1.2009E-01
  101   1.3262E-01
  102   9.7904E-02
  103   5.7109E-02
  104   4.4135E-02
  105   4.2964E-02
  106   3.1253E-02
  107   1.5698E-02
  108   6.4970E-03
  109   3.7830E-03
  110   2.7840E-03
  111   1.3060E-03
  112   4.3800E-04
  113   1.1800E-04
  114   5.1000E-05
  115   3.2000E-05
  116   9.0000E-06
