   70   6.0000E-06
   72   6.6000E-05
   73   2.0000E-06
   74   3.1200E-04
   75   4.0000E-06
   76   2.6340E-03
   77   5.6000E-05
   78   1.0137E-02
   79   1.7900E-04
   80   2.8204E-02
   81   4.8800E-04
   82   9.5722E-02
   83   1.1630E-03
   84   1.1667E-01
   85   1.8460E-03
   86   2.4112E-01
   87   2.1660E-03
   88   2.0370E-01
   89   2.2700E-03
   90   1.7232E-01
   91   1.4280E-03
   92   1.1915E-01
   93   6.9600E-04
   94   1.1915E-01
   95   1.4280E-03
   96   1.7232E-01
   97   2.2700E-03
   98   2.0370E-01
   99   2.1660E-03
  100   2.4112E-01
  101   1.8460E-03
  102   1.1667E-01
  103   1.1630E-03
  104   9.5722E-02
  105   4.8800E-04
  106   2.8204E-02
  107   1.7900E-04
  108   1.0137E-02
  109   5.6000E-05
  110   2.6340E-03
  111   4.0000E-06
  112   3.1200E-04
  113   2.0000E-06
  114   6.6000E-05
  116   6.0000E-06
