   70   1.7000E-05
   72   1.7900E-04
   73   2.0000E-06
   74   8.9900E-04
   75   1.8000E-05
   76   6.8700E-03
   77   1.1700E-04
   78   1.6723E-02
   79   3.4700E-04
   80   6.6528E-02
   81   8.8300E-04
   82   1.2427E-01
   83   1.7880E-03
   84   1.7508E-01
   85   2.0640E-03
   86   2.6325E-01
   87   2.1050E-03
   88   1.5300E-01
   89   1.7190E-03
   90   1.5045E-01
   91   8.2500E-04
   92   6.5712E-02
   93   8.2500E-04
   94   1.5045E-01
   95   1.7190E-03
   96   1.5300E-01
   97   2.1050E-03
   98   2.6325E-01
   99   2.0640E-03
  100   1.7508E-01
  101   1.7880E-03
  102   1.2427E-01
  103   8.8300E-04
  104   6.6528E-02
  105   3.4700E-04
  106   1.6723E-02
  107   1.1700E-04
  108   6.8700E-03
  109   1.8000E-05
  110   8.9900E-04
  111   2.0000E-06
  112   1.7900E-04
  114   1.7000E-05
