   72   1.4000E-05
   74   1.0200E-04
   76   6.5500E-04
   77   7.0000E-06
   78   4.6730E-03
   79   8.1000E-05
   80   1.1451E-02
   81   2.2600E-04
   82   5.0909E-02
   83   6.5000E-04
   84   9.3329E-02
   85   1.4270E-03
   86   1.5814E-01
   87   1.9360E-03
   88   2.5463E-01
   89   2.3770E-03
   90   1.7246E-01
   91   2.1010E-03
   92   1.9567E-01
   93   1.1510E-03
   94   9.5980E-02
   95   1.1510E-03
   96   1.9567E-01
   97   2.1010E-03
   98   1.7246E-01
   99   2.3770E-03
  100   2.5463E-01
  101   1.9360E-03
  102   1.5814E-01
  103   1.4270E-03
  104   9.3329E-02
  105   6.5000E-04
  106   5.0909E-02
  107   2.2600E-04
  108   1.1451E-02
  109   8.1000E-05
  110   4.6730E-03
  111   7.0000E-06
  112   6.5500E-04
  114   1.0200E-04
  116   1.4000E-05
