   58   2.0000E-06
   59   3.0000E-06
   60   1.1000E-05
   61   1.7000E-05
   62   2.0000E-05
   63   3.5000E-05
   64   5.2000E-05
   65   7.7000E-05
   66   1.5600E-04
   67   2.0800E-04
   68   3.1600E-04
   69   5.2600E-04
   70   9.3500E-04
   71   1.3820E-03
   72   2.2660E-03
   73   3.3940E-03
   74   5.1700E-03
   75   7.6450E-03
   76   1.1598E-02
   77   1.5541E-02
   78   2.1229E-02
   79   2.9027E-02
   80   3.7772E-02
   81   4.6625E-02
   82   5.5979E-02
   83   6.4847E-02
   84   7.2947E-02
   85   7.9846E-02
   86   8.5353E-02
   87   8.5307E-02
   88   8.3896E-02
   89   8.1452E-02
   90   7.6136E-02
   91   6.9194E-02
   92   6.1013E-02
   93   6.1013E-02
   94   6.9194E-02
   95   7.6136E-02
   96   8.1452E-02
   97   8.3896E-02
   98   8.5307E-02
   99   8.5353E-02
  100   7.9846E-02
  101   7.2947E-02
  102   6.4847E-02
  103   5.5979E-02
  104   4.6625E-02
  105   3.7772E-02
  106   2.9027E-02
  107   2.1229E-02
  108   1.5541E-02
  109   1.1598E-02
  110   7.6450E-03
  111   5.1700E-03
  112   3.3940E-03
  113   2.2660E-03
  114   1.3820E-03
  115   9.3500E-04
  116   5.2600E-04
  117   3.1600E-04
  118   2.0800E-04
  119   1.5600E-04
  120   7.7000E-05
  121   5.2000E-05
  122   3.5000E-05
  123   2.0000E-05
  124   1.7000E-05
  125   1.1000E-05
  126   3.0000E-06
  127   2.0000E-06
