   72   2.0000E-06
   73   1.3000E-05
   74   2.8000E-05
   75   5.9000E-05
   76   1.3200E-04
   77   4.4400E-04
   78   1.3110E-03
   79   2.6880E-03
   80   3.8830E-03
   81   6.3980E-03
   82   1.5627E-02
   83   3.1774E-02
   84   4.2778E-02
   85   4.4212E-02
   86   5.6833E-02
   87   9.7661E-02
   88   1.3184E-01
   89   1.2100E-01
   90   8.9870E-02
   91   9.1008E-02
   92   1.0997E-01
   93   9.8915E-02
   94   5.3550E-02
   95   5.3550E-02
   96   9.8915E-02
   97   1.0997E-01
   98   9.1008E-02
   99   8.9870E-02
  100   1.2100E-01
  101   1.3184E-01
  102   9.7661E-02
  103   5.6833E-02
  104   4.4212E-02
  105   4.2778E-02
  106   3.1774E-02
  107   1.5627E-02
  108   6.3980E-03
  109   3.8830E-03
  110   2.6880E-03
  111   1.3110E-03
  112   4.4400E-04
  113   1.3200E-04
  114   5.9000E-05
  115   2.8000E-05
  116   1.3000E-05
  117   2.0000E-06
