   72   1.3000E-05
   74   1.0000E-04
   76   6.3800E-04
   77   1.2000E-05
   78   4.6900E-03
   79   8.7000E-05
   80   1.1462E-02
   81   2.3000E-04
   82   5.0965E-02
   83   6.7000E-04
   84   9.2805E-02
   85   1.5070E-03
   86   1.5732E-01
   87   1.8590E-03
   88   2.5329E-01
   89   2.3650E-03
   90   1.7316E-01
   91   2.0140E-03
   92   1.9726E-01
   93   1.1590E-03
   94   9.6780E-02
   95   1.1590E-03
   96   1.9726E-01
   97   2.0140E-03
   98   1.7316E-01
   99   2.3650E-03
  100   2.5329E-01
  101   1.8590E-03
  102   1.5732E-01
  103   1.5070E-03
  104   9.2805E-02
  105   6.7000E-04
  106   5.0965E-02
  107   2.3000E-04
  108   1.1462E-02
  109   8.7000E-05
  110   4.6900E-03
  111   1.2000E-05
  112   6.3800E-04
  114   1.0000E-04
  116   1.3000E-05
