   69   1.1000E-05
   70   4.7000E-05
   71   1.2600E-04
   72   2.3300E-04
   73   6.6600E-04
   74   2.2600E-03
   75   5.9950E-03
   76   9.6100E-03
   77   1.2144E-02
   78   2.4028E-02
   79   5.3175E-02
   80   7.7482E-02
   81   7.4325E-02
   82   7.3626E-02
   83   1.1331E-01
   84   1.4668E-01
   85   1.1969E-01
   86   7.4437E-02
   87   6.3793E-02
   88   6.9093E-02
   89   5.3971E-02
   90   2.5294E-02
   91   2.5294E-02
   92   5.3971E-02
   93   6.9093E-02
   94   6.3793E-02
   95   7.4437E-02
   96   1.1969E-01
   97   1.4668E-01
   98   1.1331E-01
   99   7.3626E-02
  100   7.4325E-02
  101   7.7482E-02
  102   5.3175E-02
  103   2.4028E-02
  104   1.2144E-02
  105   9.6100E-03
  106   5.9950E-03
  107   2.2600E-03
  108   6.6600E-04
  109   2.3300E-04
  110   1.2600E-04
  111   4.7000E-05
  112   1.1000E-05
