   71   5.0000E-06
   72   1.0000E-05
   73   5.3000E-05
   74   1.0000E-04
   75   1.9200E-04
   76   5.2700E-04
   77   1.7630E-03
   78   3.6940E-03
   79   5.0890E-03
   80   7.9400E-03
   81   1.8243E-02
   82   3.7778E-02
   83   5.1111E-02
   84   5.1009E-02
   85   6.1584E-02
   86   1.0301E-01
   87   1.3727E-01
   88   1.2062E-01
   89   8.6173E-02
   90   8.4162E-02
   91   9.9424E-02
   92   8.5829E-02
   93   4.4407E-02
   94   4.4407E-02
   95   8.5829E-02
   96   9.9424E-02
   97   8.4162E-02
   98   8.6173E-02
   99   1.2062E-01
  100   1.3727E-01
  101   1.0301E-01
  102   6.1584E-02
  103   5.1009E-02
  104   5.1111E-02
  105   3.7778E-02
  106   1.8243E-02
  107   7.9400E-03
  108   5.0890E-03
  109   3.6940E-03
  110   1.7630E-03
  111   5.2700E-04
  112   1.9200E-04
  113   1.0000E-04
  114   5.3000E-05
  115   1.0000E-05
  116   5.0000E-06
