   72   4.0000E-06
   73   8.0000E-06
   74   3.9000E-05
   75   7.0000E-05
   76   1.1200E-04
   77   4.2900E-04
   78   1.4090E-03
   79   2.7110E-03
   80   3.7940E-03
   81   6.5220E-03
   82   1.5457E-02
   83   3.1384E-02
   84   4.2670E-02
   85   4.4105E-02
   86   5.6831E-02
   87   9.7895E-02
   88   1.3259E-01
   89   1.2042E-01
   90   8.9769E-02
   91   9.1234E-02
   92   1.1055E-01
   93   9.8584E-02
   94   5.3401E-02
   95   5.3401E-02
   96   9.8584E-02
   97   1.1055E-01
   98   9.1234E-02
   99   8.9769E-02
  100   1.2042E-01
  101   1.3259E-01
  102   9.7895E-02
  103   5.6831E-02
  104   4.4105E-02
  105   4.2670E-02
  106   3.1384E-02
  107   1.5457E-02
  108   6.5220E-03
  109   3.7940E-03
  110   2.7110E-03
  111   1.4090E-03
  112   4.2900E-04
  113   1.1200E-04
  114   7.0000E-05
  115   3.9000E-05
  116   8.0000E-06
  117   4.0000E-06
