   70   3.0000E-06
   71   1.7000E-05
   72   4.1000E-05
   73   1.1200E-04
   74   2.1200E-04
   75   6.1800E-04
   76   2.1170E-03
   77   4.6200E-03
   78   6.6030E-03
   79   9.3950E-03
   80   2.0841E-02
   81   4.3023E-02
   82   5.9583E-02
   83   5.7826E-02
   84   6.5479E-02
   85   1.0707E-01
   86   1.4090E-01
   87   1.2217E-01
   88   8.3095E-02
   89   7.7441E-02
   90   8.8758E-02
   91   7.3241E-02
   92   3.6829E-02
   93   3.6829E-02
   94   7.3241E-02
   95   8.8758E-02
   96   7.7441E-02
   97   8.3095E-02
   98   1.2217E-01
   99   1.4090E-01
  100   1.0707E-01
  101   6.5479E-02
  102   5.7826E-02
  103   5.9583E-02
  104   4.3023E-02
  105   2.0841E-02
  106   9.3950E-03
  107   6.6030E-03
  108   4.6200E-03
  109   2.1170E-03
  110   6.1800E-04
  111   2.1200E-04
  112   1.1200E-04
  113   4.1000E-05
  114   1.7000E-05
  115   3.0000E-06
