   72   2.0000E-06
   73   1.2000E-05
   74   3.0000E-05
   75   6.5000E-05
   76   1.3100E-04
   77   4.1400E-04
   78   1.3850E-03
   79   2.7150E-03
   80   3.8610E-03
   81   6.4590E-03
   82   1.5495E-02
   83   3.1409E-02
   84   4.2977E-02
   85   4.4085E-02
   86   5.7270E-02
   87   9.8179E-02
   88   1.3278E-01
   89   1.2020E-01
   90   8.9260E-02
   91   9.0962E-02
   92   1.1062E-01
   93   9.8877E-02
   94   5.2804E-02
   95   5.2804E-02
   96   9.8877E-02
   97   1.1062E-01
   98   9.0962E-02
   99   8.9260E-02
  100   1.2020E-01
  101   1.3278E-01
  102   9.8179E-02
  103   5.7270E-02
  104   4.4085E-02
  105   4.2977E-02
  106   3.1409E-02
  107   1.5495E-02
  108   6.4590E-03
  109   3.8610E-03
  110   2.7150E-03
  111   1.3850E-03
  112   4.1400E-04
  113   1.3100E-04
  114   6.5000E-05
  115   3.0000E-05
  116   1.2000E-05
  117   2.0000E-06
