   74   4.0000E-06
   76   3.5000E-05
   78   3.7400E-04
   79   5.0000E-06
   80   2.5050E-03
   81   4.8000E-05
   82   7.0640E-03
   83   1.2600E-04
   84   3.5808E-02
   85   4.9500E-04
   86   6.6914E-02
   87   1.0980E-03
   88   1.3835E-01
   89   1.6480E-03
   90   2.3780E-01
   91   2.3890E-03
   92   1.8885E-01
   93   2.4260E-03
   94   2.4531E-01
   95   1.5570E-03
   96   1.3439E-01
   97   1.5570E-03
   98   2.4531E-01
   99   2.4260E-03
  100   1.8885E-01
  101   2.3890E-03
  102   2.3780E-01
  103   1.6480E-03
  104   1.3835E-01
  105   1.0980E-03
  106   6.6914E-02
  107   4.9500E-04
  108   3.5808E-02
  109   1.2600E-04
  110   7.0640E-03
  111   4.8000E-05
  112   2.5050E-03
  113   5.0000E-06
  114   3.7400E-04
  116   3.5000E-05
  118   4.0000E-06
