   75   3.0000E-06
   76   1.4000E-05
   77   1.7000E-05
   78   6.7000E-05
   79   2.6200E-04
   80   7.8500E-04
   81   1.4150E-03
   82   2.1480E-03
   83   4.3580E-03
   84   1.0899E-02
   85   2.1624E-02
   86   2.9482E-02
   87   3.2540E-02
   88   4.8243E-02
   89   8.6531E-02
   90   1.1965E-01
   91   1.1426E-01
   92   9.2910E-02
   93   1.0256E-01
   94   1.3201E-01
   95   1.2623E-01
   96   7.3993E-02
   97   7.3993E-02
   98   1.2623E-01
   99   1.3201E-01
  100   1.0256E-01
  101   9.2910E-02
  102   1.1426E-01
  103   1.1965E-01
  104   8.6531E-02
  105   4.8243E-02
  106   3.2540E-02
  107   2.9482E-02
  108   2.1624E-02
  109   1.0899E-02
  110   4.3580E-03
  111   2.1480E-03
  112   1.4150E-03
  113   7.8500E-04
  114   2.6200E-04
  115   6.7000E-05
  116   1.7000E-05
  117   1.4000E-05
  118   3.0000E-06
