   78   2.0000E-06
   79   6.0000E-06
   80   7.0000E-06
   81   2.8000E-05
   82   1.1000E-04
   83   2.7800E-04
   84   5.0300E-04
   85   8.7900E-04
   86   2.3700E-03
   87   6.0940E-03
   88   1.1642E-02
   89   1.6069E-02
   90   2.0141E-02
   91   3.5265E-02
   92   6.7020E-02
   93   9.6911E-02
   94   1.0010E-01
   95   9.1056E-02
   96   1.1409E-01
   97   1.5844E-01
   98   1.6972E-01
   99   1.0926E-01
  100   1.0926E-01
  101   1.6972E-01
  102   1.5844E-01
  103   1.1409E-01
  104   9.1056E-02
  105   1.0010E-01
  106   9.6911E-02
  107   6.7020E-02
  108   3.5265E-02
  109   2.0141E-02
  110   1.6069E-02
  111   1.1642E-02
  112   6.0940E-03
  113   2.3700E-03
  114   8.7900E-04
  115   5.0300E-04
  116   2.7800E-04
  117   1.1000E-04
  118   2.8000E-05
  119   7.0000E-06
  120   6.0000E-06
  121   2.0000E-06
