   78   2.0000E-06
   80   8.0000E-06
   82   1.2300E-04
   84   6.8200E-04
   85   1.6000E-05
   86   2.8170E-03
   87   7.0000E-05
   88   1.6009E-02
   89   2.4800E-04
   90   3.2622E-02
   91   5.9900E-04
   92   9.6473E-02
   93   1.1690E-03
   94   1.8748E-01
   95   2.3860E-03
   96   2.0317E-01
   97   2.7610E-03
   98   3.3636E-01
   99   2.6390E-03
  100   2.2873E-01
  101   2.6390E-03
  102   3.3636E-01
  103   2.7610E-03
  104   2.0317E-01
  105   2.3860E-03
  106   1.8748E-01
  107   1.1690E-03
  108   9.6473E-02
  109   5.9900E-04
  110   3.2622E-02
  111   2.4800E-04
  112   1.6009E-02
  113   7.0000E-05
  114   2.8170E-03
  115   1.6000E-05
  116   6.8200E-04
  118   1.2300E-04
  120   8.0000E-06
  122   2.0000E-06
