   76   1.5000E-05
   78   8.7000E-05
   80   8.8300E-04
   81   1.8000E-05
   82   3.0180E-03
   83   6.8000E-05
   84   1.3464E-02
   85   2.2700E-04
   86   4.6593E-02
   87   6.8800E-04
   88   7.5352E-02
   89   1.2350E-03
   90   1.9893E-01
   91   1.9450E-03
   92   2.0254E-01
   93   2.6070E-03
   94   2.3902E-01
   95   2.2290E-03
   96   2.1039E-01
   97   1.3460E-03
   98   2.1039E-01
   99   2.2290E-03
  100   2.3902E-01
  101   2.6070E-03
  102   2.0254E-01
  103   1.9450E-03
  104   1.9893E-01
  105   1.2350E-03
  106   7.5352E-02
  107   6.8800E-04
  108   4.6593E-02
  109   2.2700E-04
  110   1.3464E-02
  111   6.8000E-05
  112   3.0180E-03
  113   1.8000E-05
  114   8.8300E-04
  116   8.7000E-05
  118   1.5000E-05
