   75   5.0000E-06
   76   1.0000E-05
   77   2.9000E-05
   78   6.0000E-05
   79   2.4300E-04
   80   7.6500E-04
   81   1.4430E-03
   82   2.2010E-03
   83   4.3700E-03
   84   1.1041E-02
   85   2.1740E-02
   86   2.9535E-02
   87   3.2376E-02
   88   4.8094E-02
   89   8.5803E-02
   90   1.2016E-01
   91   1.1419E-01
   92   9.2990E-02
   93   1.0275E-01
   94   1.3189E-01
   95   1.2703E-01
   96   7.3275E-02
   97   7.3275E-02
   98   1.2703E-01
   99   1.3189E-01
  100   1.0275E-01
  101   9.2990E-02
  102   1.1419E-01
  103   1.2016E-01
  104   8.5803E-02
  105   4.8094E-02
  106   3.2376E-02
  107   2.9535E-02
  108   2.1740E-02
  109   1.1041E-02
  110   4.3700E-03
  111   2.2010E-03
  112   1.4430E-03
  113   7.6500E-04
  114   2.4300E-04
  115   6.0000E-05
  116   2.9000E-05
  117   1.0000E-05
  118   5.0000E-06
