   75   3.0000E-06
   76   2.0000E-06
   77   7.0000E-06
   78   2.5000E-05
   79   5.0000E-05
   80   1.8800E-04
   81   5.9700E-04
   82   1.0220E-03
   83   1.5410E-03
   84   3.4250E-03
   85   9.0500E-03
   86   1.7889E-02
   87   2.4576E-02
   88   2.7896E-02
   89   4.3791E-02
   90   8.0084E-02
   91   1.1229E-01
   92   1.1043E-01
   93   9.3196E-02
   94   1.0661E-01
   95   1.4148E-01
   96   1.4098E-01
   97   8.4864E-02
   98   8.4864E-02
   99   1.4098E-01
  100   1.4148E-01
  101   1.0661E-01
  102   9.3196E-02
  103   1.1043E-01
  104   1.1229E-01
  105   8.0084E-02
  106   4.3791E-02
  107   2.7896E-02
  108   2.4576E-02
  109   1.7889E-02
  110   9.0500E-03
  111   3.4250E-03
  112   1.5410E-03
  113   1.0220E-03
  114   5.9700E-04
  115   1.8800E-04
  116   5.0000E-05
  117   2.5000E-05
  118   7.0000E-06
  119   2.0000E-06
  120   3.0000E-06
