   76   2.0000E-06
   77   3.0000E-06
   78   7.0000E-06
   79   1.4000E-05
   80   4.1000E-05
   81   1.4800E-04
   82   3.8700E-04
   83   7.8900E-04
   84   1.2250E-03
   85   2.7950E-03
   86   7.4740E-03
   87   1.4428E-02
   88   1.9684E-02
   89   2.3687E-02
   90   3.8994E-02
   91   7.3233E-02
   92   1.0554E-01
   93   1.0598E-01
   94   9.2346E-02
   95   1.1091E-01
   96   1.5019E-01
   97   1.5497E-01
   98   9.7140E-02
   99   9.7140E-02
  100   1.5497E-01
  101   1.5019E-01
  102   1.1091E-01
  103   9.2346E-02
  104   1.0598E-01
  105   1.0554E-01
  106   7.3233E-02
  107   3.8994E-02
  108   2.3687E-02
  109   1.9684E-02
  110   1.4428E-02
  111   7.4740E-03
  112   2.7950E-03
  113   1.2250E-03
  114   7.8900E-04
  115   3.8700E-04
  116   1.4800E-04
  117   4.1000E-05
  118   1.4000E-05
  119   7.0000E-06
  120   3.0000E-06
  121   2.0000E-06
