   74   2.0000E-06
   76   1.1000E-05
   78   6.8000E-05
   80   9.2800E-04
   81   1.5000E-05
   82   3.0830E-03
   83   6.9000E-05
   84   1.3853E-02
   85   2.1600E-04
   86   4.6134E-02
   87   6.4000E-04
   88   7.5730E-02
   89   1.1430E-03
   90   1.9789E-01
   91   2.0440E-03
   92   2.0333E-01
   93   2.6350E-03
   94   2.3875E-01
   95   2.1700E-03
   96   2.1064E-01
   97   1.2720E-03
   98   2.1064E-01
   99   2.1700E-03
  100   2.3875E-01
  101   2.6350E-03
  102   2.0333E-01
  103   2.0440E-03
  104   1.9789E-01
  105   1.1430E-03
  106   7.5730E-02
  107   6.4000E-04
  108   4.6134E-02
  109   2.1600E-04
  110   1.3853E-02
  111   6.9000E-05
  112   3.0830E-03
  113   1.5000E-05
  114   9.2800E-04
  116   6.8000E-05
  118   1.1000E-05
  120   2.0000E-06
