   76   3.0000E-06
   77   9.0000E-06
   78   1.6000E-05
   79   6.0000E-05
   80   1.9100E-04
   81   5.4100E-04
   82   1.0650E-03
   83   1.6350E-03
   84   3.5110E-03
   85   8.9140E-03
   86   1.7928E-02
   87   2.4319E-02
   88   2.7616E-02
   89   4.3776E-02
   90   8.0547E-02
   91   1.1211E-01
   92   1.0999E-01
   93   9.2346E-02
   94   1.0714E-01
   95   1.4169E-01
   96   1.4143E-01
   97   8.5154E-02
   98   8.5154E-02
   99   1.4143E-01
  100   1.4169E-01
  101   1.0714E-01
  102   9.2346E-02
  103   1.0999E-01
  104   1.1211E-01
  105   8.0547E-02
  106   4.3776E-02
  107   2.7616E-02
  108   2.4319E-02
  109   1.7928E-02
  110   8.9140E-03
  111   3.5110E-03
  112   1.6350E-03
  113   1.0650E-03
  114   5.4100E-04
  115   1.9100E-04
  116   6.0000E-05
  117   1.6000E-05
  118   9.0000E-06
  119   3.0000E-06
