   80   9.0000E-06
   81   2.8000E-05
   82   1.1000E-04
   83   3.1200E-04
   84   5.5600E-04
   85   9.3500E-04
   86   2.3590E-03
   87   5.9470E-03
   88   1.1885E-02
   89   1.6236E-02
   90   1.9972E-02
   91   3.5129E-02
   92   6.7408E-02
   93   9.6762E-02
   94   9.9845E-02
   95   9.1559E-02
   96   1.1339E-01
   97   1.5921E-01
   98   1.6898E-01
   99   1.0935E-01
  100   1.0935E-01
  101   1.6898E-01
  102   1.5921E-01
  103   1.1339E-01
  104   9.1559E-02
  105   9.9845E-02
  106   9.6762E-02
  107   6.7408E-02
  108   3.5129E-02
  109   1.9972E-02
  110   1.6236E-02
  111   1.1885E-02
  112   5.9470E-03
  113   2.3590E-03
  114   9.3500E-04
  115   5.5600E-04
  116   3.1200E-04
  117   1.1000E-04
  118   2.8000E-05
  119   9.0000E-06
