   78   4.0000E-06
   80   2.7000E-05
   82   5.0800E-04
   83   8.0000E-06
   84   1.5960E-03
   85   3.4000E-05
   86   9.1620E-03
   87   1.4600E-04
   88   3.0565E-02
   89   4.8500E-04
   90   5.7939E-02
   91   9.1400E-04
   92   1.6994E-01
   93   1.8620E-03
   94   1.9246E-01
   95   2.7650E-03
   96   2.6406E-01
   97   2.4190E-03
   98   2.6421E-01
   99   1.7980E-03
  100   2.6421E-01
  101   2.4190E-03
  102   2.6406E-01
  103   2.7650E-03
  104   1.9246E-01
  105   1.8620E-03
  106   1.6994E-01
  107   9.1400E-04
  108   5.7939E-02
  109   4.8500E-04
  110   3.0565E-02
  111   1.4600E-04
  112   9.1620E-03
  113   3.4000E-05
  114   1.5960E-03
  115   8.0000E-06
  116   5.0800E-04
  118   2.7000E-05
  120   4.0000E-06
