   78   7.0000E-06
   80   5.9000E-05
   82   4.7500E-04
   83   5.0000E-06
   84   1.5870E-03
   85   3.6000E-05
   86   9.0330E-03
   87   1.6900E-04
   88   3.0710E-02
   89   5.4300E-04
   90   5.7862E-02
   91   9.5300E-04
   92   1.6946E-01
   93   1.8910E-03
   94   1.9240E-01
   95   2.7300E-03
   96   2.6486E-01
   97   2.5030E-03
   98   2.6383E-01
   99   1.7660E-03
  100   2.6383E-01
  101   2.5030E-03
  102   2.6486E-01
  103   2.7300E-03
  104   1.9240E-01
  105   1.8910E-03
  106   1.6946E-01
  107   9.5300E-04
  108   5.7862E-02
  109   5.4300E-04
  110   3.0710E-02
  111   1.6900E-04
  112   9.0330E-03
  113   3.6000E-05
  114   1.5870E-03
  115   5.0000E-06
  116   4.7500E-04
  118   5.9000E-05
  120   7.0000E-06
