   74   7.0000E-06
   76   6.7000E-05
   78   4.0700E-04
   79   7.0000E-06
   80   2.5460E-03
   81   4.4000E-05
   82   7.1140E-03
   83   1.3900E-04
   84   3.5981E-02
   85   4.8500E-04
   86   6.7239E-02
   87   1.1140E-03
   88   1.3821E-01
   89   1.7230E-03
   90   2.3767E-01
   91   2.4320E-03
   92   1.8907E-01
   93   2.4190E-03
   94   2.4413E-01
   95   1.5770E-03
   96   1.3522E-01
   97   1.5770E-03
   98   2.4413E-01
   99   2.4190E-03
  100   1.8907E-01
  101   2.4320E-03
  102   2.3767E-01
  103   1.7230E-03
  104   1.3821E-01
  105   1.1140E-03
  106   6.7239E-02
  107   4.8500E-04
  108   3.5981E-02
  109   1.3900E-04
  110   7.1140E-03
  111   4.4000E-05
  112   2.5460E-03
  113   7.0000E-06
  114   4.0700E-04
  116   6.7000E-05
  118   7.0000E-06
