   85   1.1000E-05
   86   3.8000E-05
   87   8.7000E-05
   88   1.2000E-04
   89   2.8800E-04
   90   9.4600E-04
   91   2.4400E-03
   92   4.7260E-03
   93   6.7340E-03
   94   1.0216E-02
   95   2.1272E-02
   96   4.3582E-02
   97   6.6684E-02
   98   7.6192E-02
   99   8.2106E-02
  100   1.1748E-01
  101   1.8175E-01
  102   2.2132E-01
  103   1.6400E-01
  104   1.6400E-01
  105   2.2132E-01
  106   1.8175E-01
  107   1.1748E-01
  108   8.2106E-02
  109   7.6192E-02
  110   6.6684E-02
  111   4.3582E-02
  112   2.1272E-02
  113   1.0216E-02
  114   6.7340E-03
  115   4.7260E-03
  116   2.4400E-03
  117   9.4600E-04
  118   2.8800E-04
  119   1.2000E-04
  120   8.7000E-05
  121   3.8000E-05
  122   1.1000E-05
