   82   6.0000E-06
   84   7.3000E-05
   86   3.5200E-04
   87   1.0000E-05
   88   1.7470E-03
   89   2.6000E-05
   90   1.0067E-02
   91   1.6500E-04
   92   2.2426E-02
   93   4.3000E-04
   94   7.7177E-02
   95   9.5100E-04
   96   1.6126E-01
   97   2.1700E-03
   98   2.0116E-01
   99   2.7320E-03
  100   3.7573E-01
  101   3.1710E-03
  102   2.8068E-01
  103   3.1710E-03
  104   3.7573E-01
  105   2.7320E-03
  106   2.0116E-01
  107   2.1700E-03
  108   1.6126E-01
  109   9.5100E-04
  110   7.7177E-02
  111   4.3000E-04
  112   2.2426E-02
  113   1.6500E-04
  114   1.0067E-02
  115   2.6000E-05
  116   1.7470E-03
  117   1.0000E-05
  118   3.5200E-04
  120   7.3000E-05
  122   6.0000E-06
