   79   2.0000E-06
   82   3.0000E-06
   83   1.6000E-05
   84   7.3000E-05
   85   1.3900E-04
   86   2.8400E-04
   87   5.4000E-04
   88   1.5470E-03
   89   3.9160E-03
   90   7.6260E-03
   91   1.0568E-02
   92   1.4599E-02
   93   2.7505E-02
   94   5.4614E-02
   95   8.1173E-02
   96   8.7851E-02
   97   8.8078E-02
   98   1.1683E-01
   99   1.7235E-01
  100   1.9646E-01
  101   1.3581E-01
  102   1.3581E-01
  103   1.9646E-01
  104   1.7235E-01
  105   1.1683E-01
  106   8.8078E-02
  107   8.7851E-02
  108   8.1173E-02
  109   5.4614E-02
  110   2.7505E-02
  111   1.4599E-02
  112   1.0568E-02
  113   7.6260E-03
  114   3.9160E-03
  115   1.5470E-03
  116   5.4000E-04
  117   2.8400E-04
  118   1.3900E-04
  119   7.3000E-05
  120   1.6000E-05
  121   3.0000E-06
  124   2.0000E-06
