   85   1.2000E-05
   86   3.7000E-05
   87   6.8000E-05
   88   1.4600E-04
   89   2.8100E-04
   90   9.0400E-04
   91   2.5150E-03
   92   4.6690E-03
   93   6.8460E-03
   94   1.0110E-02
   95   2.1144E-02
   96   4.3694E-02
   97   6.7173E-02
   98   7.6265E-02
   99   8.2066E-02
  100   1.1665E-01
  101   1.8200E-01
  102   2.2226E-01
  103   1.6315E-01
  104   1.6315E-01
  105   2.2226E-01
  106   1.8200E-01
  107   1.1665E-01
  108   8.2066E-02
  109   7.6265E-02
  110   6.7173E-02
  111   4.3694E-02
  112   2.1144E-02
  113   1.0110E-02
  114   6.8460E-03
  115   4.6690E-03
  116   2.5150E-03
  117   9.0400E-04
  118   2.8100E-04
  119   1.4600E-04
  120   6.8000E-05
  121   3.7000E-05
  122   1.2000E-05
