   80   4.0000E-06
   84   2.2000E-05
   85   2.0000E-06
   86   1.2100E-04
   88   5.1500E-04
   89   1.5000E-05
   90   3.7100E-03
   91   7.0000E-05
   92   1.2602E-02
   93   2.3600E-04
   94   3.3844E-02
   95   5.4000E-04
   96   1.1500E-01
   97   1.4810E-03
   98   1.6073E-01
   99   2.5010E-03
  100   2.9465E-01
  101   3.0460E-03
  102   3.6947E-01
  103   2.8560E-03
  104   3.6947E-01
  105   3.0460E-03
  106   2.9465E-01
  107   2.5010E-03
  108   1.6073E-01
  109   1.4810E-03
  110   1.1500E-01
  111   5.4000E-04
  112   3.3844E-02
  113   2.3600E-04
  114   1.2602E-02
  115   7.0000E-05
  116   3.7100E-03
  117   1.5000E-05
  118   5.1500E-04
  120   1.2100E-04
  121   2.0000E-06
  122   2.2000E-05
  126   4.0000E-06
