   80   4.0000E-06
   82   2.2000E-05
   84   2.2900E-04
   85   7.0000E-06
   86   8.4600E-04
   87   2.0000E-05
   88   5.9470E-03
   89   1.0100E-04
   90   1.9930E-02
   91   3.4600E-04
   92   4.4648E-02
   93   7.3300E-04
   94   1.4145E-01
   95   1.6730E-03
   96   1.7764E-01
   97   2.5910E-03
   98   2.8241E-01
   99   2.8150E-03
  100   3.1739E-01
  101   2.3580E-03
  102   3.1739E-01
  103   2.8150E-03
  104   2.8241E-01
  105   2.5910E-03
  106   1.7764E-01
  107   1.6730E-03
  108   1.4145E-01
  109   7.3300E-04
  110   4.4648E-02
  111   3.4600E-04
  112   1.9930E-02
  113   1.0100E-04
  114   5.9470E-03
  115   2.0000E-05
  116   8.4600E-04
  117   7.0000E-06
  118   2.2900E-04
  120   2.2000E-05
  122   4.0000E-06
