   80   3.0000E-06
   81   5.0000E-06
   82   2.1000E-05
   83   7.8000E-05
   84   2.1000E-04
   85   3.5500E-04
   86   7.3700E-04
   87   1.8410E-03
   88   4.8470E-03
   89   9.4060E-03
   90   1.2754E-02
   91   1.7313E-02
   92   3.1224E-02
   93   6.0652E-02
   94   8.9091E-02
   95   9.3708E-02
   96   8.9680E-02
   97   1.1576E-01
   98   1.6574E-01
   99   1.8369E-01
  100   1.2288E-01
  101   1.2288E-01
  102   1.8369E-01
  103   1.6574E-01
  104   1.1576E-01
  105   8.9680E-02
  106   9.3708E-02
  107   8.9091E-02
  108   6.0652E-02
  109   3.1224E-02
  110   1.7313E-02
  111   1.2754E-02
  112   9.4060E-03
  113   4.8470E-03
  114   1.8410E-03
  115   7.3700E-04
  116   3.5500E-04
  117   2.1000E-04
  118   7.8000E-05
  119   2.1000E-05
  120   5.0000E-06
  121   3.0000E-06
