   83   2.0000E-06
   84   8.0000E-06
   85   3.4000E-05
   86   1.2800E-04
   87   2.1600E-04
   88   4.0900E-04
   89   1.1440E-03
   90   3.1540E-03
   91   5.9770E-03
   92   8.3490E-03
   93   1.2288E-02
   94   2.4325E-02
   95   4.9015E-02
   96   7.3961E-02
   97   8.2776E-02
   98   8.4915E-02
   99   1.1729E-01
  100   1.7686E-01
  101   2.0943E-01
  102   1.4972E-01
  103   1.4972E-01
  104   2.0943E-01
  105   1.7686E-01
  106   1.1729E-01
  107   8.4915E-02
  108   8.2776E-02
  109   7.3961E-02
  110   4.9015E-02
  111   2.4325E-02
  112   1.2288E-02
  113   8.3490E-03
  114   5.9770E-03
  115   3.1540E-03
  116   1.1440E-03
  117   4.0900E-04
  118   2.1600E-04
  119   1.2800E-04
  120   3.4000E-05
  121   8.0000E-06
  122   2.0000E-06
