   80   3.0000E-06
   81   3.0000E-06
   82   2.6000E-05
   83   7.6000E-05
   84   1.9800E-04
   85   3.8700E-04
   86   6.8100E-04
   87   1.8460E-03
   88   4.9140E-03
   89   9.4290E-03
   90   1.2849E-02
   91   1.6979E-02
   92   3.1279E-02
   93   6.0646E-02
   94   8.8716E-02
   95   9.3795E-02
   96   8.9734E-02
   97   1.1664E-01
   98   1.6583E-01
   99   1.8324E-01
  100   1.2272E-01
  101   1.2272E-01
  102   1.8324E-01
  103   1.6583E-01
  104   1.1664E-01
  105   8.9734E-02
  106   9.3795E-02
  107   8.8716E-02
  108   6.0646E-02
  109   3.1279E-02
  110   1.6979E-02
  111   1.2849E-02
  112   9.4290E-03
  113   4.9140E-03
  114   1.8460E-03
  115   6.8100E-04
  116   3.8700E-04
  117   1.9800E-04
  118   7.6000E-05
  119   2.6000E-05
  120   3.0000E-06
  121   3.0000E-06
