   82   2.4000E-05
   84   2.4000E-04
   85   2.0000E-06
   86   9.0100E-04
   87   2.0000E-05
   88   5.9640E-03
   89   1.1500E-04
   90   1.9778E-02
   91   3.2800E-04
   92   4.3890E-02
   93   7.3900E-04
   94   1.4102E-01
   95   1.6990E-03
   96   1.7794E-01
   97   2.6390E-03
   98   2.8356E-01
   99   2.8790E-03
  100   3.1715E-01
  101   2.1940E-03
  102   3.1715E-01
  103   2.8790E-03
  104   2.8356E-01
  105   2.6390E-03
  106   1.7794E-01
  107   1.6990E-03
  108   1.4102E-01
  109   7.3900E-04
  110   4.3890E-02
  111   3.2800E-04
  112   1.9778E-02
  113   1.1500E-04
  114   5.9640E-03
  115   2.0000E-05
  116   9.0100E-04
  117   2.0000E-06
  118   2.4000E-04
  120   2.4000E-05
