   54   2.0000E-06
   60   5.0000E-06
   61   5.0000E-06
   62   1.2000E-05
   63   8.0000E-06
   64   1.1000E-05
   65   2.1000E-05
   66   3.6000E-05
   67   4.4000E-05
   68   6.6000E-05
   69   9.5000E-05
   70   1.2700E-04
   71   1.7900E-04
   72   2.5100E-04
   73   2.9600E-04
   74   4.1200E-04
   75   5.3100E-04
   76   7.5400E-04
   77   8.9800E-04
   78   1.3180E-03
   79   1.5720E-03
   80   2.0570E-03
   81   2.4400E-03
   82   3.2260E-03
   83   3.7810E-03
   84   4.5190E-03
   85   5.5210E-03
   86   6.8780E-03
   87   7.7060E-03
   88   9.0760E-03
   89   1.0446E-02
   90   1.1923E-02
   91   1.3363E-02
   92   1.5539E-02
   93   1.6980E-02
   94   1.8829E-02
   95   2.1091E-02
   96   2.3258E-02
   97   2.5461E-02
   98   2.7696E-02
   99   2.9775E-02
  100   3.2425E-02
  101   3.4674E-02
  102   3.6862E-02
  103   3.9639E-02
  104   4.1336E-02
  105   4.3715E-02
  106   4.6165E-02
  107   4.8041E-02
  108   4.9909E-02
  109   5.2434E-02
  110   5.3798E-02
  111   5.4965E-02
  112   5.6315E-02
  113   5.7100E-02
  114   5.7880E-02
  115   5.7570E-02
  116   5.7829E-02
  117   5.7104E-02
  118   5.6314E-02
  119   5.4955E-02
  120   5.3785E-02
  121   5.2355E-02
  122   4.9943E-02
  123   4.8017E-02
  124   4.6154E-02
  125   4.3759E-02
  126   4.1382E-02
  127   3.9734E-02
  128   3.7025E-02
  129   3.4711E-02
  130   3.2495E-02
  131   2.9842E-02
  132   2.7703E-02
  133   2.5510E-02
  134   2.3214E-02
  135   2.1090E-02
  136   1.8756E-02
  137   1.7040E-02
  138   1.5371E-02
  139   1.3329E-02
  140   1.1900E-02
  141   1.0312E-02
  142   8.9730E-03
  143   7.6640E-03
  144   6.7890E-03
  145   5.4170E-03
  146   4.4470E-03
  147   3.7500E-03
  148   3.1530E-03
  149   2.4110E-03
  150   2.0090E-03
  151   1.5360E-03
  152   1.3020E-03
  153   8.9000E-04
  154   7.3500E-04
  155   5.1700E-04
  156   4.1600E-04
  157   2.9100E-04
  158   2.5000E-04
  159   1.7800E-04
  160   1.2400E-04
  161   9.5000E-05
  162   6.6000E-05
  163   4.4000E-05
  164   3.6000E-05
  165   2.1000E-05
  166   1.1000E-05
  167   8.0000E-06
  168   1.2000E-05
  169   5.0000E-06
  170   5.0000E-06
  176   2.0000E-06
