   70   3.0000E-06
   71   3.0000E-06
   72   8.0000E-06
   73   1.4000E-05
   74   4.5000E-05
   75   6.6000E-05
   76   1.4700E-04
   77   2.7800E-04
   78   4.1300E-04
   79   7.1400E-04
   80   1.2930E-03
   81   1.7310E-03
   82   2.3400E-03
   83   3.4820E-03
   84   5.1080E-03
   85   6.2450E-03
   86   8.1820E-03
   87   1.0367E-02
   88   1.2674E-02
   89   1.5706E-02
   90   2.1268E-02
   91   2.3764E-02
   92   2.7317E-02
   93   3.2543E-02
   94   3.8512E-02
   95   4.1453E-02
   96   4.6153E-02
   97   4.8768E-02
   98   5.0417E-02
   99   5.2838E-02
  100   5.5783E-02
  101   5.5211E-02
  102   5.5351E-02
  103   5.6835E-02
  104   5.6302E-02
  105   5.3725E-02
  106   4.8822E-02
  107   4.0767E-02
  108   3.2373E-02
  109   2.4015E-02
  110   1.7007E-02
  111   1.1885E-02
  112   8.5190E-03
  113   6.2430E-03
  114   4.9270E-03
  115   4.3070E-03
  116   4.1590E-03
  117   4.0190E-03
  118   3.9430E-03
  119   3.9450E-03
  120   3.9680E-03
  121   3.9280E-03
  122   4.0180E-03
  123   4.1760E-03
  124   4.3270E-03
  125   4.9650E-03
  126   6.3900E-03
  127   8.7470E-03
  128   1.2454E-02
  129   1.7670E-02
  130   2.5145E-02
  131   3.3897E-02
  132   4.2723E-02
  133   5.0095E-02
  134   5.5131E-02
  135   5.6457E-02
  136   5.6544E-02
  137   5.5594E-02
  138   5.6227E-02
  139   5.4752E-02
  140   5.2501E-02
  141   5.0178E-02
  142   4.8456E-02
  143   4.5121E-02
  144   4.1898E-02
  145   3.6666E-02
  146   3.1430E-02
  147   2.6745E-02
  148   2.3454E-02
  149   1.9962E-02
  150   1.5288E-02
  151   1.2023E-02
  152   9.9880E-03
  153   7.9200E-03
  154   6.1070E-03
  155   4.8390E-03
  156   3.3150E-03
  157   2.2810E-03
  158   1.7100E-03
  159   1.2200E-03
  160   6.8900E-04
  161   4.1300E-04
  162   2.5600E-04
  163   1.4900E-04
  164   6.4000E-05
  165   4.5000E-05
  166   1.4000E-05
  167   8.0000E-06
  168   3.0000E-06
  169   3.0000E-06
