   67   2.0000E-06
   69   4.0000E-06
   70   3.0000E-06
   71   8.0000E-06
   72   1.0000E-05
   73   1.9000E-05
   74   7.1000E-05
   75   8.2000E-05
   76   1.6000E-04
   77   2.5200E-04
   78   4.2900E-04
   79   6.8300E-04
   80   1.1600E-03
   81   1.6520E-03
   82   2.3140E-03
   83   3.2430E-03
   84   4.6990E-03
   85   5.6230E-03
   86   7.3970E-03
   87   9.1150E-03
   88   1.0974E-02
   89   1.3715E-02
   90   1.7752E-02
   91   2.0263E-02
   92   2.3456E-02
   93   2.7930E-02
   94   3.2056E-02
   95   3.5964E-02
   96   4.0374E-02
   97   4.2389E-02
   98   4.4922E-02
   99   4.7300E-02
  100   4.9150E-02
  101   4.9764E-02
  102   5.0748E-02
  103   5.2132E-02
  104   5.2408E-02
  105   5.1636E-02
  106   4.9161E-02
  107   4.3360E-02
  108   3.6515E-02
  109   2.9298E-02
  110   2.3275E-02
  111   1.9141E-02
  112   1.5531E-02
  113   1.3321E-02
  114   1.2007E-02
  115   1.1257E-02
  116   1.0610E-02
  117   1.0678E-02
  118   1.0594E-02
  119   1.0493E-02
  120   1.0335E-02
  121   1.0527E-02
  122   1.0653E-02
  123   1.0665E-02
  124   1.0761E-02
  125   1.1463E-02
  126   1.2390E-02
  127   1.4184E-02
  128   1.7209E-02
  129   2.1185E-02
  130   2.6711E-02
  131   3.3899E-02
  132   4.1135E-02
  133   4.8022E-02
  134   5.1302E-02
  135   5.2561E-02
  136   5.1889E-02
  137   5.1671E-02
  138   4.9985E-02
  139   4.9795E-02
  140   4.7809E-02
  141   4.6253E-02
  142   4.3959E-02
  143   4.1342E-02
  144   3.8459E-02
  145   3.4015E-02
  146   2.9609E-02
  147   2.5519E-02
  148   2.1968E-02
  149   1.9087E-02
  150   1.5610E-02
  151   1.2370E-02
  152   1.0064E-02
  153   8.2480E-03
  154   6.5870E-03
  155   5.2850E-03
  156   3.8690E-03
  157   2.7360E-03
  158   1.9310E-03
  159   1.4360E-03
  160   8.8400E-04
  161   5.6000E-04
  162   3.4700E-04
  163   2.2200E-04
  164   1.2300E-04
  165   8.7000E-05
  166   5.4000E-05
  167   1.6000E-05
  168   1.0000E-05
  169   8.0000E-06
  170   3.0000E-06
  171   4.0000E-06
  173   2.0000E-06
