   68   2.0000E-06
   69   7.0000E-06
   70   1.3000E-05
   71   2.5000E-05
   72   6.8000E-05
   73   1.1200E-04
   74   1.8600E-04
   75   3.4200E-04
   76   5.8100E-04
   77   9.0100E-04
   78   1.6640E-03
   79   2.2480E-03
   80   3.2530E-03
   81   4.6740E-03
   82   6.7280E-03
   83   8.6030E-03
   84   1.1511E-02
   85   1.4565E-02
   86   1.8124E-02
   87   2.2391E-02
   88   2.8600E-02
   89   3.1384E-02
   90   3.5052E-02
   91   4.1200E-02
   92   4.7275E-02
   93   4.8909E-02
   94   5.1512E-02
   95   5.3367E-02
   96   5.4917E-02
   97   5.6211E-02
   98   5.8327E-02
   99   5.6847E-02
  100   5.5621E-02
  101   5.3819E-02
  102   4.8374E-02
  103   4.0617E-02
  104   3.1138E-02
  105   2.2706E-02
  106   1.6349E-02
  107   1.1623E-02
  108   8.8890E-03
  109   7.3910E-03
  110   6.6960E-03
  111   6.2130E-03
  112   6.0530E-03
  113   6.0050E-03
  114   6.3520E-03
  115   6.2860E-03
  116   6.2520E-03
  117   6.2520E-03
  118   6.2860E-03
  119   6.3520E-03
  120   6.0050E-03
  121   6.0530E-03
  122   6.2130E-03
  123   6.6960E-03
  124   7.3910E-03
  125   8.8890E-03
  126   1.1623E-02
  127   1.6349E-02
  128   2.2706E-02
  129   3.1138E-02
  130   4.0617E-02
  131   4.8374E-02
  132   5.3819E-02
  133   5.5621E-02
  134   5.6847E-02
  135   5.8327E-02
  136   5.6211E-02
  137   5.4917E-02
  138   5.3367E-02
  139   5.1512E-02
  140   4.8909E-02
  141   4.7275E-02
  142   4.1200E-02
  143   3.5052E-02
  144   3.1384E-02
  145   2.8600E-02
  146   2.2391E-02
  147   1.8124E-02
  148   1.4565E-02
  149   1.1511E-02
  150   8.6030E-03
  151   6.7280E-03
  152   4.6740E-03
  153   3.2530E-03
  154   2.2480E-03
  155   1.6640E-03
  156   9.0100E-04
  157   5.8100E-04
  158   3.4200E-04
  159   1.8600E-04
  160   1.1200E-04
  161   6.8000E-05
  162   2.5000E-05
  163   1.3000E-05
  164   7.0000E-06
  165   2.0000E-06
