   70   2.0000E-06
   71   2.0000E-06
   72   7.0000E-06
   73   1.0000E-05
   74   2.6000E-05
   75   6.7000E-05
   76   1.5400E-04
   77   2.7800E-04
   78   5.0900E-04
   79   9.0700E-04
   80   1.7120E-03
   81   2.2340E-03
   82   2.9920E-03
   83   4.3230E-03
   84   6.7900E-03
   85   7.2720E-03
   86   9.1920E-03
   87   1.1841E-02
   88   1.4709E-02
   89   1.7859E-02
   90   2.3525E-02
   91   2.6380E-02
   92   3.0268E-02
   93   3.5782E-02
   94   4.3006E-02
   95   4.5010E-02
   96   4.8644E-02
   97   5.2264E-02
   98   5.3090E-02
   99   5.5241E-02
  100   5.9683E-02
  101   5.8344E-02
  102   5.9033E-02
  103   6.0965E-02
  104   6.0503E-02
  105   5.4375E-02
  106   4.6169E-02
  107   3.4827E-02
  108   2.4047E-02
  109   1.6127E-02
  110   1.0121E-02
  111   5.9430E-03
  112   3.9900E-03
  113   2.5970E-03
  114   1.8840E-03
  115   1.7690E-03
  116   1.7100E-03
  117   1.5590E-03
  118   1.4860E-03
  119   1.5100E-03
  120   1.4860E-03
  121   1.5590E-03
  122   1.7100E-03
  123   1.7690E-03
  124   1.8840E-03
  125   2.5970E-03
  126   3.9900E-03
  127   5.9430E-03
  128   1.0121E-02
  129   1.6127E-02
  130   2.4047E-02
  131   3.4827E-02
  132   4.6169E-02
  133   5.4375E-02
  134   6.0503E-02
  135   6.0965E-02
  136   5.9033E-02
  137   5.8344E-02
  138   5.9683E-02
  139   5.5241E-02
  140   5.3090E-02
  141   5.2264E-02
  142   4.8644E-02
  143   4.5010E-02
  144   4.3006E-02
  145   3.5782E-02
  146   3.0268E-02
  147   2.6380E-02
  148   2.3525E-02
  149   1.7859E-02
  150   1.4709E-02
  151   1.1841E-02
  152   9.1920E-03
  153   7.2720E-03
  154   6.7900E-03
  155   4.3230E-03
  156   2.9920E-03
  157   2.2340E-03
  158   1.7120E-03
  159   9.0700E-04
  160   5.0900E-04
  161   2.7800E-04
  162   1.5400E-04
  163   6.7000E-05
  164   2.6000E-05
  165   1.0000E-05
  166   7.0000E-06
  167   2.0000E-06
  168   2.0000E-06
