   72   6.0000E-06
   73   2.0000E-06
   74   1.1000E-05
   75   3.7000E-05
   76   8.7000E-05
   77   1.7700E-04
   78   3.0300E-04
   79   6.0000E-04
   80   1.1500E-03
   81   1.7600E-03
   82   2.4990E-03
   83   3.5970E-03
   84   5.3730E-03
   85   6.3020E-03
   86   8.4580E-03
   87   9.7510E-03
   88   1.1288E-02
   89   1.3610E-02
   90   1.8612E-02
   91   2.0156E-02
   92   2.3967E-02
   93   2.8863E-02
   94   3.3852E-02
   95   3.8131E-02
   96   4.4169E-02
   97   4.6682E-02
   98   4.8366E-02
   99   5.1725E-02
  100   5.5709E-02
  101   5.5032E-02
  102   5.7300E-02
  103   6.0015E-02
  104   6.0162E-02
  105   6.1082E-02
  106   5.9014E-02
  107   4.9795E-02
  108   3.9698E-02
  109   2.8801E-02
  110   1.9257E-02
  111   1.2014E-02
  112   7.5820E-03
  113   4.2430E-03
  114   2.7070E-03
  115   1.9700E-03
  116   1.6150E-03
  117   1.3290E-03
  118   1.3360E-03
  119   1.2090E-03
  120   1.1720E-03
  121   1.2090E-03
  122   1.3360E-03
  123   1.3290E-03
  124   1.6150E-03
  125   1.9700E-03
  126   2.7070E-03
  127   4.2430E-03
  128   7.5820E-03
  129   1.2014E-02
  130   1.9257E-02
  131   2.8801E-02
  132   3.9698E-02
  133   4.9795E-02
  134   5.9014E-02
  135   6.1082E-02
  136   6.0162E-02
  137   6.0015E-02
  138   5.7300E-02
  139   5.5032E-02
  140   5.5709E-02
  141   5.1725E-02
  142   4.8366E-02
  143   4.6682E-02
  144   4.4169E-02
  145   3.8131E-02
  146   3.3852E-02
  147   2.8863E-02
  148   2.3967E-02
  149   2.0156E-02
  150   1.8612E-02
  151   1.3610E-02
  152   1.1288E-02
  153   9.7510E-03
  154   8.4580E-03
  155   6.3020E-03
  156   5.3730E-03
  157   3.5970E-03
  158   2.4990E-03
  159   1.7600E-03
  160   1.1500E-03
  161   6.0000E-04
  162   3.0300E-04
  163   1.7700E-04
  164   8.7000E-05
  165   3.7000E-05
  166   1.1000E-05
  167   2.0000E-06
  168   6.0000E-06
