   68   6.0000E-06
   69   1.0000E-05
   70   1.2000E-05
   71   2.7000E-05
   72   5.5000E-05
   73   1.0800E-04
   74   1.9100E-04
   75   2.8700E-04
   76   4.4700E-04
   77   7.0900E-04
   78   1.2010E-03
   79   1.5720E-03
   80   2.4960E-03
   81   3.2890E-03
   82   4.5850E-03
   83   5.9110E-03
   84   8.3970E-03
   85   1.0242E-02
   86   1.2085E-02
   87   1.5664E-02
   88   2.0565E-02
   89   2.3020E-02
   90   2.6287E-02
   91   3.0991E-02
   92   3.4930E-02
   93   3.8127E-02
   94   4.3085E-02
   95   4.4129E-02
   96   4.5083E-02
   97   4.7973E-02
   98   4.9757E-02
   99   4.9643E-02
  100   5.0297E-02
  101   4.9930E-02
  102   4.8597E-02
  103   4.7021E-02
  104   4.2273E-02
  105   3.6503E-02
  106   3.0169E-02
  107   2.4676E-02
  108   2.0169E-02
  109   1.7163E-02
  110   1.5168E-02
  111   1.4157E-02
  112   1.3640E-02
  113   1.3605E-02
  114   1.3721E-02
  115   1.4027E-02
  116   1.3894E-02
  117   1.4106E-02
  118   1.4101E-02
  119   1.3893E-02
  120   1.4048E-02
  121   1.3714E-02
  122   1.3606E-02
  123   1.3648E-02
  124   1.4177E-02
  125   1.5208E-02
  126   1.7261E-02
  127   2.0314E-02
  128   2.4892E-02
  129   3.0547E-02
  130   3.7114E-02
  131   4.2591E-02
  132   4.7372E-02
  133   4.8850E-02
  134   5.0015E-02
  135   5.0279E-02
  136   4.9956E-02
  137   4.9470E-02
  138   4.7836E-02
  139   4.5120E-02
  140   4.4177E-02
  141   4.2706E-02
  142   3.8215E-02
  143   3.4444E-02
  144   3.0748E-02
  145   2.6143E-02
  146   2.2944E-02
  147   2.0117E-02
  148   1.5525E-02
  149   1.1885E-02
  150   1.0126E-02
  151   8.2820E-03
  152   5.8100E-03
  153   4.5180E-03
  154   3.2500E-03
  155   2.4560E-03
  156   1.5660E-03
  157   1.1750E-03
  158   7.0900E-04
  159   4.3500E-04
  160   2.8200E-04
  161   1.9100E-04
  162   1.0800E-04
  163   5.5000E-05
  164   2.7000E-05
  165   1.2000E-05
  166   1.0000E-05
  167   6.0000E-06
