   74   6.0000E-06
   75   1.0000E-05
   76   3.1000E-05
   77   6.5000E-05
   78   1.6400E-04
   79   3.2200E-04
   80   7.0500E-04
   81   1.0770E-03
   82   1.6610E-03
   83   2.6300E-03
   84   4.4440E-03
   85   4.9310E-03
   86   7.1510E-03
   87   8.1660E-03
   88   9.8720E-03
   89   1.2129E-02
   90   1.8911E-02
   91   1.9379E-02
   92   2.3951E-02
   93   2.9111E-02
   94   3.5902E-02
   95   3.8575E-02
   96   4.9650E-02
   97   4.8380E-02
   98   4.9067E-02
   99   5.4018E-02
  100   6.1566E-02
  101   5.6255E-02
  102   6.0615E-02
  103   6.2057E-02
  104   6.2210E-02
  105   6.2879E-02
  106   6.5446E-02
  107   4.9428E-02
  108   3.6625E-02
  109   2.6169E-02
  110   1.6574E-02
  111   8.8240E-03
  112   4.9860E-03
  113   2.3400E-03
  114   1.2500E-03
  115   7.5300E-04
  116   5.1100E-04
  117   3.6900E-04
  118   3.4800E-04
  119   3.2000E-04
  120   2.9800E-04
  121   3.2000E-04
  122   3.4800E-04
  123   3.6900E-04
  124   5.1100E-04
  125   7.5300E-04
  126   1.2500E-03
  127   2.3400E-03
  128   4.9860E-03
  129   8.8240E-03
  130   1.6574E-02
  131   2.6169E-02
  132   3.6625E-02
  133   4.9428E-02
  134   6.5446E-02
  135   6.2879E-02
  136   6.2210E-02
  137   6.2057E-02
  138   6.0615E-02
  139   5.6255E-02
  140   6.1566E-02
  141   5.4018E-02
  142   4.9067E-02
  143   4.8380E-02
  144   4.9650E-02
  145   3.8575E-02
  146   3.5902E-02
  147   2.9111E-02
  148   2.3951E-02
  149   1.9379E-02
  150   1.8911E-02
  151   1.2129E-02
  152   9.8720E-03
  153   8.1660E-03
  154   7.1510E-03
  155   4.9310E-03
  156   4.4440E-03
  157   2.6300E-03
  158   1.6610E-03
  159   1.0770E-03
  160   7.0500E-04
  161   3.2200E-04
  162   1.6400E-04
  163   6.5000E-05
  164   3.1000E-05
  165   1.0000E-05
  166   6.0000E-06
