   70   8.0000E-06
   71   2.4000E-05
   72   4.3000E-05
   73   8.4000E-05
   74   1.6000E-04
   75   2.3300E-04
   76   4.0200E-04
   77   7.0200E-04
   78   1.1830E-03
   79   1.5920E-03
   80   2.5850E-03
   81   3.4070E-03
   82   4.6350E-03
   83   6.3580E-03
   84   8.6850E-03
   85   1.0603E-02
   86   1.2787E-02
   87   1.6848E-02
   88   2.1783E-02
   89   2.4654E-02
   90   2.8674E-02
   91   3.3801E-02
   92   3.7798E-02
   93   4.1646E-02
   94   4.6672E-02
   95   4.7975E-02
   96   4.9724E-02
   97   5.1767E-02
   98   5.3495E-02
   99   5.3925E-02
  100   5.4271E-02
  101   5.4417E-02
  102   5.2778E-02
  103   5.0025E-02
  104   4.4508E-02
  105   3.6118E-02
  106   2.8252E-02
  107   2.0971E-02
  108   1.6137E-02
  109   1.2505E-02
  110   1.0200E-02
  111   8.8560E-03
  112   8.1430E-03
  113   8.0040E-03
  114   8.1440E-03
  115   8.1080E-03
  116   8.2590E-03
  117   8.0160E-03
  118   8.0160E-03
  119   8.2590E-03
  120   8.1080E-03
  121   8.1440E-03
  122   8.0040E-03
  123   8.1430E-03
  124   8.8560E-03
  125   1.0200E-02
  126   1.2505E-02
  127   1.6137E-02
  128   2.0971E-02
  129   2.8257E-02
  130   3.6120E-02
  131   4.4505E-02
  132   5.0030E-02
  133   5.2781E-02
  134   5.4412E-02
  135   5.4275E-02
  136   5.3925E-02
  137   5.3496E-02
  138   5.1769E-02
  139   4.9726E-02
  140   4.7972E-02
  141   4.6667E-02
  142   4.1652E-02
  143   3.7790E-02
  144   3.3804E-02
  145   2.8672E-02
  146   2.4652E-02
  147   2.1781E-02
  148   1.6845E-02
  149   1.2787E-02
  150   1.0603E-02
  151   8.6850E-03
  152   6.3580E-03
  153   4.6350E-03
  154   3.4070E-03
  155   2.5850E-03
  156   1.5920E-03
  157   1.1830E-03
  158   7.0200E-04
  159   4.0200E-04
  160   2.3300E-04
  161   1.6000E-04
  162   8.4000E-05
  163   4.3000E-05
  164   2.4000E-05
  165   8.0000E-06
