   65   2.0000E-06
   66   3.0000E-06
   67   4.0000E-06
   68   1.2000E-05
   69   1.7000E-05
   70   2.7000E-05
   71   4.6000E-05
   72   1.0500E-04
   73   1.3300E-04
   74   2.4000E-04
   75   3.6500E-04
   76   5.6300E-04
   77   8.4200E-04
   78   1.4000E-03
   79   1.7940E-03
   80   2.5800E-03
   81   3.4920E-03
   82   4.5650E-03
   83   5.9710E-03
   84   8.0230E-03
   85   9.5490E-03
   86   1.2001E-02
   87   1.4651E-02
   88   1.8515E-02
   89   2.0470E-02
   90   2.2957E-02
   91   2.6999E-02
   92   3.0334E-02
   93   3.2559E-02
   94   3.5594E-02
   95   3.7246E-02
   96   3.8586E-02
   97   4.0081E-02
   98   4.1708E-02
   99   4.2204E-02
  100   4.2517E-02
  101   4.3122E-02
  102   4.2276E-02
  103   4.0613E-02
  104   3.7838E-02
  105   3.4151E-02
  106   3.0868E-02
  107   2.8195E-02
  108   2.6272E-02
  109   2.5382E-02
  110   2.4797E-02
  111   2.5147E-02
  112   2.5339E-02
  113   2.5996E-02
  114   2.6362E-02
  115   2.6741E-02
  116   2.7086E-02
  117   2.7299E-02
  118   2.7094E-02
  119   2.6747E-02
  120   2.6354E-02
  121   2.6014E-02
  122   2.5328E-02
  123   2.5144E-02
  124   2.4816E-02
  125   2.5444E-02
  126   2.6329E-02
  127   2.8295E-02
  128   3.1055E-02
  129   3.4353E-02
  130   3.8147E-02
  131   4.0823E-02
  132   4.2390E-02
  133   4.3292E-02
  134   4.2504E-02
  135   4.2410E-02
  136   4.1627E-02
  137   4.0026E-02
  138   3.8612E-02
  139   3.7140E-02
  140   3.5556E-02
  141   3.2533E-02
  142   3.0128E-02
  143   2.6768E-02
  144   2.2931E-02
  145   2.0299E-02
  146   1.8431E-02
  147   1.4480E-02
  148   1.1850E-02
  149   9.4850E-03
  150   7.9430E-03
  151   5.8950E-03
  152   4.5390E-03
  153   3.4500E-03
  154   2.5570E-03
  155   1.7770E-03
  156   1.3950E-03
  157   8.3000E-04
  158   5.5400E-04
  159   3.6700E-04
  160   2.3800E-04
  161   1.3300E-04
  162   1.0500E-04
  163   4.6000E-05
  164   2.7000E-05
  165   1.7000E-05
  166   1.2000E-05
  167   4.0000E-06
  168   3.0000E-06
  169   2.0000E-06
