   66   2.0000E-06
   67   2.0000E-06
   68   8.0000E-06
   69   1.1000E-05
   70   3.6000E-05
   71   6.8000E-05
   72   1.4100E-04
   73   1.8300E-04
   74   3.5000E-04
   75   5.3500E-04
   76   9.9000E-04
   77   1.4550E-03
   78   2.3610E-03
   79   3.3290E-03
   80   4.5690E-03
   81   6.3400E-03
   82   9.3320E-03
   83   1.1324E-02
   84   1.4073E-02
   85   1.7910E-02
   86   2.3334E-02
   87   2.6528E-02
   88   3.1122E-02
   89   3.5936E-02
   90   3.8938E-02
   91   4.3486E-02
   92   4.8935E-02
   93   4.9087E-02
   94   4.9588E-02
   95   5.2053E-02
   96   5.3638E-02
   97   5.3992E-02
   98   5.3822E-02
   99   5.2455E-02
  100   4.9283E-02
  101   4.4076E-02
  102   3.6950E-02
  103   2.9070E-02
  104   2.2162E-02
  105   1.7147E-02
  106   1.3859E-02
  107   1.2045E-02
  108   1.1089E-02
  109   1.0728E-02
  110   1.0701E-02
  111   1.0719E-02
  112   1.1485E-02
  113   1.1497E-02
  114   1.1607E-02
  115   1.1633E-02
  116   1.1633E-02
  117   1.1607E-02
  118   1.1497E-02
  119   1.1485E-02
  120   1.0719E-02
  121   1.0701E-02
  122   1.0728E-02
  123   1.1089E-02
  124   1.2045E-02
  125   1.3859E-02
  126   1.7147E-02
  127   2.2162E-02
  128   2.9070E-02
  129   3.6950E-02
  130   4.4076E-02
  131   4.9283E-02
  132   5.2455E-02
  133   5.3822E-02
  134   5.3992E-02
  135   5.3638E-02
  136   5.2053E-02
  137   4.9588E-02
  138   4.9087E-02
  139   4.8935E-02
  140   4.3486E-02
  141   3.8938E-02
  142   3.5936E-02
  143   3.1122E-02
  144   2.6528E-02
  145   2.3334E-02
  146   1.7910E-02
  147   1.4073E-02
  148   1.1324E-02
  149   9.3320E-03
  150   6.3400E-03
  151   4.5690E-03
  152   3.3290E-03
  153   2.3610E-03
  154   1.4550E-03
  155   9.9000E-04
  156   5.3500E-04
  157   3.5000E-04
  158   1.8300E-04
  159   1.4100E-04
  160   6.8000E-05
  161   3.6000E-05
  162   1.1000E-05
  163   8.0000E-06
  164   2.0000E-06
  165   2.0000E-06
