   72   4.0000E-06
   73   1.2000E-05
   74   3.3000E-05
   75   5.9000E-05
   76   1.1600E-04
   77   2.4300E-04
   78   4.0500E-04
   79   7.5800E-04
   80   1.4430E-03
   81   1.9330E-03
   82   2.6950E-03
   83   3.8740E-03
   84   5.7270E-03
   85   6.7690E-03
   86   8.5000E-03
   87   1.0535E-02
   88   1.2671E-02
   89   1.5720E-02
   90   2.0189E-02
   91   2.3287E-02
   92   2.6551E-02
   93   3.1929E-02
   94   3.7932E-02
   95   4.1253E-02
   96   4.6056E-02
   97   4.8282E-02
   98   5.0498E-02
   99   5.2983E-02
  100   5.6602E-02
  101   5.6192E-02
  102   5.7121E-02
  103   5.9040E-02
  104   5.8951E-02
  105   5.7942E-02
  106   5.2479E-02
  107   4.3421E-02
  108   3.3000E-02
  109   2.3557E-02
  110   1.5678E-02
  111   1.0073E-02
  112   6.4580E-03
  113   4.2360E-03
  114   3.1980E-03
  115   2.5800E-03
  116   2.3970E-03
  117   2.2380E-03
  118   2.1660E-03
  119   2.1950E-03
  120   2.1950E-03
  121   2.1660E-03
  122   2.2380E-03
  123   2.3970E-03
  124   2.5800E-03
  125   3.1980E-03
  126   4.2360E-03
  127   6.4580E-03
  128   1.0073E-02
  129   1.5678E-02
  130   2.3557E-02
  131   3.3000E-02
  132   4.3421E-02
  133   5.2479E-02
  134   5.7942E-02
  135   5.8951E-02
  136   5.9040E-02
  137   5.7121E-02
  138   5.6192E-02
  139   5.6602E-02
  140   5.2983E-02
  141   5.0498E-02
  142   4.8282E-02
  143   4.6056E-02
  144   4.1256E-02
  145   3.7929E-02
  146   3.1929E-02
  147   2.6551E-02
  148   2.3287E-02
  149   2.0189E-02
  150   1.5720E-02
  151   1.2671E-02
  152   1.0535E-02
  153   8.5000E-03
  154   6.7690E-03
  155   5.7270E-03
  156   3.8740E-03
  157   2.6950E-03
  158   1.9330E-03
  159   1.4430E-03
  160   7.5800E-04
  161   4.0500E-04
  162   2.4300E-04
  163   1.1600E-04
  164   5.9000E-05
  165   3.3000E-05
  166   1.2000E-05
  167   4.0000E-06
