   71   4.0000E-06
   72   6.0000E-06
   73   2.1000E-05
   74   3.6000E-05
   75   5.3000E-05
   76   1.1100E-04
   77   1.8900E-04
   78   3.2100E-04
   79   5.8000E-04
   80   9.5800E-04
   81   1.3770E-03
   82   1.9480E-03
   83   2.7740E-03
   84   3.9310E-03
   85   5.1510E-03
   86   6.9130E-03
   87   8.6140E-03
   88   1.0726E-02
   89   1.3677E-02
   90   1.8947E-02
   91   2.1186E-02
   92   2.5377E-02
   93   3.0331E-02
   94   3.6055E-02
   95   3.9972E-02
   96   4.5255E-02
   97   4.7476E-02
   98   4.9329E-02
   99   5.2638E-02
  100   5.5912E-02
  101   5.5045E-02
  102   5.5239E-02
  103   5.5940E-02
  104   5.5906E-02
  105   5.4665E-02
  106   5.1674E-02
  107   4.4262E-02
  108   3.5767E-02
  109   2.7895E-02
  110   2.0303E-02
  111   1.4480E-02
  112   1.0308E-02
  113   7.6480E-03
  114   5.9810E-03
  115   5.0800E-03
  116   4.6770E-03
  117   4.4710E-03
  118   4.3570E-03
  119   4.3240E-03
  120   4.2030E-03
  121   4.3200E-03
  122   4.3440E-03
  123   4.4990E-03
  124   4.6870E-03
  125   5.1550E-03
  126   6.1090E-03
  127   7.9430E-03
  128   1.0905E-02
  129   1.5670E-02
  130   2.2113E-02
  131   3.0186E-02
  132   3.9002E-02
  133   4.7806E-02
  134   5.4086E-02
  135   5.5289E-02
  136   5.5744E-02
  137   5.6197E-02
  138   5.5912E-02
  139   5.5855E-02
  140   5.4522E-02
  141   5.1637E-02
  142   4.8895E-02
  143   4.6737E-02
  144   4.3989E-02
  145   3.8706E-02
  146   3.3588E-02
  147   2.8609E-02
  148   2.4035E-02
  149   2.0446E-02
  150   1.7060E-02
  151   1.2836E-02
  152   9.8840E-03
  153   8.0670E-03
  154   6.5780E-03
  155   4.8420E-03
  156   3.6440E-03
  157   2.6210E-03
  158   1.8510E-03
  159   1.2940E-03
  160   9.0300E-04
  161   5.4700E-04
  162   3.1600E-04
  163   1.8300E-04
  164   1.0700E-04
  165   5.3000E-05
  166   3.6000E-05
  167   2.1000E-05
  168   6.0000E-06
  169   4.0000E-06
