   73   7.0000E-06
   74   2.6000E-05
   75   3.9000E-05
   76   1.0300E-04
   77   2.4500E-04
   78   4.0700E-04
   79   7.8200E-04
   80   1.4970E-03
   81   2.0250E-03
   82   2.9130E-03
   83   4.0610E-03
   84   6.6400E-03
   85   7.2650E-03
   86   8.9830E-03
   87   1.1523E-02
   88   1.4756E-02
   89   1.7734E-02
   90   2.3888E-02
   91   2.6130E-02
   92   3.0178E-02
   93   3.6328E-02
   94   4.3986E-02
   95   4.5411E-02
   96   4.9613E-02
   97   5.3024E-02
   98   5.4033E-02
   99   5.5777E-02
  100   6.0667E-02
  101   5.9184E-02
  102   5.9511E-02
  103   6.1411E-02
  104   6.1290E-02
  105   5.4837E-02
  106   4.5998E-02
  107   3.4154E-02
  108   2.3239E-02
  109   1.5103E-02
  110   9.4280E-03
  111   5.3290E-03
  112   3.2590E-03
  113   2.1050E-03
  114   1.5610E-03
  115   1.3060E-03
  116   1.3320E-03
  117   1.1280E-03
  118   1.1460E-03
  119   1.2340E-03
  120   1.1460E-03
  121   1.1280E-03
  122   1.3320E-03
  123   1.3060E-03
  124   1.5610E-03
  125   2.1050E-03
  126   3.2590E-03
  127   5.3290E-03
  128   9.4280E-03
  129   1.5103E-02
  130   2.3239E-02
  131   3.4154E-02
  132   4.5998E-02
  133   5.4837E-02
  134   6.1290E-02
  135   6.1411E-02
  136   5.9511E-02
  137   5.9184E-02
  138   6.0667E-02
  139   5.5777E-02
  140   5.4033E-02
  141   5.3024E-02
  142   4.9613E-02
  143   4.5411E-02
  144   4.3986E-02
  145   3.6328E-02
  146   3.0178E-02
  147   2.6130E-02
  148   2.3888E-02
  149   1.7734E-02
  150   1.4756E-02
  151   1.1523E-02
  152   8.9830E-03
  153   7.2650E-03
  154   6.6400E-03
  155   4.0610E-03
  156   2.9130E-03
  157   2.0250E-03
  158   1.4970E-03
  159   7.8200E-04
  160   4.0700E-04
  161   2.4500E-04
  162   1.0300E-04
  163   3.9000E-05
  164   2.6000E-05
  165   7.0000E-06
