   59   6.0000E-06
   60   5.0000E-06
   61   4.0000E-06
   62   1.0000E-05
   63   1.2000E-05
   64   9.0000E-06
   65   2.3000E-05
   66   4.5000E-05
   67   5.6000E-05
   68   6.2000E-05
   69   8.3000E-05
   70   1.2900E-04
   71   1.5400E-04
   72   2.4000E-04
   73   2.9600E-04
   74   3.9200E-04
   75   4.7400E-04
   76   7.5200E-04
   77   9.1200E-04
   78   1.2370E-03
   79   1.5580E-03
   80   1.8720E-03
   81   2.4420E-03
   82   3.1030E-03
   83   3.7830E-03
   84   4.5040E-03
   85   5.4290E-03
   86   6.8110E-03
   87   7.6250E-03
   88   9.3320E-03
   89   1.0566E-02
   90   1.1708E-02
   91   1.3585E-02
   92   1.5641E-02
   93   1.6795E-02
   94   1.8818E-02
   95   2.0886E-02
   96   2.2975E-02
   97   2.5125E-02
   98   2.7252E-02
   99   2.9341E-02
  100   3.1480E-02
  101   3.3659E-02
  102   3.5684E-02
  103   3.7751E-02
  104   3.9917E-02
  105   4.2125E-02
  106   4.4032E-02
  107   4.6056E-02
  108   4.8063E-02
  109   5.0040E-02
  110   5.1902E-02
  111   5.3716E-02
  112   5.4384E-02
  113   5.5905E-02
  114   5.6331E-02
  115   5.6773E-02
  116   5.6675E-02
  117   5.6264E-02
  118   5.5808E-02
  119   5.4272E-02
  120   5.3608E-02
  121   5.1767E-02
  122   5.0042E-02
  123   4.7902E-02
  124   4.5908E-02
  125   4.4012E-02
  126   4.2127E-02
  127   3.9972E-02
  128   3.8064E-02
  129   3.5852E-02
  130   3.3788E-02
  131   3.1592E-02
  132   2.9386E-02
  133   2.7100E-02
  134   2.5168E-02
  135   2.2628E-02
  136   2.0845E-02
  137   1.8696E-02
  138   1.6735E-02
  139   1.5356E-02
  140   1.3223E-02
  141   1.1543E-02
  142   1.0305E-02
  143   9.0660E-03
  144   7.4050E-03
  145   6.4370E-03
  146   5.2350E-03
  147   4.3820E-03
  148   3.5780E-03
  149   2.9290E-03
  150   2.2910E-03
  151   1.7990E-03
  152   1.4990E-03
  153   1.1550E-03
  154   8.7900E-04
  155   7.0700E-04
  156   4.5500E-04
  157   3.7800E-04
  158   2.8400E-04
  159   2.3800E-04
  160   1.4900E-04
  161   1.2300E-04
  162   8.3000E-05
  163   6.2000E-05
  164   5.4000E-05
  165   4.5000E-05
  166   2.3000E-05
  167   9.0000E-06
  168   1.2000E-05
  169   1.0000E-05
  170   4.0000E-06
  171   5.0000E-06
  172   6.0000E-06
