   67   2.0000E-06
   68   2.0000E-06
   69   2.0000E-06
   70   4.0000E-06
   71   1.8000E-05
   72   2.0000E-05
   73   3.2000E-05
   74   4.9000E-05
   75   8.9000E-05
   76   1.7600E-04
   77   2.7100E-04
   78   4.5700E-04
   79   7.0800E-04
   80   1.1940E-03
   81   1.5550E-03
   82   2.1290E-03
   83   2.9920E-03
   84   4.3980E-03
   85   5.2480E-03
   86   7.0370E-03
   87   8.4690E-03
   88   1.0566E-02
   89   1.3132E-02
   90   1.7359E-02
   91   1.9373E-02
   92   2.2505E-02
   93   2.6518E-02
   94   3.1354E-02
   95   3.3705E-02
   96   3.7705E-02
   97   4.0097E-02
   98   4.1905E-02
   99   4.3849E-02
  100   4.6724E-02
  101   4.6670E-02
  102   4.7471E-02
  103   4.8980E-02
  104   4.9445E-02
  105   4.7599E-02
  106   4.5403E-02
  107   4.0590E-02
  108   3.4654E-02
  109   2.9185E-02
  110   2.5068E-02
  111   2.1413E-02
  112   1.9256E-02
  113   1.7710E-02
  114   1.6968E-02
  115   1.6717E-02
  116   1.6654E-02
  117   1.6630E-02
  118   1.6362E-02
  119   1.6648E-02
  120   1.6847E-02
  121   1.6627E-02
  122   1.6419E-02
  123   1.6769E-02
  124   1.6855E-02
  125   1.7140E-02
  126   1.7838E-02
  127   1.9116E-02
  128   2.1906E-02
  129   2.5326E-02
  130   2.9935E-02
  131   3.5975E-02
  132   4.2289E-02
  133   4.6413E-02
  134   4.9279E-02
  135   4.9606E-02
  136   4.9053E-02
  137   4.8352E-02
  138   4.7851E-02
  139   4.6328E-02
  140   4.4527E-02
  141   4.2222E-02
  142   4.0624E-02
  143   3.7591E-02
  144   3.4970E-02
  145   3.0564E-02
  146   2.6548E-02
  147   2.2784E-02
  148   2.0021E-02
  149   1.6821E-02
  150   1.3560E-02
  151   1.0754E-02
  152   8.5450E-03
  153   7.0200E-03
  154   5.6310E-03
  155   4.4010E-03
  156   3.1160E-03
  157   2.2250E-03
  158   1.6580E-03
  159   1.2700E-03
  160   7.2400E-04
  161   5.2500E-04
  162   3.1600E-04
  163   1.8200E-04
  164   1.3300E-04
  165   5.8000E-05
  166   3.9000E-05
  167   2.8000E-05
  168   1.8000E-05
  169   1.2000E-05
  170   4.0000E-06
  171   2.0000E-06
  172   2.0000E-06
  173   2.0000E-06
