   72   5.0000E-06
   73   5.0000E-06
   74   2.7000E-05
   75   3.5000E-05
   76   1.0000E-04
   77   1.7200E-04
   78   3.5100E-04
   79   5.5900E-04
   80   1.2580E-03
   81   1.6930E-03
   82   2.4000E-03
   83   3.7640E-03
   84   5.8810E-03
   85   7.0210E-03
   86   9.1660E-03
   87   1.2301E-02
   88   1.6783E-02
   89   2.0653E-02
   90   2.6533E-02
   91   3.0412E-02
   92   3.5033E-02
   93   4.1449E-02
   94   5.0161E-02
   95   5.1885E-02
   96   5.3778E-02
   97   5.6716E-02
   98   5.9609E-02
   99   6.1151E-02
  100   6.2932E-02
  101   6.1271E-02
  102   6.1073E-02
  103   6.0347E-02
  104   5.7477E-02
  105   4.8021E-02
  106   3.5808E-02
  107   2.4558E-02
  108   1.5667E-02
  109   9.6140E-03
  110   5.1270E-03
  111   2.8590E-03
  112   1.7300E-03
  113   1.1100E-03
  114   8.0900E-04
  115   7.0800E-04
  116   7.1400E-04
  117   6.4000E-04
  118   6.2000E-04
  119   6.2000E-04
  120   6.4000E-04
  121   7.1400E-04
  122   7.0800E-04
  123   8.0900E-04
  124   1.1100E-03
  125   1.7300E-03
  126   2.8590E-03
  127   5.1270E-03
  128   9.6140E-03
  129   1.5667E-02
  130   2.4558E-02
  131   3.5808E-02
  132   4.8021E-02
  133   5.7477E-02
  134   6.0347E-02
  135   6.1073E-02
  136   6.1271E-02
  137   6.2932E-02
  138   6.1151E-02
  139   5.9609E-02
  140   5.6716E-02
  141   5.3778E-02
  142   5.1885E-02
  143   5.0161E-02
  144   4.1449E-02
  145   3.5033E-02
  146   3.0412E-02
  147   2.6533E-02
  148   2.0653E-02
  149   1.6783E-02
  150   1.2301E-02
  151   9.1660E-03
  152   7.0210E-03
  153   5.8810E-03
  154   3.7640E-03
  155   2.4000E-03
  156   1.6930E-03
  157   1.2580E-03
  158   5.5900E-04
  159   3.5100E-04
  160   1.7200E-04
  161   1.0000E-04
  162   3.5000E-05
  163   2.7000E-05
  164   5.0000E-06
  165   5.0000E-06
