   59   2.0000E-06
   60   4.0000E-06
   61   7.0000E-06
   62   1.3000E-05
   63   1.5000E-05
   64   2.0000E-05
   65   2.7000E-05
   66   3.4000E-05
   67   4.2000E-05
   68   7.8000E-05
   69   8.3000E-05
   70   1.2600E-04
   71   1.5900E-04
   72   2.0700E-04
   73   2.6200E-04
   74   4.4200E-04
   75   5.0600E-04
   76   7.1200E-04
   77   8.8200E-04
   78   1.2640E-03
   79   1.4700E-03
   80   1.9160E-03
   81   2.5440E-03
   82   3.2010E-03
   83   3.8900E-03
   84   5.0240E-03
   85   5.9840E-03
   86   7.1260E-03
   87   8.2250E-03
   88   1.0438E-02
   89   1.1668E-02
   90   1.3210E-02
   91   1.5069E-02
   92   1.6830E-02
   93   1.8709E-02
   94   2.0570E-02
   95   2.2134E-02
   96   2.3980E-02
   97   2.5609E-02
   98   2.7740E-02
   99   2.9884E-02
  100   3.1428E-02
  101   3.2898E-02
  102   3.4792E-02
  103   3.5642E-02
  104   3.6590E-02
  105   3.8121E-02
  106   3.9815E-02
  107   4.1617E-02
  108   4.3614E-02
  109   4.5670E-02
  110   4.6522E-02
  111   4.7806E-02
  112   4.9190E-02
  113   5.0069E-02
  114   5.1504E-02
  115   5.1947E-02
  116   5.2503E-02
  117   5.2257E-02
  118   5.1942E-02
  119   5.0950E-02
  120   4.9517E-02
  121   4.8850E-02
  122   4.7116E-02
  123   4.6347E-02
  124   4.5084E-02
  125   4.3052E-02
  126   4.1269E-02
  127   3.9517E-02
  128   3.8197E-02
  129   3.6911E-02
  130   3.6284E-02
  131   3.4646E-02
  132   3.2654E-02
  133   3.1120E-02
  134   2.9219E-02
  135   2.7032E-02
  136   2.4943E-02
  137   2.3240E-02
  138   2.1678E-02
  139   1.9629E-02
  140   1.7748E-02
  141   1.5757E-02
  142   1.3909E-02
  143   1.2312E-02
  144   1.0816E-02
  145   8.9830E-03
  146   7.4470E-03
  147   6.3980E-03
  148   5.2520E-03
  149   4.2700E-03
  150   3.4110E-03
  151   2.7570E-03
  152   2.1370E-03
  153   1.6010E-03
  154   1.3500E-03
  155   1.0600E-03
  156   7.4900E-04
  157   6.0400E-04
  158   4.7200E-04
  159   3.6000E-04
  160   2.6400E-04
  161   1.8200E-04
  162   1.3000E-04
  163   1.2000E-04
  164   7.0000E-05
  165   8.0000E-05
  166   3.6000E-05
  167   3.4000E-05
  168   2.8000E-05
  169   2.1000E-05
  170   1.0000E-05
  171   1.3000E-05
  172   7.0000E-06
  173   4.0000E-06
  174   2.0000E-06
