   62   2.0000E-06
   63   6.0000E-06
   64   1.0000E-05
   65   9.0000E-06
   66   1.9000E-05
   67   1.8000E-05
   68   3.3000E-05
   69   5.2000E-05
   70   6.6000E-05
   71   1.2200E-04
   72   1.7000E-04
   73   2.1900E-04
   74   3.4000E-04
   75   4.7200E-04
   76   7.4700E-04
   77   9.0400E-04
   78   1.3130E-03
   79   1.6460E-03
   80   2.0780E-03
   81   2.7880E-03
   82   3.7270E-03
   83   4.3280E-03
   84   5.1790E-03
   85   6.4700E-03
   86   7.9930E-03
   87   9.0790E-03
   88   1.1083E-02
   89   1.2493E-02
   90   1.3927E-02
   91   1.5640E-02
   92   1.7642E-02
   93   1.9271E-02
   94   2.1061E-02
   95   2.3155E-02
   96   2.5091E-02
   97   2.6777E-02
   98   2.9297E-02
   99   3.1123E-02
  100   3.2833E-02
  101   3.4416E-02
  102   3.6648E-02
  103   3.7784E-02
  104   3.8861E-02
  105   4.0151E-02
  106   4.1618E-02
  107   4.3473E-02
  108   4.5072E-02
  109   4.6489E-02
  110   4.8687E-02
  111   4.9838E-02
  112   5.0764E-02
  113   5.2267E-02
  114   5.3492E-02
  115   5.3445E-02
  116   5.3492E-02
  117   5.3444E-02
  118   5.2282E-02
  119   5.0720E-02
  120   4.9853E-02
  121   4.8649E-02
  122   4.6486E-02
  123   4.5052E-02
  124   4.3470E-02
  125   4.1657E-02
  126   4.0174E-02
  127   3.8964E-02
  128   3.7881E-02
  129   3.6761E-02
  130   3.4530E-02
  131   3.2914E-02
  132   3.1056E-02
  133   2.9319E-02
  134   2.6733E-02
  135   2.5119E-02
  136   2.3089E-02
  137   2.1051E-02
  138   1.9274E-02
  139   1.7580E-02
  140   1.5592E-02
  141   1.3822E-02
  142   1.2450E-02
  143   1.0977E-02
  144   9.0210E-03
  145   7.9140E-03
  146   6.3670E-03
  147   5.1280E-03
  148   4.3050E-03
  149   3.6960E-03
  150   2.7150E-03
  151   2.0580E-03
  152   1.6530E-03
  153   1.2760E-03
  154   9.0100E-04
  155   7.2400E-04
  156   4.6300E-04
  157   3.3600E-04
  158   2.1900E-04
  159   1.7200E-04
  160   1.2000E-04
  161   6.6000E-05
  162   5.2000E-05
  163   3.3000E-05
  164   1.8000E-05
  165   1.9000E-05
  166   9.0000E-06
  167   1.0000E-05
  168   6.0000E-06
  169   2.0000E-06
