   67   2.0000E-06
   68   5.0000E-06
   69   1.4000E-05
   70   2.4000E-05
   71   4.0000E-05
   72   9.6000E-05
   73   1.6700E-04
   74   2.5400E-04
   75   4.7900E-04
   76   8.4100E-04
   77   1.1470E-03
   78   2.1370E-03
   79   2.7700E-03
   80   3.9590E-03
   81   5.4600E-03
   82   7.9280E-03
   83   9.8440E-03
   84   1.2280E-02
   85   1.6050E-02
   86   2.0283E-02
   87   2.3627E-02
   88   2.9061E-02
   89   3.2791E-02
   90   3.5839E-02
   91   4.0609E-02
   92   4.7077E-02
   93   4.7165E-02
   94   4.8706E-02
   95   5.1033E-02
   96   5.2465E-02
   97   5.2930E-02
   98   5.4374E-02
   99   5.2842E-02
  100   5.1115E-02
  101   4.7851E-02
  102   4.2786E-02
  103   3.4785E-02
  104   2.7067E-02
  105   2.0648E-02
  106   1.6072E-02
  107   1.3213E-02
  108   1.1841E-02
  109   1.0892E-02
  110   1.0493E-02
  111   1.0716E-02
  112   1.0751E-02
  113   1.0987E-02
  114   1.1409E-02
  115   1.1482E-02
  116   1.1162E-02
  117   1.1482E-02
  118   1.1409E-02
  119   1.0987E-02
  120   1.0751E-02
  121   1.0716E-02
  122   1.0493E-02
  123   1.0892E-02
  124   1.1841E-02
  125   1.3213E-02
  126   1.6072E-02
  127   2.0648E-02
  128   2.7067E-02
  129   3.4785E-02
  130   4.2786E-02
  131   4.7851E-02
  132   5.1115E-02
  133   5.2842E-02
  134   5.4374E-02
  135   5.2930E-02
  136   5.2465E-02
  137   5.1033E-02
  138   4.8706E-02
  139   4.7165E-02
  140   4.7077E-02
  141   4.0609E-02
  142   3.5839E-02
  143   3.2791E-02
  144   2.9061E-02
  145   2.3627E-02
  146   2.0283E-02
  147   1.6050E-02
  148   1.2280E-02
  149   9.8440E-03
  150   7.9280E-03
  151   5.4600E-03
  152   3.9590E-03
  153   2.7700E-03
  154   2.1370E-03
  155   1.1470E-03
  156   8.4100E-04
  157   4.7900E-04
  158   2.5400E-04
  159   1.6700E-04
  160   9.6000E-05
  161   4.0000E-05
  162   2.4000E-05
  163   1.4000E-05
  164   5.0000E-06
  165   2.0000E-06
