   78   8.0000E-06
   79   2.2000E-05
   80   4.6000E-05
   81   9.8000E-05
   82   3.6200E-04
   83   6.8400E-04
   84   1.4320E-03
   85   2.4780E-03
   86   4.1960E-03
   87   5.7070E-03
   88   1.0309E-02
   89   1.0284E-02
   90   1.1827E-02
   91   1.2802E-02
   92   1.4183E-02
   93   1.2721E-02
   94   1.4824E-02
   95   1.4609E-02
   96   1.5464E-02
   97   1.8829E-02
   98   2.4018E-02
   99   2.5660E-02
  100   3.0480E-02
  101   3.3325E-02
  102   3.5742E-02
  103   3.9074E-02
  104   4.4891E-02
  105   4.3554E-02
  106   4.6440E-02
  107   5.2782E-02
  108   5.9935E-02
  109   6.5750E-02
  110   7.8145E-02
  111   7.1499E-02
  112   6.1968E-02
  113   5.1486E-02
  114   3.8572E-02
  115   2.1577E-02
  116   1.2915E-02
  117   6.0830E-03
  118   2.8960E-03
  119   1.1650E-03
  120   5.9700E-04
  121   2.6800E-04
  122   1.6000E-04
  123   8.3000E-05
  124   7.0000E-05
  125   8.3000E-05
  126   1.6000E-04
  127   2.6800E-04
  128   5.9700E-04
  129   1.1650E-03
  130   2.8960E-03
  131   6.0830E-03
  132   1.2915E-02
  133   2.1577E-02
  134   3.8572E-02
  135   5.1486E-02
  136   6.1968E-02
  137   7.1499E-02
  138   7.8145E-02
  139   6.5750E-02
  140   5.9935E-02
  141   5.2782E-02
  142   4.6440E-02
  143   4.3554E-02
  144   4.4891E-02
  145   3.9074E-02
  146   3.5742E-02
  147   3.3325E-02
  148   3.0480E-02
  149   2.5660E-02
  150   2.4018E-02
  151   1.8829E-02
  152   1.5464E-02
  153   1.4609E-02
  154   1.4824E-02
  155   1.2721E-02
  156   1.4183E-02
  157   1.2802E-02
  158   1.1827E-02
  159   1.0284E-02
  160   1.0309E-02
  161   5.7070E-03
  162   4.1960E-03
  163   2.4780E-03
  164   1.4320E-03
  165   6.8400E-04
  166   3.6200E-04
  167   9.8000E-05
  168   4.6000E-05
  169   2.2000E-05
  170   8.0000E-06
