   70   6.0000E-06
   71   6.0000E-06
   72   2.2000E-05
   73   2.1000E-05
   74   5.2000E-05
   75   9.4000E-05
   76   1.5900E-04
   77   2.4100E-04
   78   3.7000E-04
   79   6.0200E-04
   80   1.0420E-03
   81   1.3220E-03
   82   1.9490E-03
   83   2.6490E-03
   84   3.8330E-03
   85   4.6260E-03
   86   6.1640E-03
   87   7.5600E-03
   88   9.1700E-03
   89   1.1391E-02
   90   1.4692E-02
   91   1.6894E-02
   92   1.9821E-02
   93   2.3049E-02
   94   2.6790E-02
   95   2.9879E-02
   96   3.3554E-02
   97   3.5666E-02
   98   3.7548E-02
   99   3.9906E-02
  100   4.2696E-02
  101   4.3047E-02
  102   4.4621E-02
  103   4.5898E-02
  104   4.6360E-02
  105   4.6600E-02
  106   4.5030E-02
  107   4.1146E-02
  108   3.6736E-02
  109   3.2570E-02
  110   2.8616E-02
  111   2.5651E-02
  112   2.3828E-02
  113   2.2128E-02
  114   2.1769E-02
  115   2.1550E-02
  116   2.1542E-02
  117   2.1699E-02
  118   2.1515E-02
  119   2.1579E-02
  120   2.1750E-02
  121   2.1697E-02
  122   2.1564E-02
  123   2.1959E-02
  124   2.1694E-02
  125   2.1954E-02
  126   2.2473E-02
  127   2.3271E-02
  128   2.5174E-02
  129   2.7889E-02
  130   3.1491E-02
  131   3.6196E-02
  132   4.0838E-02
  133   4.4462E-02
  134   4.7469E-02
  135   4.7464E-02
  136   4.7150E-02
  137   4.5720E-02
  138   4.4777E-02
  139   4.3870E-02
  140   4.1660E-02
  141   3.9763E-02
  142   3.7332E-02
  143   3.4867E-02
  144   3.2561E-02
  145   2.8794E-02
  146   2.5192E-02
  147   2.1730E-02
  148   1.8791E-02
  149   1.6060E-02
  150   1.3253E-02
  151   1.0646E-02
  152   8.4590E-03
  153   7.0030E-03
  154   5.6850E-03
  155   4.4680E-03
  156   3.2400E-03
  157   2.4120E-03
  158   1.7370E-03
  159   1.2850E-03
  160   8.5000E-04
  161   5.3400E-04
  162   3.3300E-04
  163   2.3400E-04
  164   1.5200E-04
  165   9.1000E-05
  166   5.7000E-05
  167   2.2000E-05
  168   2.5000E-05
  169   7.0000E-06
  170   6.0000E-06
  171   6.0000E-06
