   71   3.0000E-06
   72   7.0000E-06
   73   4.0000E-06
   74   1.5000E-05
   75   2.3000E-05
   76   5.4000E-05
   77   9.2000E-05
   78   1.6500E-04
   79   2.6000E-04
   80   4.7200E-04
   81   8.0700E-04
   82   1.2750E-03
   83   1.8040E-03
   84   2.4870E-03
   85   3.4160E-03
   86   4.9720E-03
   87   5.6230E-03
   88   6.9620E-03
   89   8.4860E-03
   90   1.0305E-02
   91   1.1852E-02
   92   1.5430E-02
   93   1.7610E-02
   94   2.0213E-02
   95   2.4250E-02
   96   2.9616E-02
   97   3.1427E-02
   98   3.5884E-02
   99   3.8619E-02
  100   4.1155E-02
  101   4.3538E-02
  102   4.6970E-02
  103   4.7086E-02
  104   4.8561E-02
  105   5.0537E-02
  106   5.2677E-02
  107   5.1980E-02
  108   5.1440E-02
  109   4.6129E-02
  110   3.9849E-02
  111   3.3358E-02
  112   2.7389E-02
  113   2.2327E-02
  114   1.8622E-02
  115   1.6357E-02
  116   1.4740E-02
  117   1.3763E-02
  118   1.3318E-02
  119   1.2859E-02
  120   1.2886E-02
  121   1.2743E-02
  122   1.2391E-02
  123   1.2632E-02
  124   1.3007E-02
  125   1.3048E-02
  126   1.3387E-02
  127   1.4372E-02
  128   1.5755E-02
  129   1.8035E-02
  130   2.1865E-02
  131   2.7000E-02
  132   3.3445E-02
  133   4.0573E-02
  134   4.7279E-02
  135   5.1464E-02
  136   5.3979E-02
  137   5.2381E-02
  138   5.0549E-02
  139   4.9455E-02
  140   4.8525E-02
  141   4.6563E-02
  142   4.5245E-02
  143   4.2208E-02
  144   3.9585E-02
  145   3.6861E-02
  146   3.3785E-02
  147   2.9676E-02
  148   2.5163E-02
  149   2.1586E-02
  150   1.8735E-02
  151   1.5975E-02
  152   1.3282E-02
  153   1.0844E-02
  154   9.1930E-03
  155   7.4770E-03
  156   6.4480E-03
  157   5.0860E-03
  158   3.8850E-03
  159   2.7150E-03
  160   2.0360E-03
  161   1.4020E-03
  162   9.3800E-04
  163   6.0600E-04
  164   3.5800E-04
  165   2.1200E-04
  166   1.4300E-04
  167   1.0000E-04
  168   5.0000E-05
  169   2.3000E-05
  170   1.6000E-05
  171   7.0000E-06
  172   7.0000E-06
  173   2.0000E-06
  174   3.0000E-06
