   75   4.0000E-06
   76   1.0000E-05
   77   3.9000E-05
   78   7.7000E-05
   79   1.8100E-04
   80   4.0700E-04
   81   6.8500E-04
   82   1.2330E-03
   83   1.8600E-03
   84   2.9890E-03
   85   4.0380E-03
   86   5.7360E-03
   87   6.4950E-03
   88   7.8810E-03
   89   1.0315E-02
   90   1.4530E-02
   91   1.6857E-02
   92   2.1293E-02
   93   2.5447E-02
   94   3.0751E-02
   95   3.7007E-02
   96   4.5428E-02
   97   4.6857E-02
   98   4.9328E-02
   99   5.3266E-02
  100   5.7802E-02
  101   5.9727E-02
  102   6.0802E-02
  103   6.0723E-02
  104   6.2665E-02
  105   6.5626E-02
  106   6.5641E-02
  107   5.8865E-02
  108   4.6131E-02
  109   3.2526E-02
  110   2.1201E-02
  111   1.2538E-02
  112   6.5890E-03
  113   3.0580E-03
  114   1.4700E-03
  115   7.2100E-04
  116   3.7300E-04
  117   2.6900E-04
  118   2.1900E-04
  119   1.7300E-04
  120   1.4900E-04
  121   1.4900E-04
  122   1.7300E-04
  123   2.1900E-04
  124   2.6900E-04
  125   3.7300E-04
  126   7.2100E-04
  127   1.4700E-03
  128   3.0580E-03
  129   6.5890E-03
  130   1.2538E-02
  131   2.1201E-02
  132   3.2526E-02
  133   4.6131E-02
  134   5.8865E-02
  135   6.5641E-02
  136   6.5626E-02
  137   6.2665E-02
  138   6.0723E-02
  139   6.0802E-02
  140   5.9727E-02
  141   5.7802E-02
  142   5.3266E-02
  143   4.9328E-02
  144   4.6857E-02
  145   4.5428E-02
  146   3.7007E-02
  147   3.0751E-02
  148   2.5447E-02
  149   2.1293E-02
  150   1.6857E-02
  151   1.4530E-02
  152   1.0315E-02
  153   7.8810E-03
  154   6.4950E-03
  155   5.7360E-03
  156   4.0380E-03
  157   2.9890E-03
  158   1.8600E-03
  159   1.2330E-03
  160   6.8500E-04
  161   4.0700E-04
  162   1.8100E-04
  163   7.7000E-05
  164   3.9000E-05
  165   1.0000E-05
  166   4.0000E-06
