   70   4.0000E-06
   71   5.0000E-06
   72   7.0000E-06
   73   1.5000E-05
   74   2.3000E-05
   75   5.7000E-05
   76   1.1500E-04
   77   1.7800E-04
   78   3.0100E-04
   79   4.7400E-04
   80   8.3400E-04
   81   1.1520E-03
   82   1.6910E-03
   83   2.4750E-03
   84   3.5230E-03
   85   4.3950E-03
   86   6.2300E-03
   87   7.2060E-03
   88   8.6610E-03
   89   1.0950E-02
   90   1.4797E-02
   91   1.6302E-02
   92   1.9999E-02
   93   2.3585E-02
   94   2.7523E-02
   95   3.0764E-02
   96   3.7094E-02
   97   3.8794E-02
   98   4.1032E-02
   99   4.4081E-02
  100   4.7269E-02
  101   4.7842E-02
  102   4.9761E-02
  103   5.0733E-02
  104   5.1220E-02
  105   5.2561E-02
  106   5.2243E-02
  107   4.7937E-02
  108   4.1917E-02
  109   3.5711E-02
  110   2.9554E-02
  111   2.3525E-02
  112   1.9381E-02
  113   1.6239E-02
  114   1.4239E-02
  115   1.3002E-02
  116   1.2314E-02
  117   1.2005E-02
  118   1.1926E-02
  119   1.1689E-02
  120   1.1809E-02
  121   1.1733E-02
  122   1.1712E-02
  123   1.1861E-02
  124   1.2144E-02
  125   1.2169E-02
  126   1.3127E-02
  127   1.4108E-02
  128   1.6258E-02
  129   1.9955E-02
  130   2.4794E-02
  131   3.0973E-02
  132   3.7468E-02
  133   4.5128E-02
  134   5.0730E-02
  135   5.2228E-02
  136   5.2359E-02
  137   5.1964E-02
  138   5.0776E-02
  139   4.8899E-02
  140   4.9415E-02
  141   4.6067E-02
  142   4.4004E-02
  143   4.1577E-02
  144   3.9692E-02
  145   3.5332E-02
  146   3.1235E-02
  147   2.6681E-02
  148   2.3252E-02
  149   1.9472E-02
  150   1.6958E-02
  151   1.3954E-02
  152   1.1025E-02
  153   8.8510E-03
  154   7.3440E-03
  155   5.9540E-03
  156   4.6420E-03
  157   3.4060E-03
  158   2.3890E-03
  159   1.7310E-03
  160   1.1970E-03
  161   7.8700E-04
  162   5.4300E-04
  163   3.0600E-04
  164   1.8900E-04
  165   1.3800E-04
  166   7.7000E-05
  167   4.1000E-05
  168   1.9000E-05
  169   1.0000E-05
  170   9.0000E-06
  171   3.0000E-06
  172   4.0000E-06
