   75   3.0000E-06
   76   1.2000E-05
   77   1.0000E-05
   78   4.5000E-05
   79   9.4000E-05
   80   2.3800E-04
   81   4.2500E-04
   82   7.0700E-04
   83   1.1620E-03
   84   2.0450E-03
   85   2.6590E-03
   86   4.1090E-03
   87   4.9750E-03
   88   6.4900E-03
   89   9.0990E-03
   90   1.3647E-02
   91   1.6892E-02
   92   2.1568E-02
   93   2.6282E-02
   94   3.2401E-02
   95   3.9231E-02
   96   4.9226E-02
   97   5.0190E-02
   98   5.2889E-02
   99   5.7148E-02
  100   6.2206E-02
  101   6.3426E-02
  102   6.4296E-02
  103   6.2256E-02
  104   6.1915E-02
  105   6.4065E-02
  106   6.3510E-02
  107   5.5506E-02
  108   4.2409E-02
  109   2.9448E-02
  110   1.8721E-02
  111   1.0864E-02
  112   5.3630E-03
  113   2.3370E-03
  114   1.0300E-03
  115   4.9200E-04
  116   2.1800E-04
  117   1.1200E-04
  118   9.7000E-05
  119   1.0000E-04
  120   6.5000E-05
  121   6.5000E-05
  122   1.0000E-04
  123   9.7000E-05
  124   1.1200E-04
  125   2.1800E-04
  126   4.9200E-04
  127   1.0300E-03
  128   2.3370E-03
  129   5.3630E-03
  130   1.0864E-02
  131   1.8721E-02
  132   2.9448E-02
  133   4.2409E-02
  134   5.5506E-02
  135   6.3510E-02
  136   6.4065E-02
  137   6.1915E-02
  138   6.2256E-02
  139   6.4296E-02
  140   6.3426E-02
  141   6.2206E-02
  142   5.7148E-02
  143   5.2889E-02
  144   5.0190E-02
  145   4.9226E-02
  146   3.9231E-02
  147   3.2401E-02
  148   2.6282E-02
  149   2.1568E-02
  150   1.6892E-02
  151   1.3647E-02
  152   9.0990E-03
  153   6.4900E-03
  154   4.9750E-03
  155   4.1090E-03
  156   2.6590E-03
  157   2.0450E-03
  158   1.1620E-03
  159   7.0700E-04
  160   4.2500E-04
  161   2.3800E-04
  162   9.4000E-05
  163   4.5000E-05
  164   1.0000E-05
  165   1.2000E-05
  166   3.0000E-06
