   72   9.0000E-06
   73   1.9000E-05
   74   2.0000E-05
   75   5.7000E-05
   76   9.0000E-05
   77   1.5100E-04
   78   2.7500E-04
   79   3.6500E-04
   80   6.5500E-04
   81   9.6600E-04
   82   1.5340E-03
   83   2.0510E-03
   84   2.8760E-03
   85   3.7530E-03
   86   5.3930E-03
   87   6.3310E-03
   88   7.8090E-03
   89   9.7750E-03
   90   1.2539E-02
   91   1.4810E-02
   92   1.8373E-02
   93   2.1714E-02
   94   2.4612E-02
   95   2.9485E-02
   96   3.4557E-02
   97   3.7162E-02
   98   4.0479E-02
   99   4.3505E-02
  100   4.5732E-02
  101   4.7838E-02
  102   5.0070E-02
  103   4.9614E-02
  104   5.0811E-02
  105   5.2478E-02
  106   5.2664E-02
  107   5.0561E-02
  108   4.6741E-02
  109   4.1022E-02
  110   3.4263E-02
  111   2.8064E-02
  112   2.2675E-02
  113   1.8232E-02
  114   1.5226E-02
  115   1.2950E-02
  116   1.1625E-02
  117   1.0928E-02
  118   1.0368E-02
  119   1.0028E-02
  120   9.8110E-03
  121   9.8440E-03
  122   9.6910E-03
  123   9.9400E-03
  124   1.0178E-02
  125   1.0565E-02
  126   1.1344E-02
  127   1.2481E-02
  128   1.4368E-02
  129   1.7789E-02
  130   2.2310E-02
  131   2.8301E-02
  132   3.4585E-02
  133   4.2450E-02
  134   4.8223E-02
  135   5.1899E-02
  136   5.2179E-02
  137   5.2023E-02
  138   5.1252E-02
  139   5.0257E-02
  140   4.9673E-02
  141   4.8195E-02
  142   4.6027E-02
  143   4.3835E-02
  144   4.0843E-02
  145   3.8103E-02
  146   3.4695E-02
  147   2.9516E-02
  148   2.5150E-02
  149   2.1836E-02
  150   1.8646E-02
  151   1.5496E-02
  152   1.2722E-02
  153   1.0193E-02
  154   8.0700E-03
  155   6.7670E-03
  156   5.4790E-03
  157   4.0990E-03
  158   2.9890E-03
  159   2.2000E-03
  160   1.5650E-03
  161   1.1190E-03
  162   6.8500E-04
  163   4.5800E-04
  164   3.0100E-04
  165   2.0500E-04
  166   1.0500E-04
  167   6.8000E-05
  168   3.8000E-05
  169   2.4000E-05
  170   1.4000E-05
  171   7.0000E-06
