   73   2.0000E-06
   74   6.0000E-06
   75   1.5000E-05
   76   4.0000E-05
   77   8.7000E-05
   78   1.5600E-04
   79   3.4900E-04
   80   7.2600E-04
   81   1.2150E-03
   82   2.0450E-03
   83   3.1820E-03
   84   4.3750E-03
   85   5.5900E-03
   86   8.2130E-03
   87   8.7120E-03
   88   9.7870E-03
   89   1.1848E-02
   90   1.4756E-02
   91   1.5931E-02
   92   2.0080E-02
   93   2.2913E-02
   94   2.5877E-02
   95   3.1197E-02
   96   3.8236E-02
   97   3.9841E-02
   98   4.3510E-02
   99   4.7558E-02
  100   4.9654E-02
  101   5.1182E-02
  102   5.5495E-02
  103   5.5797E-02
  104   5.7423E-02
  105   6.1540E-02
  106   6.4005E-02
  107   6.0579E-02
  108   5.4931E-02
  109   4.4465E-02
  110   3.2073E-02
  111   2.2162E-02
  112   1.3996E-02
  113   7.9190E-03
  114   4.3480E-03
  115   2.6240E-03
  116   1.5790E-03
  117   1.1670E-03
  118   9.5700E-04
  119   7.2300E-04
  120   7.6600E-04
  121   7.0600E-04
  122   7.6600E-04
  123   7.2300E-04
  124   9.5700E-04
  125   1.1670E-03
  126   1.5790E-03
  127   2.6240E-03
  128   4.3480E-03
  129   7.9190E-03
  130   1.3996E-02
  131   2.2162E-02
  132   3.2073E-02
  133   4.4465E-02
  134   5.4931E-02
  135   6.0579E-02
  136   6.4005E-02
  137   6.1540E-02
  138   5.7423E-02
  139   5.5797E-02
  140   5.5495E-02
  141   5.1182E-02
  142   4.9654E-02
  143   4.7558E-02
  144   4.3510E-02
  145   3.9841E-02
  146   3.8236E-02
  147   3.1197E-02
  148   2.5877E-02
  149   2.2913E-02
  150   2.0080E-02
  151   1.5931E-02
  152   1.4756E-02
  153   1.1848E-02
  154   9.7870E-03
  155   8.7120E-03
  156   8.2130E-03
  157   5.5900E-03
  158   4.3750E-03
  159   3.1820E-03
  160   2.0450E-03
  161   1.2150E-03
  162   7.2600E-04
  163   3.4900E-04
  164   1.5600E-04
  165   8.7000E-05
  166   4.0000E-05
  167   1.5000E-05
  168   6.0000E-06
  169   2.0000E-06
