   60   1.0000E-05
   61   8.0000E-06
   62   3.8000E-05
   63   5.0000E-05
   64   2.1600E-04
   65   2.4000E-04
   66   5.1200E-04
   67   5.3200E-04
   68   1.3420E-03
   69   9.7300E-04
   70   2.2170E-03
   71   1.5780E-03
   72   2.2340E-03
   73   1.8390E-03
   74   3.8050E-03
   75   2.0000E-03
   76   2.7730E-03
   77   2.3810E-03
   78   3.9270E-03
   79   2.8580E-03
   80   5.3080E-03
   81   4.9270E-03
   82   7.3670E-03
   83   8.8120E-03
   84   1.2744E-02
   85   1.4310E-02
   86   2.1377E-02
   87   2.2472E-02
   88   2.5938E-02
   89   2.9117E-02
   90   3.7971E-02
   91   3.4678E-02
   92   3.6043E-02
   93   3.9258E-02
   94   4.8364E-02
   95   4.5187E-02
   96   4.9040E-02
   97   5.4752E-02
   98   6.2754E-02
   99   6.3457E-02
  100   7.5758E-02
  101   7.3363E-02
  102   7.3797E-02
  103   7.7804E-02
  104   9.1716E-02
  105   7.7804E-02
  106   7.3797E-02
  107   7.3363E-02
  108   7.5758E-02
  109   6.3457E-02
  110   6.2754E-02
  111   5.4752E-02
  112   4.9040E-02
  113   4.5187E-02
  114   4.8364E-02
  115   3.9258E-02
  116   3.6043E-02
  117   3.4678E-02
  118   3.7971E-02
  119   2.9117E-02
  120   2.5938E-02
  121   2.2472E-02
  122   2.1377E-02
  123   1.4310E-02
  124   1.2744E-02
  125   8.8120E-03
  126   7.3670E-03
  127   4.9270E-03
  128   5.3080E-03
  129   2.8580E-03
  130   3.9270E-03
  131   2.3810E-03
  132   2.7730E-03
  133   2.0000E-03
  134   3.8050E-03
  135   1.8390E-03
  136   2.2340E-03
  137   1.5780E-03
  138   2.2170E-03
  139   9.7300E-04
  140   1.3420E-03
  141   5.3200E-04
  142   5.1200E-04
  143   2.4000E-04
  144   2.1600E-04
  145   5.0000E-05
  146   3.8000E-05
  147   8.0000E-06
  148   1.0000E-05
