   60   2.0000E-06
   61   6.0000E-06
   62   1.4000E-05
   63   2.0000E-05
   64   1.3500E-04
   65   1.2500E-04
   66   4.3600E-04
   67   4.2300E-04
   68   1.0630E-03
   69   9.7100E-04
   70   3.3670E-03
   71   1.8350E-03
   72   3.1690E-03
   73   2.3480E-03
   74   5.6690E-03
   75   2.6710E-03
   76   4.9220E-03
   77   2.9590E-03
   78   4.9710E-03
   79   2.7370E-03
   80   5.9880E-03
   81   2.8740E-03
   82   6.9050E-03
   83   4.9840E-03
   84   9.1600E-03
   85   8.5230E-03
   86   2.5005E-02
   87   1.5860E-02
   88   2.7234E-02
   89   2.3185E-02
   90   4.3911E-02
   91   2.6206E-02
   92   4.6866E-02
   93   2.7165E-02
   94   3.7163E-02
   95   2.6052E-02
   96   5.0400E-02
   97   3.0795E-02
   98   4.4412E-02
   99   3.9841E-02
  100   9.2868E-02
  101   5.6005E-02
  102   8.1995E-02
  103   7.0964E-02
  104   1.2188E-01
  105   7.1802E-02
  106   1.2188E-01
  107   7.0964E-02
  108   8.1995E-02
  109   5.6005E-02
  110   9.2868E-02
  111   3.9841E-02
  112   4.4412E-02
  113   3.0795E-02
  114   5.0400E-02
  115   2.6052E-02
  116   3.7163E-02
  117   2.7165E-02
  118   4.6866E-02
  119   2.6206E-02
  120   4.3911E-02
  121   2.3185E-02
  122   2.7234E-02
  123   1.5860E-02
  124   2.5005E-02
  125   8.5230E-03
  126   9.1600E-03
  127   4.9840E-03
  128   6.9050E-03
  129   2.8740E-03
  130   5.9880E-03
  131   2.7370E-03
  132   4.9710E-03
  133   2.9590E-03
  134   4.9220E-03
  135   2.6710E-03
  136   5.6690E-03
  137   2.3480E-03
  138   3.1690E-03
  139   1.8350E-03
  140   3.3670E-03
  141   9.7100E-04
  142   1.0630E-03
  143   4.2300E-04
  144   4.3600E-04
  145   1.2500E-04
  146   1.3500E-04
  147   2.0000E-05
  148   1.4000E-05
  149   6.0000E-06
  150   2.0000E-06
