   60   4.0000E-06
   61   2.0000E-06
   62   1.6000E-05
   63   2.7000E-05
   64   1.1600E-04
   65   1.1400E-04
   66   4.8800E-04
   67   4.3500E-04
   68   1.1030E-03
   69   9.3200E-04
   70   3.3360E-03
   71   1.8420E-03
   72   3.1770E-03
   73   2.3480E-03
   74   5.6590E-03
   75   2.6820E-03
   76   5.0280E-03
   77   2.9430E-03
   78   4.9420E-03
   79   2.6710E-03
   80   6.0480E-03
   81   2.9360E-03
   82   7.0660E-03
   83   4.9840E-03
   84   9.2090E-03
   85   8.4270E-03
   86   2.5125E-02
   87   1.5923E-02
   88   2.7540E-02
   89   2.3472E-02
   90   4.3805E-02
   91   2.6088E-02
   92   4.6367E-02
   93   2.7247E-02
   94   3.6841E-02
   95   2.5960E-02
   96   5.0152E-02
   97   3.0890E-02
   98   4.4234E-02
   99   3.9935E-02
  100   9.2624E-02
  101   5.5836E-02
  102   8.2719E-02
  103   7.0947E-02
  104   1.2131E-01
  105   7.2870E-02
  106   1.2131E-01
  107   7.0947E-02
  108   8.2719E-02
  109   5.5836E-02
  110   9.2624E-02
  111   3.9935E-02
  112   4.4234E-02
  113   3.0890E-02
  114   5.0152E-02
  115   2.5960E-02
  116   3.6841E-02
  117   2.7247E-02
  118   4.6367E-02
  119   2.6088E-02
  120   4.3805E-02
  121   2.3472E-02
  122   2.7540E-02
  123   1.5923E-02
  124   2.5125E-02
  125   8.4270E-03
  126   9.2090E-03
  127   4.9840E-03
  128   7.0660E-03
  129   2.9360E-03
  130   6.0480E-03
  131   2.6710E-03
  132   4.9420E-03
  133   2.9430E-03
  134   5.0280E-03
  135   2.6820E-03
  136   5.6590E-03
  137   2.3480E-03
  138   3.1770E-03
  139   1.8420E-03
  140   3.3360E-03
  141   9.3200E-04
  142   1.1030E-03
  143   4.3500E-04
  144   4.8800E-04
  145   1.1400E-04
  146   1.1600E-04
  147   2.7000E-05
  148   1.6000E-05
  149   2.0000E-06
  150   4.0000E-06
