   60   5.0000E-06
   61   5.0000E-06
   62   2.6000E-05
   63   5.1000E-05
   64   2.1500E-04
   65   1.5800E-04
   66   4.5500E-04
   67   5.0600E-04
   68   1.2420E-03
   69   9.4100E-04
   70   2.2710E-03
   71   1.4930E-03
   72   2.2260E-03
   73   1.6570E-03
   74   3.5620E-03
   75   1.9150E-03
   76   2.5270E-03
   77   2.0340E-03
   78   3.4820E-03
   79   2.2540E-03
   80   5.0950E-03
   81   3.8050E-03
   82   7.0050E-03
   83   6.9490E-03
   84   1.3676E-02
   85   1.1536E-02
   86   2.5921E-02
   87   1.9012E-02
   88   2.6146E-02
   89   2.3629E-02
   90   4.5616E-02
   91   2.7588E-02
   92   3.4810E-02
   93   3.0455E-02
   94   5.5414E-02
   95   3.5679E-02
   96   5.0861E-02
   97   4.4750E-02
   98   7.4072E-02
   99   5.3558E-02
  100   9.5888E-02
  101   6.6127E-02
  102   8.2116E-02
  103   6.9886E-02
  104   1.2672E-01
  105   6.9886E-02
  106   8.2116E-02
  107   6.6127E-02
  108   9.5888E-02
  109   5.3558E-02
  110   7.4072E-02
  111   4.4750E-02
  112   5.0861E-02
  113   3.5679E-02
  114   5.5414E-02
  115   3.0455E-02
  116   3.4810E-02
  117   2.7588E-02
  118   4.5616E-02
  119   2.3629E-02
  120   2.6146E-02
  121   1.9012E-02
  122   2.5921E-02
  123   1.1536E-02
  124   1.3676E-02
  125   6.9490E-03
  126   7.0050E-03
  127   3.8050E-03
  128   5.0950E-03
  129   2.2540E-03
  130   3.4820E-03
  131   2.0340E-03
  132   2.5270E-03
  133   1.9150E-03
  134   3.5620E-03
  135   1.6570E-03
  136   2.2260E-03
  137   1.4930E-03
  138   2.2710E-03
  139   9.4100E-04
  140   1.2420E-03
  141   5.0600E-04
  142   4.5500E-04
  143   1.5800E-04
  144   2.1500E-04
  145   5.1000E-05
  146   2.6000E-05
  147   5.0000E-06
  148   5.0000E-06
