   56   2.0000E-06
   59   3.0000E-06
   61   1.0000E-05
   62   2.2000E-05
   63   3.8000E-05
   64   9.1000E-05
   65   1.0200E-04
   66   1.7600E-04
   67   2.4700E-04
   68   4.1500E-04
   69   4.8100E-04
   70   8.2100E-04
   71   7.7900E-04
   72   9.3800E-04
   73   1.1130E-03
   74   1.6740E-03
   75   1.6030E-03
   76   2.1290E-03
   77   2.3870E-03
   78   3.0790E-03
   79   3.8800E-03
   80   5.4670E-03
   81   6.3040E-03
   82   8.0630E-03
   83   9.8990E-03
   84   1.3380E-02
   85   1.4807E-02
   86   1.9838E-02
   87   2.1195E-02
   88   2.5132E-02
   89   2.7242E-02
   90   3.4713E-02
   91   3.4265E-02
   92   3.7935E-02
   93   4.0498E-02
   94   4.7271E-02
   95   4.7000E-02
   96   5.2462E-02
   97   5.4518E-02
   98   6.2540E-02
   99   6.1565E-02
  100   7.1647E-02
  101   6.8498E-02
  102   7.2746E-02
  103   7.1662E-02
  104   8.2895E-02
  105   7.2547E-02
  106   7.3589E-02
  107   6.9932E-02
  108   7.3310E-02
  109   6.4021E-02
  110   6.4875E-02
  111   5.7447E-02
  112   5.5191E-02
  113   4.9953E-02
  114   5.0177E-02
  115   4.3307E-02
  116   4.1337E-02
  117   3.6628E-02
  118   3.7146E-02
  119   3.1345E-02
  120   2.7742E-02
  121   2.3963E-02
  122   2.2347E-02
  123   1.7453E-02
  124   1.5158E-02
  125   1.2227E-02
  126   9.9390E-03
  127   7.5200E-03
  128   6.5190E-03
  129   5.0440E-03
  130   4.0220E-03
  131   2.8840E-03
  132   2.4730E-03
  133   2.0010E-03
  134   1.8570E-03
  135   1.4050E-03
  136   1.1560E-03
  137   8.5900E-04
  138   8.8800E-04
  139   6.4500E-04
  140   5.2100E-04
  141   3.2200E-04
  142   2.3600E-04
  143   1.3600E-04
  144   1.0600E-04
  145   6.5000E-05
  146   4.0000E-05
  147   1.8000E-05
  148   8.0000E-06
  150   3.0000E-06
  153   2.0000E-06
