   60   3.0000E-06
   61   1.2000E-05
   62   4.0000E-05
   63   6.7000E-05
   64   2.0500E-04
   65   2.6600E-04
   66   5.0700E-04
   67   6.9600E-04
   68   1.1740E-03
   69   1.4830E-03
   70   2.4830E-03
   71   2.3830E-03
   72   2.6470E-03
   73   2.9630E-03
   74   4.0110E-03
   75   3.3560E-03
   76   3.5040E-03
   77   3.6360E-03
   78   4.0420E-03
   79   4.2890E-03
   80   5.5550E-03
   81   6.0000E-03
   82   7.3260E-03
   83   9.1000E-03
   84   1.1410E-02
   85   1.5126E-02
   86   1.9780E-02
   87   2.2009E-02
   88   2.4780E-02
   89   2.9866E-02
   90   3.5406E-02
   91   3.6816E-02
   92   3.7210E-02
   93   3.9513E-02
   94   4.3299E-02
   95   4.7245E-02
   96   4.8626E-02
   97   4.9957E-02
   98   5.4409E-02
   99   6.2245E-02
  100   6.7864E-02
  101   6.7543E-02
  102   6.9783E-02
  103   7.2761E-02
  104   7.8588E-02
  105   7.8588E-02
  106   7.2761E-02
  107   6.9783E-02
  108   6.7543E-02
  109   6.7864E-02
  110   6.2245E-02
  111   5.4409E-02
  112   4.9957E-02
  113   4.8626E-02
  114   4.7245E-02
  115   4.3299E-02
  116   3.9513E-02
  117   3.7210E-02
  118   3.6816E-02
  119   3.5406E-02
  120   2.9866E-02
  121   2.4780E-02
  122   2.2009E-02
  123   1.9780E-02
  124   1.5126E-02
  125   1.1410E-02
  126   9.1000E-03
  127   7.3260E-03
  128   6.0000E-03
  129   5.5550E-03
  130   4.2890E-03
  131   4.0420E-03
  132   3.6360E-03
  133   3.5040E-03
  134   3.3560E-03
  135   4.0110E-03
  136   2.9630E-03
  137   2.6470E-03
  138   2.3830E-03
  139   2.4830E-03
  140   1.4830E-03
  141   1.1740E-03
  142   6.9600E-04
  143   5.0700E-04
  144   2.6600E-04
  145   2.0500E-04
  146   6.7000E-05
  147   4.0000E-05
  148   1.2000E-05
  149   3.0000E-06
