   60   3.0000E-06
   61   6.0000E-06
   62   1.5000E-05
   63   2.9000E-05
   64   7.3000E-05
   65   1.0000E-04
   66   1.6600E-04
   67   2.5100E-04
   68   4.0700E-04
   69   5.2300E-04
   70   7.8900E-04
   71   8.6500E-04
   72   1.0640E-03
   73   1.2410E-03
   74   1.7230E-03
   75   1.7670E-03
   76   2.2400E-03
   77   2.5090E-03
   78   3.0850E-03
   79   3.8550E-03
   80   5.1710E-03
   81   5.8740E-03
   82   7.8170E-03
   83   9.4060E-03
   84   1.1961E-02
   85   1.4440E-02
   86   1.8530E-02
   87   2.1013E-02
   88   2.3251E-02
   89   2.6982E-02
   90   3.1980E-02
   91   3.4396E-02
   92   3.6489E-02
   93   3.8923E-02
   94   4.3260E-02
   95   4.6486E-02
   96   4.9760E-02
   97   5.2702E-02
   98   5.6282E-02
   99   6.1920E-02
  100   6.6786E-02
  101   6.8224E-02
  102   6.9238E-02
  103   7.3070E-02
  104   7.6451E-02
  105   7.5776E-02
  106   7.4017E-02
  107   7.0880E-02
  108   6.9201E-02
  109   6.8007E-02
  110   6.4564E-02
  111   5.9135E-02
  112   5.4866E-02
  113   5.2425E-02
  114   4.9653E-02
  115   4.5739E-02
  116   4.2303E-02
  117   3.9408E-02
  118   3.7147E-02
  119   3.4404E-02
  120   3.0563E-02
  121   2.6272E-02
  122   2.3206E-02
  123   2.0819E-02
  124   1.7191E-02
  125   1.3856E-02
  126   1.1408E-02
  127   9.2710E-03
  128   7.5420E-03
  129   5.8940E-03
  130   5.0390E-03
  131   3.8740E-03
  132   2.9770E-03
  133   2.5260E-03
  134   2.2520E-03
  135   1.8860E-03
  136   1.5030E-03
  137   1.2340E-03
  138   1.0140E-03
  139   8.9000E-04
  140   6.7900E-04
  141   4.8100E-04
  142   3.0900E-04
  143   2.4500E-04
  144   1.3200E-04
  145   9.4000E-05
  146   5.6000E-05
  147   2.7000E-05
  148   1.5000E-05
  149   6.0000E-06
  150   3.0000E-06
