   62   5.0000E-06
   63   2.0000E-06
   64   2.2000E-05
   65   3.7000E-05
   66   2.9200E-04
   67   3.2500E-04
   68   1.0010E-03
   69   1.2450E-03
   70   4.1800E-03
   71   3.4520E-03
   72   1.0782E-02
   73   7.7780E-03
   74   1.3284E-02
   75   1.0874E-02
   76   2.7980E-02
   77   1.3725E-02
   78   2.2946E-02
   79   1.6443E-02
   80   2.2768E-02
   81   1.4781E-02
   82   3.0517E-02
   83   1.3496E-02
   84   1.8149E-02
   85   1.2626E-02
   86   2.2850E-02
   87   1.1339E-02
   88   2.6791E-02
   89   1.6766E-02
   90   2.7014E-02
   91   2.4118E-02
   92   5.0856E-02
   93   2.9153E-02
   94   5.1653E-02
   95   3.1096E-02
   96   4.2092E-02
   97   2.6722E-02
   98   4.7787E-02
   99   2.3672E-02
  100   3.1761E-02
  101   2.4954E-02
  102   5.6381E-02
  103   3.1401E-02
  104   4.7467E-02
  105   3.8956E-02
  106   7.0651E-02
  107   3.9584E-02
  108   7.0651E-02
  109   3.8956E-02
  110   4.7467E-02
  111   3.1401E-02
  112   5.6381E-02
  113   2.4954E-02
  114   3.1761E-02
  115   2.3672E-02
  116   4.7787E-02
  117   2.6722E-02
  118   4.2092E-02
  119   3.1096E-02
  120   5.1653E-02
  121   2.9153E-02
  122   5.0856E-02
  123   2.4118E-02
  124   2.7014E-02
  125   1.6766E-02
  126   2.6791E-02
  127   1.1339E-02
  128   2.2850E-02
  129   1.2626E-02
  130   1.8149E-02
  131   1.3496E-02
  132   3.0517E-02
  133   1.4781E-02
  134   2.2768E-02
  135   1.6443E-02
  136   2.2946E-02
  137   1.3725E-02
  138   2.7980E-02
  139   1.0874E-02
  140   1.3284E-02
  141   7.7780E-03
  142   1.0782E-02
  143   3.4520E-03
  144   4.1800E-03
  145   1.2450E-03
  146   1.0010E-03
  147   3.2500E-04
  148   2.9200E-04
  149   3.7000E-05
  150   2.2000E-05
  151   2.0000E-06
  152   5.0000E-06
