   62   5.0000E-06
   63   2.0000E-06
   64   3.5000E-05
   65   3.9000E-05
   66   3.3100E-04
   67   3.8000E-04
   68   1.1080E-03
   69   1.1030E-03
   70   4.8410E-03
   71   3.1970E-03
   72   9.2930E-03
   73   5.7690E-03
   74   1.2065E-02
   75   7.7540E-03
   76   2.0332E-02
   77   8.7570E-03
   78   1.4130E-02
   79   9.4590E-03
   80   1.6027E-02
   81   8.1140E-03
   82   1.7743E-02
   83   6.7910E-03
   84   1.0557E-02
   85   6.9370E-03
   86   1.4085E-02
   87   1.1478E-02
   88   2.7932E-02
   89   2.0089E-02
   90   3.0585E-02
   91   3.0733E-02
   92   5.9407E-02
   93   4.3645E-02
   94   4.4262E-02
   95   3.0812E-02
   96   3.9488E-02
   97   3.7706E-02
   98   3.2462E-02
   99   2.4039E-02
  100   2.8686E-02
  101   4.4484E-02
  102   5.6023E-02
  103   5.3649E-02
  104   5.0894E-02
  105   6.6353E-02
  106   8.8407E-02
  107   8.8407E-02
  108   6.6353E-02
  109   5.0894E-02
  110   5.3649E-02
  111   5.6023E-02
  112   4.4484E-02
  113   2.8686E-02
  114   2.4039E-02
  115   3.2462E-02
  116   3.7706E-02
  117   3.9488E-02
  118   3.0812E-02
  119   4.4262E-02
  120   4.3645E-02
  121   5.9407E-02
  122   3.0733E-02
  123   3.0585E-02
  124   2.0089E-02
  125   2.7932E-02
  126   1.1478E-02
  127   1.4085E-02
  128   6.9370E-03
  129   1.0557E-02
  130   6.7910E-03
  131   1.7743E-02
  132   8.1140E-03
  133   1.6027E-02
  134   9.4590E-03
  135   1.4130E-02
  136   8.7570E-03
  137   2.0332E-02
  138   7.7540E-03
  139   1.2065E-02
  140   5.7690E-03
  141   9.2930E-03
  142   3.1970E-03
  143   4.8410E-03
  144   1.1030E-03
  145   1.1080E-03
  146   3.8000E-04
  147   3.3100E-04
  148   3.9000E-05
  149   3.5000E-05
  150   2.0000E-06
  151   5.0000E-06
