   63   3.0000E-06
   64   1.3000E-05
   65   2.4000E-05
   66   8.6000E-05
   67   1.5200E-04
   68   3.2400E-04
   69   5.7400E-04
   70   1.0510E-03
   71   1.7470E-03
   72   3.2670E-03
   73   3.9790E-03
   74   5.3130E-03
   75   6.8610E-03
   76   9.9260E-03
   77   1.0143E-02
   78   1.1777E-02
   79   1.2172E-02
   80   1.2658E-02
   81   1.3349E-02
   82   1.5599E-02
   83   1.5741E-02
   84   1.6590E-02
   85   1.8653E-02
   86   2.0855E-02
   87   2.1898E-02
   88   2.3227E-02
   89   2.3332E-02
   90   2.4951E-02
   91   2.8091E-02
   92   3.3103E-02
   93   3.7253E-02
   94   3.9985E-02
   95   4.1078E-02
   96   4.2564E-02
   97   4.4529E-02
   98   4.5540E-02
   99   4.4131E-02
  100   4.3128E-02
  101   4.3947E-02
  102   4.5955E-02
  103   4.6960E-02
  104   4.6347E-02
  105   4.6143E-02
  106   4.7441E-02
  107   4.9522E-02
  108   4.9522E-02
  109   4.7441E-02
  110   4.6143E-02
  111   4.6347E-02
  112   4.6960E-02
  113   4.5955E-02
  114   4.3947E-02
  115   4.3128E-02
  116   4.4131E-02
  117   4.5540E-02
  118   4.4529E-02
  119   4.2564E-02
  120   4.1078E-02
  121   3.9985E-02
  122   3.7253E-02
  123   3.3103E-02
  124   2.8091E-02
  125   2.4951E-02
  126   2.3332E-02
  127   2.3227E-02
  128   2.1898E-02
  129   2.0855E-02
  130   1.8653E-02
  131   1.6590E-02
  132   1.5741E-02
  133   1.5599E-02
  134   1.3349E-02
  135   1.2658E-02
  136   1.2172E-02
  137   1.1777E-02
  138   1.0143E-02
  139   9.9260E-03
  140   6.8610E-03
  141   5.3130E-03
  142   3.9790E-03
  143   3.2670E-03
  144   1.7470E-03
  145   1.0510E-03
  146   5.7400E-04
  147   3.2400E-04
  148   1.5200E-04
  149   8.6000E-05
  150   2.4000E-05
  151   1.3000E-05
  152   3.0000E-06
