   61   2.0000E-06
   62   2.0000E-06
   63   1.5000E-05
   64   5.1000E-05
   65   6.9000E-05
   66   3.4700E-04
   67   3.2800E-04
   68   8.4900E-04
   69   1.1650E-03
   70   3.2080E-03
   71   2.5720E-03
   72   3.6930E-03
   73   3.1900E-03
   74   5.9610E-03
   75   4.6490E-03
   76   6.4440E-03
   77   3.8990E-03
   78   5.2030E-03
   79   4.4470E-03
   80   6.2160E-03
   81   4.2860E-03
   82   5.9380E-03
   83   4.5990E-03
   84   6.4130E-03
   85   8.0010E-03
   86   1.6274E-02
   87   1.9504E-02
   88   2.5389E-02
   89   2.4305E-02
   90   3.4358E-02
   91   4.1139E-02
   92   4.5717E-02
   93   3.3976E-02
   94   2.8875E-02
   95   3.1499E-02
   96   3.4867E-02
   97   3.1035E-02
   98   2.8485E-02
   99   3.6057E-02
  100   5.6458E-02
  101   7.3216E-02
  102   7.3919E-02
  103   7.3820E-02
  104   9.1953E-02
  105   1.1760E-01
  106   1.1760E-01
  107   9.1953E-02
  108   7.3820E-02
  109   7.3919E-02
  110   7.3216E-02
  111   5.6458E-02
  112   3.6057E-02
  113   2.8485E-02
  114   3.1035E-02
  115   3.4867E-02
  116   3.1499E-02
  117   2.8875E-02
  118   3.3976E-02
  119   4.5717E-02
  120   4.1139E-02
  121   3.4358E-02
  122   2.4305E-02
  123   2.5389E-02
  124   1.9504E-02
  125   1.6274E-02
  126   8.0010E-03
  127   6.4130E-03
  128   4.5990E-03
  129   5.9380E-03
  130   4.2860E-03
  131   6.2160E-03
  132   4.4470E-03
  133   5.2030E-03
  134   3.8990E-03
  135   6.4440E-03
  136   4.6490E-03
  137   5.9610E-03
  138   3.1900E-03
  139   3.6930E-03
  140   2.5720E-03
  141   3.2080E-03
  142   1.1650E-03
  143   8.4900E-04
  144   3.2800E-04
  145   3.4700E-04
  146   6.9000E-05
  147   5.1000E-05
  148   1.5000E-05
  149   2.0000E-06
  150   2.0000E-06
