   63   2.0000E-06
   64   3.0000E-06
   66   7.0000E-06
   67   9.0000E-06
   68   4.9000E-05
   69   7.8000E-05
   70   1.7400E-04
   71   2.7100E-04
   72   4.8700E-04
   73   8.4200E-04
   74   1.6020E-03
   75   1.9690E-03
   76   3.0320E-03
   77   3.8250E-03
   78   5.2330E-03
   79   6.2000E-03
   80   9.0320E-03
   81   8.4780E-03
   82   9.6100E-03
   83   1.0206E-02
   84   1.3199E-02
   85   1.1698E-02
   86   1.3036E-02
   87   1.3281E-02
   88   1.4524E-02
   89   1.4976E-02
   90   1.8923E-02
   91   1.8404E-02
   92   1.9711E-02
   93   1.9284E-02
   94   2.0128E-02
   95   1.9635E-02
   96   2.1416E-02
   97   2.3131E-02
   98   2.5718E-02
   99   2.8661E-02
  100   3.2497E-02
  101   3.6602E-02
  102   4.0542E-02
  103   4.4460E-02
  104   4.8591E-02
  105   5.2275E-02
  106   5.6607E-02
  107   5.8607E-02
  108   6.1503E-02
  109   6.3281E-02
  110   6.5474E-02
  111   6.6377E-02
  112   6.7145E-02
  113   6.5346E-02
  114   6.4130E-02
  115   6.1765E-02
  116   6.0817E-02
  117   5.6509E-02
  118   5.3874E-02
  119   5.0191E-02
  120   4.6207E-02
  121   4.2056E-02
  122   3.8721E-02
  123   3.4208E-02
  124   3.0349E-02
  125   2.7254E-02
  126   2.5189E-02
  127   2.3012E-02
  128   2.2530E-02
  129   2.1784E-02
  130   2.1952E-02
  131   2.0859E-02
  132   2.1404E-02
  133   1.7663E-02
  134   1.6408E-02
  135   1.4363E-02
  136   1.4140E-02
  137   1.2895E-02
  138   1.4049E-02
  139   1.1788E-02
  140   1.0667E-02
  141   9.3860E-03
  142   9.8390E-03
  143   7.3880E-03
  144   6.2660E-03
  145   4.6320E-03
  146   3.7290E-03
  147   2.5780E-03
  148   1.9990E-03
  149   1.2780E-03
  150   7.6700E-04
  151   4.5300E-04
  152   2.7200E-04
  153   1.6100E-04
  154   8.5000E-05
  155   5.6000E-05
  156   2.6000E-05
  157   5.0000E-06
  158   2.0000E-06
  160   3.0000E-06
  161   2.0000E-06
