   64   3.0000E-06
   65   4.0000E-06
   66   6.0000E-06
   67   3.0000E-05
   68   4.9000E-05
   69   1.0700E-04
   70   2.4100E-04
   71   4.3200E-04
   72   7.1500E-04
   73   1.1720E-03
   74   2.5410E-03
   75   3.1020E-03
   76   4.7490E-03
   77   6.0900E-03
   78   8.0190E-03
   79   9.6130E-03
   80   1.3818E-02
   81   1.3055E-02
   82   1.4275E-02
   83   1.5483E-02
   84   1.8865E-02
   85   1.6458E-02
   86   1.7621E-02
   87   1.7547E-02
   88   1.8741E-02
   89   1.9187E-02
   90   2.4017E-02
   91   2.2397E-02
   92   2.2629E-02
   93   2.1502E-02
   94   2.0399E-02
   95   1.8486E-02
   96   1.8654E-02
   97   1.9450E-02
   98   2.1509E-02
   99   2.4768E-02
  100   2.8902E-02
  101   3.2598E-02
  102   3.6815E-02
  103   4.0115E-02
  104   4.5115E-02
  105   4.8532E-02
  106   5.4058E-02
  107   5.5923E-02
  108   5.8389E-02
  109   6.0851E-02
  110   6.3567E-02
  111   6.3030E-02
  112   6.4584E-02
  113   6.2013E-02
  114   6.0445E-02
  115   5.7822E-02
  116   5.6938E-02
  117   5.1932E-02
  118   4.8205E-02
  119   4.4259E-02
  120   3.9805E-02
  121   3.5916E-02
  122   3.2485E-02
  123   2.8007E-02
  124   2.4425E-02
  125   2.1302E-02
  126   1.9758E-02
  127   1.8951E-02
  128   2.0444E-02
  129   2.1627E-02
  130   2.3364E-02
  131   2.3710E-02
  132   2.4977E-02
  133   2.0977E-02
  134   1.9671E-02
  135   1.7680E-02
  136   1.7883E-02
  137   1.7097E-02
  138   1.8749E-02
  139   1.6552E-02
  140   1.5214E-02
  141   1.3758E-02
  142   1.4480E-02
  143   1.0945E-02
  144   9.1840E-03
  145   6.8700E-03
  146   5.4210E-03
  147   3.8780E-03
  148   2.9410E-03
  149   1.7080E-03
  150   1.0220E-03
  151   5.5600E-04
  152   3.8800E-04
  153   1.8300E-04
  154   9.4000E-05
  155   4.7000E-05
  156   2.5000E-05
  157   6.0000E-06
  158   4.0000E-06
  159   3.0000E-06
