   68   4.0000E-06
   69   3.0000E-06
   70   1.0500E-04
   71   1.1200E-04
   72   5.0200E-04
   73   6.2500E-04
   74   4.4470E-03
   75   2.9470E-03
   76   1.4712E-02
   77   9.6310E-03
   78   2.6348E-02
   79   1.7787E-02
   80   6.1969E-02
   81   2.7525E-02
   82   6.0523E-02
   83   3.2303E-02
   84   8.9835E-02
   85   3.1565E-02
   86   8.9845E-02
   87   3.3520E-02
   88   6.5889E-02
   89   3.0582E-02
   90   1.0903E-01
   91   3.1922E-02
   92   8.1612E-02
   93   2.8483E-02
   94   5.7074E-02
   95   1.0332E-02
   96   1.8457E-02
   97   1.4760E-03
   98   2.0500E-03
   99   1.2500E-04
  100   3.8500E-04
  101   1.6400E-04
  102   1.3190E-03
  103   5.3000E-04
  104   2.3290E-03
  105   1.1270E-03
  106   7.1960E-03
  107   2.2020E-03
  108   1.1571E-02
  109   3.7650E-03
  110   1.2995E-02
  111   4.2730E-03
  112   2.1588E-02
  113   4.2730E-03
  114   1.2995E-02
  115   3.7650E-03
  116   1.1571E-02
  117   2.2020E-03
  118   7.1960E-03
  119   1.1270E-03
  120   2.3290E-03
  121   5.3000E-04
  122   1.3190E-03
  123   1.6400E-04
  124   3.8500E-04
  125   1.2500E-04
  126   2.0500E-03
  127   1.4760E-03
  128   1.8457E-02
  129   1.0332E-02
  130   5.7074E-02
  131   2.8483E-02
  132   8.1612E-02
  133   3.1922E-02
  134   1.0903E-01
  135   3.0582E-02
  136   6.5889E-02
  137   3.3520E-02
  138   8.9845E-02
  139   3.1565E-02
  140   8.9835E-02
  141   3.2303E-02
  142   6.0523E-02
  143   2.7525E-02
  144   6.1969E-02
  145   1.7787E-02
  146   2.6348E-02
  147   9.6310E-03
  148   1.4712E-02
  149   2.9470E-03
  150   4.4470E-03
  151   6.2500E-04
  152   5.0200E-04
  153   1.1200E-04
  154   1.0500E-04
  155   3.0000E-06
  156   4.0000E-06
