   70   5.0000E-06
   71   1.6000E-05
   72   7.4000E-05
   73   1.3200E-04
   74   3.7700E-04
   75   6.4300E-04
   76   2.2300E-03
   77   2.8050E-03
   78   7.6320E-03
   79   8.8910E-03
   80   1.4576E-02
   81   1.7416E-02
   82   3.2077E-02
   83   2.8546E-02
   84   3.3244E-02
   85   3.5535E-02
   86   5.2864E-02
   87   3.8492E-02
   88   4.6615E-02
   89   4.1362E-02
   90   4.4399E-02
   91   4.2968E-02
   92   6.9850E-02
   93   6.3486E-02
   94   7.4946E-02
   95   7.5720E-02
   96   7.4131E-02
   97   4.2697E-02
   98   3.1062E-02
   99   1.0872E-02
  100   6.2560E-03
  101   1.8120E-03
  102   2.8750E-03
  103   1.3710E-03
  104   5.5950E-03
  105   2.5650E-03
  106   6.1400E-03
  107   3.6220E-03
  108   1.3607E-02
  109   5.2600E-03
  110   1.5605E-02
  111   7.0090E-03
  112   1.5558E-02
  113   7.2550E-03
  114   2.3590E-02
  115   7.2550E-03
  116   1.5558E-02
  117   7.0090E-03
  118   1.5605E-02
  119   5.2600E-03
  120   1.3607E-02
  121   3.6220E-03
  122   6.1400E-03
  123   2.5650E-03
  124   5.5950E-03
  125   1.3710E-03
  126   2.8750E-03
  127   1.8120E-03
  128   6.2560E-03
  129   1.0872E-02
  130   3.1062E-02
  131   4.2697E-02
  132   7.4131E-02
  133   7.5720E-02
  134   7.4946E-02
  135   6.3486E-02
  136   6.9850E-02
  137   4.2968E-02
  138   4.4399E-02
  139   4.1362E-02
  140   4.6615E-02
  141   3.8492E-02
  142   5.2864E-02
  143   3.5535E-02
  144   3.3244E-02
  145   2.8546E-02
  146   3.2077E-02
  147   1.7416E-02
  148   1.4576E-02
  149   8.8910E-03
  150   7.6320E-03
  151   2.8050E-03
  152   2.2300E-03
  153   6.4300E-04
  154   3.7700E-04
  155   1.3200E-04
  156   7.4000E-05
  157   1.6000E-05
  158   5.0000E-06
