   65   2.0000E-06
   66   4.0000E-06
   67   8.0000E-06
   68   3.0000E-05
   69   5.3000E-05
   70   2.0400E-04
   71   3.0200E-04
   72   7.0200E-04
   73   1.2770E-03
   74   3.2800E-03
   75   4.4650E-03
   76   7.8280E-03
   77   9.8910E-03
   78   1.4101E-02
   79   1.6963E-02
   80   2.7450E-02
   81   2.6288E-02
   82   2.7709E-02
   83   2.9031E-02
   84   3.7480E-02
   85   3.3456E-02
   86   3.4540E-02
   87   3.0298E-02
   88   3.2249E-02
   89   3.5440E-02
   90   4.2311E-02
   91   4.0017E-02
   92   3.6211E-02
   93   3.2750E-02
   94   2.7347E-02
   95   1.9440E-02
   96   1.4291E-02
   97   1.1489E-02
   98   1.1193E-02
   99   1.2551E-02
  100   1.4415E-02
  101   1.6959E-02
  102   1.9726E-02
  103   2.2559E-02
  104   2.4690E-02
  105   2.8917E-02
  106   3.3077E-02
  107   3.5702E-02
  108   3.7935E-02
  109   4.0289E-02
  110   4.2141E-02
  111   4.4462E-02
  112   4.5206E-02
  113   4.2984E-02
  114   4.0880E-02
  115   3.9853E-02
  116   3.7752E-02
  117   3.4652E-02
  118   3.1508E-02
  119   2.7963E-02
  120   2.4309E-02
  121   2.2262E-02
  122   1.9492E-02
  123   1.6723E-02
  124   1.4313E-02
  125   1.2643E-02
  126   1.1626E-02
  127   1.2802E-02
  128   1.7693E-02
  129   2.5024E-02
  130   3.0949E-02
  131   3.6474E-02
  132   4.1418E-02
  133   4.2930E-02
  134   3.7224E-02
  135   3.3127E-02
  136   2.9937E-02
  137   3.3991E-02
  138   3.4256E-02
  139   3.7649E-02
  140   3.0208E-02
  141   2.8925E-02
  142   2.7567E-02
  143   2.8121E-02
  144   1.9324E-02
  145   1.5592E-02
  146   1.1125E-02
  147   8.7820E-03
  148   5.4470E-03
  149   3.8270E-03
  150   1.8780E-03
  151   9.7400E-04
  152   5.0700E-04
  153   2.6300E-04
  154   1.5900E-04
  155   4.6000E-05
  156   2.4000E-05
  157   8.0000E-06
  158   4.0000E-06
  159   2.0000E-06
