   66   6.0000E-06
   67   1.4000E-05
   68   2.5000E-05
   69   4.3000E-05
   70   1.3200E-04
   71   1.9800E-04
   72   3.9200E-04
   73   7.8200E-04
   74   1.5580E-03
   75   2.1910E-03
   76   3.8730E-03
   77   4.9610E-03
   78   6.9460E-03
   79   8.9610E-03
   80   1.2970E-02
   81   1.3634E-02
   82   1.5837E-02
   83   1.7036E-02
   84   2.0219E-02
   85   1.9227E-02
   86   2.2190E-02
   87   2.0328E-02
   88   2.0403E-02
   89   2.1512E-02
   90   2.5701E-02
   91   2.5769E-02
   92   2.8446E-02
   93   2.8008E-02
   94   2.6933E-02
   95   2.3268E-02
   96   2.0871E-02
   97   1.8526E-02
   98   1.8565E-02
   99   1.9753E-02
  100   2.2289E-02
  101   2.5302E-02
  102   3.0121E-02
  103   3.2922E-02
  104   3.6541E-02
  105   4.0633E-02
  106   4.5078E-02
  107   4.7393E-02
  108   5.1456E-02
  109   5.3400E-02
  110   5.5054E-02
  111   5.6278E-02
  112   5.9384E-02
  113   5.7393E-02
  114   5.6118E-02
  115   5.4835E-02
  116   5.3500E-02
  117   5.0109E-02
  118   4.7716E-02
  119   4.3442E-02
  120   3.9694E-02
  121   3.5992E-02
  122   3.2987E-02
  123   2.8789E-02
  124   2.5099E-02
  125   2.1690E-02
  126   1.9883E-02
  127   1.8740E-02
  128   2.0604E-02
  129   2.2654E-02
  130   2.7066E-02
  131   2.8804E-02
  132   2.9690E-02
  133   2.7358E-02
  134   2.6851E-02
  135   2.2297E-02
  136   2.1096E-02
  137   2.0127E-02
  138   2.2287E-02
  139   2.0252E-02
  140   2.0724E-02
  141   1.8163E-02
  142   1.6609E-02
  143   1.4798E-02
  144   1.3831E-02
  145   1.0368E-02
  146   7.8880E-03
  147   5.7670E-03
  148   4.4250E-03
  149   2.8750E-03
  150   1.9380E-03
  151   1.0610E-03
  152   6.4800E-04
  153   2.9800E-04
  154   1.7500E-04
  155   9.8000E-05
  156   4.1000E-05
  157   2.4000E-05
  158   1.1000E-05
  159   6.0000E-06
