   69   2.0000E-06
   70   8.0000E-06
   71   1.9000E-05
   72   6.9000E-05
   73   1.2100E-04
   74   3.8300E-04
   75   5.2200E-04
   76   2.1630E-03
   77   1.9720E-03
   78   8.1540E-03
   79   6.2300E-03
   80   1.4890E-02
   81   1.2756E-02
   82   3.4985E-02
   83   2.1034E-02
   84   3.4673E-02
   85   2.6074E-02
   86   5.8088E-02
   87   2.8813E-02
   88   5.1883E-02
   89   3.1369E-02
   90   4.8732E-02
   91   3.1167E-02
   92   8.2966E-02
   93   4.3767E-02
   94   8.2375E-02
   95   5.3022E-02
   96   8.9932E-02
   97   3.4125E-02
   98   4.1939E-02
   99   1.2749E-02
  100   1.0643E-02
  101   4.5190E-03
  102   4.2610E-03
  103   4.0260E-03
  104   5.6340E-03
  105   5.6820E-03
  106   7.4770E-03
  107   7.5290E-03
  108   1.2174E-02
  109   9.9610E-03
  110   1.5253E-02
  111   1.2210E-02
  112   1.6729E-02
  113   1.3201E-02
  114   2.1441E-02
  115   1.3488E-02
  116   1.7156E-02
  117   1.2408E-02
  118   1.5844E-02
  119   1.0383E-02
  120   1.2974E-02
  121   8.4320E-03
  122   8.1840E-03
  123   6.2780E-03
  124   6.2940E-03
  125   4.5800E-03
  126   4.5710E-03
  127   3.9920E-03
  128   8.8920E-03
  129   9.8430E-03
  130   3.8025E-02
  131   3.0736E-02
  132   8.8587E-02
  133   5.3345E-02
  134   8.4332E-02
  135   4.5675E-02
  136   8.3761E-02
  137   3.2313E-02
  138   4.9013E-02
  139   3.1222E-02
  140   5.1429E-02
  141   2.9562E-02
  142   5.8314E-02
  143   2.7755E-02
  144   3.6153E-02
  145   2.1782E-02
  146   3.5725E-02
  147   1.4626E-02
  148   1.6229E-02
  149   6.9740E-03
  150   8.6050E-03
  151   2.7050E-03
  152   2.4380E-03
  153   7.7700E-04
  154   4.8300E-04
  155   1.7000E-04
  156   1.0200E-04
  157   3.7000E-05
  158   1.2000E-05
  159   8.0000E-06
  160   2.0000E-06
