   67   2.0000E-06
   69   1.0000E-05
   70   6.8000E-05
   71   1.4800E-04
   72   3.3400E-04
   73   6.5300E-04
   74   1.8140E-03
   75   2.9740E-03
   76   6.6320E-03
   77   8.9990E-03
   78   1.3913E-02
   79   1.7791E-02
   80   2.7248E-02
   81   3.1752E-02
   82   3.5877E-02
   83   3.7327E-02
   84   4.3810E-02
   85   4.4939E-02
   86   5.0450E-02
   87   4.3031E-02
   88   4.1590E-02
   89   4.4225E-02
   90   5.3658E-02
   91   6.1158E-02
   92   6.4830E-02
   93   6.1668E-02
   94   5.3555E-02
   95   4.0941E-02
   96   2.4125E-02
   97   1.1325E-02
   98   5.2540E-03
   99   3.0330E-03
  100   2.9820E-03
  101   4.0840E-03
  102   5.7630E-03
  103   7.2820E-03
  104   8.2760E-03
  105   9.9650E-03
  106   1.2788E-02
  107   1.5993E-02
  108   1.7761E-02
  109   1.8287E-02
  110   1.9004E-02
  111   2.0831E-02
  112   2.3831E-02
  113   2.3831E-02
  114   2.0831E-02
  115   1.9004E-02
  116   1.8287E-02
  117   1.7761E-02
  118   1.5993E-02
  119   1.2788E-02
  120   9.9650E-03
  121   8.2760E-03
  122   7.2820E-03
  123   5.7630E-03
  124   4.0840E-03
  125   2.9820E-03
  126   3.0330E-03
  127   5.2540E-03
  128   1.1325E-02
  129   2.4125E-02
  130   4.0941E-02
  131   5.3555E-02
  132   6.1668E-02
  133   6.4830E-02
  134   6.1158E-02
  135   5.3658E-02
  136   4.4225E-02
  137   4.1590E-02
  138   4.3031E-02
  139   5.0450E-02
  140   4.4939E-02
  141   4.3810E-02
  142   3.7327E-02
  143   3.5877E-02
  144   3.1752E-02
  145   2.7248E-02
  146   1.7791E-02
  147   1.3913E-02
  148   8.9990E-03
  149   6.6320E-03
  150   2.9740E-03
  151   1.8140E-03
  152   6.5300E-04
  153   3.3400E-04
  154   1.4800E-04
  155   6.8000E-05
  156   1.0000E-05
  158   2.0000E-06
