   67   5.0000E-06
   68   1.3000E-05
   69   3.9000E-05
   70   1.7700E-04
   71   3.0600E-04
   72   8.0200E-04
   73   1.6840E-03
   74   5.3360E-03
   75   7.0650E-03
   76   1.3605E-02
   77   1.6642E-02
   78   2.5172E-02
   79   2.8369E-02
   80   5.1725E-02
   81   4.5233E-02
   82   4.6247E-02
   83   4.6686E-02
   84   6.7318E-02
   85   5.5493E-02
   86   5.6492E-02
   87   4.5117E-02
   88   5.1739E-02
   89   5.7672E-02
   90   7.2600E-02
   91   6.2989E-02
   92   4.8946E-02
   93   3.8723E-02
   94   2.9504E-02
   95   1.4817E-02
   96   5.2110E-03
   97   1.7320E-03
   98   5.1900E-04
   99   2.8400E-04
  100   4.6800E-04
  101   9.5800E-04
  102   1.7360E-03
  103   2.3700E-03
  104   3.2950E-03
  105   5.8220E-03
  106   9.3430E-03
  107   1.2358E-02
  108   1.2820E-02
  109   1.3643E-02
  110   1.7257E-02
  111   2.1657E-02
  112   2.1657E-02
  113   1.7257E-02
  114   1.3643E-02
  115   1.2820E-02
  116   1.2358E-02
  117   9.3430E-03
  118   5.8220E-03
  119   3.2950E-03
  120   2.3700E-03
  121   1.7360E-03
  122   9.5800E-04
  123   4.6800E-04
  124   2.8400E-04
  125   5.1900E-04
  126   1.7320E-03
  127   5.2110E-03
  128   1.4817E-02
  129   2.9504E-02
  130   3.8723E-02
  131   4.8946E-02
  132   6.2989E-02
  133   7.2600E-02
  134   5.7672E-02
  135   5.1739E-02
  136   4.5117E-02
  137   5.6492E-02
  138   5.5493E-02
  139   6.7318E-02
  140   4.6686E-02
  141   4.6247E-02
  142   4.5233E-02
  143   5.1725E-02
  144   2.8369E-02
  145   2.5172E-02
  146   1.6642E-02
  147   1.3605E-02
  148   7.0650E-03
  149   5.3360E-03
  150   1.6840E-03
  151   8.0200E-04
  152   3.0600E-04
  153   1.7700E-04
  154   3.9000E-05
  155   1.3000E-05
  156   5.0000E-06
