   66   5.0000E-06
   67   6.0000E-06
   68   1.9000E-05
   69   3.4000E-05
   70   6.9000E-05
   71   1.0900E-04
   72   2.2200E-04
   73   4.0500E-04
   74   7.0800E-04
   75   1.1780E-03
   76   2.1980E-03
   77   3.0670E-03
   78   4.5610E-03
   79   5.5280E-03
   80   8.4980E-03
   81   1.0029E-02
   82   1.1650E-02
   83   1.2412E-02
   84   1.4743E-02
   85   1.5354E-02
   86   1.7931E-02
   87   1.6356E-02
   88   1.6638E-02
   89   1.7585E-02
   90   2.0584E-02
   91   2.2778E-02
   92   2.5023E-02
   93   2.5585E-02
   94   2.5456E-02
   95   2.4746E-02
   96   2.2203E-02
   97   2.0640E-02
   98   2.0979E-02
   99   2.1827E-02
  100   2.4019E-02
  101   2.6650E-02
  102   3.0399E-02
  103   3.3810E-02
  104   3.7460E-02
  105   4.1274E-02
  106   4.4673E-02
  107   4.8732E-02
  108   5.1501E-02
  109   5.4298E-02
  110   5.5659E-02
  111   5.8111E-02
  112   5.9265E-02
  113   5.9902E-02
  114   5.9511E-02
  115   5.8068E-02
  116   5.6707E-02
  117   5.5056E-02
  118   5.2875E-02
  119   4.9317E-02
  120   4.6139E-02
  121   4.2871E-02
  122   3.9244E-02
  123   3.5591E-02
  124   3.1982E-02
  125   2.8504E-02
  126   2.5581E-02
  127   2.3818E-02
  128   2.3473E-02
  129   2.4299E-02
  130   2.6546E-02
  131   2.8040E-02
  132   2.7917E-02
  133   2.7455E-02
  134   2.5278E-02
  135   2.2204E-02
  136   1.9286E-02
  137   1.7541E-02
  138   1.7345E-02
  139   1.8356E-02
  140   1.7040E-02
  141   1.5737E-02
  142   1.3401E-02
  143   1.2680E-02
  144   1.1167E-02
  145   9.5370E-03
  146   6.6180E-03
  147   5.3290E-03
  148   3.6900E-03
  149   2.6800E-03
  150   1.6970E-03
  151   1.0290E-03
  152   5.6300E-04
  153   3.5500E-04
  154   2.2300E-04
  155   1.1300E-04
  156   7.3000E-05
  157   3.7000E-05
  158   2.6000E-05
  159   7.0000E-06
  160   8.0000E-06
  161   3.0000E-06
