   68   2.0000E-06
   70   2.2000E-05
   71   2.1000E-05
   72   1.8500E-04
   73   1.9900E-04
   74   1.3080E-03
   75   1.0140E-03
   76   7.2630E-03
   77   4.0100E-03
   78   1.8180E-02
   79   1.0716E-02
   80   3.7724E-02
   81   1.9215E-02
   82   5.8045E-02
   83   2.6284E-02
   84   6.4789E-02
   85   2.6835E-02
   86   9.5447E-02
   87   2.8386E-02
   88   6.2050E-02
   89   2.8283E-02
   90   9.2102E-02
   91   2.7534E-02
   92   1.2259E-01
   93   3.4874E-02
   94   8.8847E-02
   95   2.4094E-02
   96   6.5745E-02
   97   5.9520E-03
   98   1.2723E-02
   99   7.4800E-04
  100   1.3690E-03
  101   6.2000E-05
  102   4.8900E-04
  103   1.1900E-04
  104   1.0640E-03
  105   3.3400E-04
  106   2.4100E-03
  107   5.9800E-04
  108   6.5500E-03
  109   1.1540E-03
  110   6.9240E-03
  111   1.6990E-03
  112   1.1179E-02
  113   1.7020E-03
  114   1.1179E-02
  115   1.6990E-03
  116   6.9240E-03
  117   1.1540E-03
  118   6.5500E-03
  119   5.9800E-04
  120   2.4100E-03
  121   3.3400E-04
  122   1.0640E-03
  123   1.1900E-04
  124   4.8900E-04
  125   6.2000E-05
  126   1.3690E-03
  127   7.4800E-04
  128   1.2723E-02
  129   5.9520E-03
  130   6.5745E-02
  131   2.4094E-02
  132   8.8847E-02
  133   3.4874E-02
  134   1.2259E-01
  135   2.7534E-02
  136   9.2102E-02
  137   2.8283E-02
  138   6.2050E-02
  139   2.8386E-02
  140   9.5447E-02
  141   2.6835E-02
  142   6.4789E-02
  143   2.6284E-02
  144   5.8045E-02
  145   1.9215E-02
  146   3.7724E-02
  147   1.0716E-02
  148   1.8180E-02
  149   4.0100E-03
  150   7.2630E-03
  151   1.0140E-03
  152   1.3080E-03
  153   1.9900E-04
  154   1.8500E-04
  155   2.1000E-05
  156   2.2000E-05
  158   2.0000E-06
