   68   3.0000E-06
   69   5.0000E-06
   70   1.3000E-04
   71   1.1100E-04
   72   5.8400E-04
   73   6.3200E-04
   74   4.5720E-03
   75   2.7750E-03
   76   1.5402E-02
   77   9.3910E-03
   78   2.7442E-02
   79   1.7467E-02
   80   6.5087E-02
   81   2.6418E-02
   82   6.3422E-02
   83   3.0464E-02
   84   9.4541E-02
   85   2.9196E-02
   86   9.4241E-02
   87   3.0905E-02
   88   7.0387E-02
   89   2.6300E-02
   90   1.1561E-01
   91   2.3637E-02
   92   8.6552E-02
   93   1.9160E-02
   94   6.0676E-02
   95   6.8180E-03
   96   1.9505E-02
   97   9.5200E-04
   98   2.1300E-03
   99   1.0500E-04
  100   3.9700E-04
  101   1.0300E-04
  102   1.3450E-03
  103   3.1200E-04
  104   2.4610E-03
  105   5.9000E-04
  106   7.4870E-03
  107   1.1520E-03
  108   1.2309E-02
  109   2.0220E-03
  110   1.3830E-02
  111   2.3290E-03
  112   2.2064E-02
  113   2.3290E-03
  114   1.3830E-02
  115   2.0220E-03
  116   1.2309E-02
  117   1.1520E-03
  118   7.4870E-03
  119   5.9000E-04
  120   2.4610E-03
  121   3.1200E-04
  122   1.3450E-03
  123   1.0300E-04
  124   3.9700E-04
  125   1.0500E-04
  126   2.1300E-03
  127   9.5200E-04
  128   1.9505E-02
  129   6.8180E-03
  130   6.0676E-02
  131   1.9160E-02
  132   8.6552E-02
  133   2.3637E-02
  134   1.1561E-01
  135   2.6300E-02
  136   7.0387E-02
  137   3.0905E-02
  138   9.4241E-02
  139   2.9196E-02
  140   9.4541E-02
  141   3.0464E-02
  142   6.3422E-02
  143   2.6418E-02
  144   6.5087E-02
  145   1.7467E-02
  146   2.7442E-02
  147   9.3910E-03
  148   1.5402E-02
  149   2.7750E-03
  150   4.5720E-03
  151   6.3200E-04
  152   5.8400E-04
  153   1.1100E-04
  154   1.3000E-04
  155   5.0000E-06
  156   3.0000E-06
