   74   4.0000E-06
   75   1.0000E-05
   76   3.6000E-05
   77   6.8000E-05
   78   2.3600E-04
   79   9.0400E-04
   80   1.6500E-03
   81   2.4490E-03
   82   4.4510E-03
   83   9.7000E-03
   84   1.7447E-02
   85   2.2026E-02
   86   2.2368E-02
   87   2.6331E-02
   88   3.8043E-02
   89   5.0413E-02
   90   5.1002E-02
   91   4.2309E-02
   92   3.7506E-02
   93   4.3793E-02
   94   5.4492E-02
   95   6.0278E-02
   96   5.9905E-02
   97   5.8382E-02
   98   6.8149E-02
   99   9.2877E-02
  100   9.3270E-02
  101   6.4384E-02
  102   3.9447E-02
  103   2.0569E-02
  104   8.7720E-03
  105   3.0040E-03
  106   8.3500E-04
  107   2.6900E-04
  108   1.3900E-04
  109   1.3400E-04
  110   1.6500E-04
  111   3.0100E-04
  112   4.7800E-04
  113   5.7200E-04
  114   5.5900E-04
  115   5.1500E-04
  116   7.5100E-04
  117   9.9000E-04
  118   9.9000E-04
  119   7.5100E-04
  120   5.1500E-04
  121   5.5900E-04
  122   5.7200E-04
  123   4.7800E-04
  124   3.0100E-04
  125   1.6500E-04
  126   1.3400E-04
  127   1.3900E-04
  128   2.6900E-04
  129   8.3500E-04
  130   3.0040E-03
  131   8.7720E-03
  132   2.0569E-02
  133   3.9447E-02
  134   6.4384E-02
  135   9.3270E-02
  136   9.2877E-02
  137   6.8149E-02
  138   5.8382E-02
  139   5.9905E-02
  140   6.0278E-02
  141   5.4492E-02
  142   4.3793E-02
  143   3.7506E-02
  144   4.2309E-02
  145   5.1002E-02
  146   5.0413E-02
  147   3.8043E-02
  148   2.6331E-02
  149   2.2368E-02
  150   2.2026E-02
  151   1.7447E-02
  152   9.7000E-03
  153   4.4510E-03
  154   2.4490E-03
  155   1.6500E-03
  156   9.0400E-04
  157   2.3600E-04
  158   6.8000E-05
  159   3.6000E-05
  160   1.0000E-05
  161   4.0000E-06
