   72   2.0000E-06
   73   7.0000E-06
   74   3.2000E-05
   75   5.4000E-05
   76   1.4200E-04
   77   2.4700E-04
   78   8.5700E-04
   79   1.4270E-03
   80   2.6560E-03
   81   4.1420E-03
   82   8.2910E-03
   83   1.1285E-02
   84   1.9040E-02
   85   1.8881E-02
   86   2.3865E-02
   87   2.7243E-02
   88   3.9194E-02
   89   3.5148E-02
   90   3.9000E-02
   91   3.3740E-02
   92   3.7501E-02
   93   3.9144E-02
   94   4.9766E-02
   95   5.3228E-02
   96   6.2626E-02
   97   7.2572E-02
   98   8.8595E-02
   99   8.5930E-02
  100   6.5982E-02
  101   4.4522E-02
  102   2.7161E-02
  103   1.5405E-02
  104   8.9840E-03
  105   5.7800E-03
  106   4.7650E-03
  107   4.4130E-03
  108   4.5970E-03
  109   5.3360E-03
  110   5.9580E-03
  111   6.8510E-03
  112   7.7050E-03
  113   7.8390E-03
  114   8.1440E-03
  115   8.7300E-03
  116   9.6310E-03
  117   9.3670E-03
  118   9.1190E-03
  119   8.4390E-03
  120   7.9890E-03
  121   7.8510E-03
  122   7.4250E-03
  123   6.5060E-03
  124   5.6810E-03
  125   5.2110E-03
  126   4.5090E-03
  127   4.4370E-03
  128   5.0540E-03
  129   7.0230E-03
  130   1.2780E-02
  131   2.3868E-02
  132   4.2716E-02
  133   6.5071E-02
  134   8.7887E-02
  135   8.9671E-02
  136   7.4636E-02
  137   6.2980E-02
  138   5.3450E-02
  139   4.8094E-02
  140   3.9603E-02
  141   3.7367E-02
  142   3.3773E-02
  143   3.8854E-02
  144   3.6589E-02
  145   3.9486E-02
  146   2.9098E-02
  147   2.5375E-02
  148   1.9928E-02
  149   1.9677E-02
  150   1.3105E-02
  151   9.1910E-03
  152   4.7870E-03
  153   3.2230E-03
  154   1.8240E-03
  155   1.0680E-03
  156   4.1700E-04
  157   2.1100E-04
  158   8.4000E-05
  159   4.4000E-05
  160   2.3000E-05
  161   7.0000E-06
  162   2.0000E-06
