   72   2.0000E-06
   73   2.0000E-06
   74   9.0000E-06
   75   1.4000E-05
   76   6.5000E-05
   77   1.0200E-04
   78   2.9300E-04
   79   5.1000E-04
   80   1.4060E-03
   81   2.3020E-03
   82   4.2190E-03
   83   6.7530E-03
   84   1.4607E-02
   85   1.5878E-02
   86   2.3525E-02
   87   2.8410E-02
   88   3.6716E-02
   89   3.7808E-02
   90   5.4584E-02
   91   4.5664E-02
   92   4.6248E-02
   93   4.8862E-02
   94   5.3566E-02
   95   4.3003E-02
   96   4.7199E-02
   97   3.9075E-02
   98   3.9486E-02
   99   4.6584E-02
  100   6.3974E-02
  101   5.8714E-02
  102   6.6085E-02
  103   4.6199E-02
  104   3.6170E-02
  105   1.8020E-02
  106   1.1115E-02
  107   4.6710E-03
  108   4.2510E-03
  109   3.3150E-03
  110   3.7790E-03
  111   3.9860E-03
  112   6.5630E-03
  113   5.0860E-03
  114   6.6830E-03
  115   6.1560E-03
  116   6.9990E-03
  117   6.3730E-03
  118   9.9000E-03
  119   6.3730E-03
  120   6.9990E-03
  121   6.1560E-03
  122   6.6830E-03
  123   5.0860E-03
  124   6.5630E-03
  125   3.9860E-03
  126   3.7790E-03
  127   3.3150E-03
  128   4.2510E-03
  129   4.6710E-03
  130   1.1115E-02
  131   1.8020E-02
  132   3.6170E-02
  133   4.6199E-02
  134   6.6085E-02
  135   5.8714E-02
  136   6.3974E-02
  137   4.6584E-02
  138   3.9486E-02
  139   3.9075E-02
  140   4.7199E-02
  141   4.3003E-02
  142   5.3566E-02
  143   4.8862E-02
  144   4.6248E-02
  145   4.5664E-02
  146   5.4584E-02
  147   3.7808E-02
  148   3.6716E-02
  149   2.8410E-02
  150   2.3525E-02
  151   1.5878E-02
  152   1.4607E-02
  153   6.7530E-03
  154   4.2190E-03
  155   2.3020E-03
  156   1.4060E-03
  157   5.1000E-04
  158   2.9300E-04
  159   1.0200E-04
  160   6.5000E-05
  161   1.4000E-05
  162   9.0000E-06
  163   2.0000E-06
  164   2.0000E-06
