   73   4.0000E-06
   74   1.2000E-05
   75   3.1000E-05
   76   6.7000E-05
   77   1.6400E-04
   78   5.9800E-04
   79   1.4800E-03
   80   1.9660E-03
   81   3.3880E-03
   82   7.1280E-03
   83   1.3024E-02
   84   1.7394E-02
   85   1.7554E-02
   86   1.8834E-02
   87   2.6192E-02
   88   3.5402E-02
   89   3.7633E-02
   90   3.1729E-02
   91   2.6810E-02
   92   3.0364E-02
   93   4.1424E-02
   94   5.5901E-02
   95   7.0275E-02
   96   7.5114E-02
   97   8.5949E-02
   98   1.1780E-01
   99   1.1936E-01
  100   7.9605E-02
  101   4.5400E-02
  102   2.2246E-02
  103   8.8620E-03
  104   2.7390E-03
  105   7.3100E-04
  106   2.1600E-04
  107   1.1300E-04
  108   1.2400E-04
  109   1.5800E-04
  110   2.8700E-04
  111   4.6700E-04
  112   5.7500E-04
  113   5.3700E-04
  114   5.3500E-04
  115   7.6800E-04
  116   1.0290E-03
  117   1.0290E-03
  118   7.6800E-04
  119   5.3500E-04
  120   5.3700E-04
  121   5.7500E-04
  122   4.6700E-04
  123   2.8700E-04
  124   1.5800E-04
  125   1.2400E-04
  126   1.1300E-04
  127   2.1600E-04
  128   7.3100E-04
  129   2.7390E-03
  130   8.8620E-03
  131   2.2246E-02
  132   4.5400E-02
  133   7.9605E-02
  134   1.1936E-01
  135   1.1780E-01
  136   8.5949E-02
  137   7.5114E-02
  138   7.0275E-02
  139   5.5901E-02
  140   4.1424E-02
  141   3.0364E-02
  142   2.6810E-02
  143   3.1729E-02
  144   3.7633E-02
  145   3.5402E-02
  146   2.6192E-02
  147   1.8834E-02
  148   1.7554E-02
  149   1.7394E-02
  150   1.3024E-02
  151   7.1280E-03
  152   3.3880E-03
  153   1.9660E-03
  154   1.4800E-03
  155   5.9800E-04
  156   1.6400E-04
  157   6.7000E-05
  158   3.1000E-05
  159   1.2000E-05
  160   4.0000E-06
