   74   2.2000E-05
   75   2.3000E-05
   76   1.4400E-04
   77   1.8800E-04
   78   1.3380E-03
   79   1.1020E-03
   80   3.3320E-03
   81   3.2150E-03
   82   1.2717E-02
   83   7.5460E-03
   84   2.2571E-02
   85   1.3645E-02
   86   2.6848E-02
   87   1.6740E-02
   88   4.7336E-02
   89   1.8506E-02
   90   3.6298E-02
   91   2.0322E-02
   92   4.7234E-02
   93   1.7544E-02
   94   1.1300E-01
   95   1.9771E-02
   96   1.5445E-01
   97   2.0779E-02
   98   2.3140E-01
   99   1.1281E-02
  100   1.1433E-01
  101   3.1260E-03
  102   2.6458E-02
  103   6.5900E-04
  104   2.6390E-03
  105   9.4000E-05
  106   2.6300E-04
  107   8.0000E-06
  108   2.9400E-04
  109   4.0000E-06
  110   8.7200E-04
  111   7.0000E-06
  112   1.2120E-03
  113   1.5000E-05
  114   1.4930E-03
  115   2.1000E-05
  116   2.2640E-03
  117   2.1000E-05
  118   1.4930E-03
  119   1.5000E-05
  120   1.2120E-03
  121   7.0000E-06
  122   8.7200E-04
  123   4.0000E-06
  124   2.9400E-04
  125   8.0000E-06
  126   2.6300E-04
  127   9.4000E-05
  128   2.6390E-03
  129   6.5900E-04
  130   2.6458E-02
  131   3.1260E-03
  132   1.1433E-01
  133   1.1281E-02
  134   2.3140E-01
  135   2.0779E-02
  136   1.5445E-01
  137   1.9771E-02
  138   1.1300E-01
  139   1.7544E-02
  140   4.7234E-02
  141   2.0322E-02
  142   3.6298E-02
  143   1.8506E-02
  144   4.7336E-02
  145   1.6740E-02
  146   2.6848E-02
  147   1.3645E-02
  148   2.2571E-02
  149   7.5460E-03
  150   1.2717E-02
  151   3.2150E-03
  152   3.3320E-03
  153   1.1020E-03
  154   1.3380E-03
  155   1.8800E-04
  156   1.4400E-04
  157   2.3000E-05
  158   2.2000E-05
