   66   2.0000E-06
   68   2.0000E-06
   69   3.0000E-06
   70   9.0000E-06
   71   2.4000E-05
   72   5.5000E-05
   73   1.0600E-04
   74   2.1700E-04
   75   3.7900E-04
   76   7.0900E-04
   77   1.1540E-03
   78   2.3060E-03
   79   3.1870E-03
   80   4.3650E-03
   81   6.1410E-03
   82   9.6790E-03
   83   1.0612E-02
   84   1.2545E-02
   85   1.4378E-02
   86   1.7707E-02
   87   1.8163E-02
   88   2.0545E-02
   89   1.9564E-02
   90   2.0450E-02
   91   2.1518E-02
   92   2.4705E-02
   93   2.6745E-02
   94   3.0830E-02
   95   3.3348E-02
   96   3.5439E-02
   97   3.4995E-02
   98   3.1192E-02
   99   2.6361E-02
  100   2.3860E-02
  101   2.2465E-02
  102   2.2627E-02
  103   2.4669E-02
  104   2.7114E-02
  105   2.9025E-02
  106   3.2260E-02
  107   3.5367E-02
  108   3.8152E-02
  109   4.1354E-02
  110   4.3921E-02
  111   4.6108E-02
  112   4.7581E-02
  113   4.9341E-02
  114   5.0506E-02
  115   5.1164E-02
  116   5.0504E-02
  117   4.9671E-02
  118   4.7939E-02
  119   4.7077E-02
  120   4.4924E-02
  121   4.2439E-02
  122   3.9201E-02
  123   3.6548E-02
  124   3.3643E-02
  125   3.0544E-02
  126   2.7991E-02
  127   2.6119E-02
  128   2.4423E-02
  129   2.4863E-02
  130   2.7452E-02
  131   3.1657E-02
  132   3.7230E-02
  133   3.7775E-02
  134   3.6283E-02
  135   3.2990E-02
  136   2.9500E-02
  137   2.5635E-02
  138   2.3065E-02
  139   2.1236E-02
  140   2.0945E-02
  141   2.0822E-02
  142   2.0200E-02
  143   1.8858E-02
  144   1.5945E-02
  145   1.4039E-02
  146   1.2220E-02
  147   1.0679E-02
  148   7.7980E-03
  149   5.4280E-03
  150   3.9510E-03
  151   2.9710E-03
  152   1.8060E-03
  153   1.1070E-03
  154   6.0600E-04
  155   3.9900E-04
  156   2.1000E-04
  157   1.3400E-04
  158   5.6000E-05
  159   3.3000E-05
  160   2.0000E-05
  161   2.0000E-06
  162   5.0000E-06
  165   2.0000E-06
