   68   2.0000E-06
   69   6.0000E-06
   70   5.0000E-06
   71   1.0000E-05
   72   1.8000E-05
   73   3.7000E-05
   74   6.6000E-05
   75   8.8000E-05
   76   1.6100E-04
   77   3.0900E-04
   78   5.7500E-04
   79   8.6200E-04
   80   1.6040E-03
   81   2.2010E-03
   82   3.5540E-03
   83   4.8110E-03
   84   7.7120E-03
   85   8.8100E-03
   86   1.1278E-02
   87   1.3275E-02
   88   1.7129E-02
   89   1.7341E-02
   90   2.0926E-02
   91   2.0512E-02
   92   2.1983E-02
   93   2.2867E-02
   94   2.5495E-02
   95   2.4277E-02
   96   2.6902E-02
   97   2.7870E-02
   98   3.1797E-02
   99   3.2009E-02
  100   3.4682E-02
  101   3.1674E-02
  102   3.1875E-02
  103   2.9308E-02
  104   2.8611E-02
  105   2.8154E-02
  106   2.8358E-02
  107   3.0152E-02
  108   3.1277E-02
  109   3.3361E-02
  110   3.5179E-02
  111   3.7512E-02
  112   4.0206E-02
  113   4.1535E-02
  114   4.3237E-02
  115   4.4216E-02
  116   4.5486E-02
  117   4.6038E-02
  118   4.6009E-02
  119   4.5619E-02
  120   4.5107E-02
  121   4.3535E-02
  122   4.2725E-02
  123   4.0995E-02
  124   3.9001E-02
  125   3.6306E-02
  126   3.4393E-02
  127   3.2676E-02
  128   3.1277E-02
  129   3.0311E-02
  130   2.9860E-02
  131   3.1348E-02
  132   3.4072E-02
  133   3.5121E-02
  134   3.9343E-02
  135   3.5540E-02
  136   3.3929E-02
  137   2.9486E-02
  138   2.7530E-02
  139   2.5206E-02
  140   2.5654E-02
  141   2.4000E-02
  142   2.3307E-02
  143   2.2387E-02
  144   2.2106E-02
  145   2.0018E-02
  146   1.8650E-02
  147   1.5488E-02
  148   1.3254E-02
  149   1.0781E-02
  150   9.0270E-03
  151   6.6120E-03
  152   4.6330E-03
  153   3.1530E-03
  154   2.1930E-03
  155   1.4660E-03
  156   9.7400E-04
  157   5.4100E-04
  158   3.6300E-04
  159   2.0600E-04
  160   1.2500E-04
  161   5.2000E-05
  162   4.8000E-05
  163   3.2000E-05
  164   1.5000E-05
  165   8.0000E-06
  166   8.0000E-06
  167   3.0000E-06
  168   2.0000E-06
