   74   1.5000E-05
   76   1.0800E-04
   77   3.0000E-06
   78   9.0700E-04
   79   2.6000E-05
   80   3.7570E-03
   81   6.8000E-05
   82   1.2084E-02
   83   1.7600E-04
   84   3.4422E-02
   85   3.9400E-04
   86   4.2093E-02
   87   6.3700E-04
   88   7.4190E-02
   89   7.4400E-04
   90   8.0546E-02
   91   8.3400E-04
   92   6.7631E-02
   93   8.2400E-04
   94   1.0350E-01
   95   9.8900E-04
   96   1.2906E-01
   97   1.8880E-03
   98   1.7940E-01
   99   1.9280E-03
  100   1.7961E-01
  101   8.7500E-04
  102   6.5254E-02
  103   2.2500E-04
  104   1.1912E-02
  105   3.1000E-05
  106   1.0620E-03
  108   2.2900E-04
  109   2.0000E-06
  110   4.6900E-04
  111   5.0000E-06
  112   1.0690E-03
  113   1.6000E-05
  114   1.1670E-03
  115   2.3000E-05
  116   1.7950E-03
  117   1.0000E-05
  118   1.7950E-03
  119   2.3000E-05
  120   1.1670E-03
  121   1.6000E-05
  122   1.0690E-03
  123   5.0000E-06
  124   4.6900E-04
  125   2.0000E-06
  126   2.2900E-04
  128   1.0620E-03
  129   3.1000E-05
  130   1.1912E-02
  131   2.2500E-04
  132   6.5254E-02
  133   8.7500E-04
  134   1.7961E-01
  135   1.9280E-03
  136   1.7940E-01
  137   1.8880E-03
  138   1.2906E-01
  139   9.8900E-04
  140   1.0350E-01
  141   8.2400E-04
  142   6.7631E-02
  143   8.3400E-04
  144   8.0546E-02
  145   7.4400E-04
  146   7.4190E-02
  147   6.3700E-04
  148   4.2093E-02
  149   3.9400E-04
  150   3.4422E-02
  151   1.7600E-04
  152   1.2084E-02
  153   6.8000E-05
  154   3.7570E-03
  155   2.6000E-05
  156   9.0700E-04
  157   3.0000E-06
  158   1.0800E-04
  160   1.5000E-05
