   69   2.0000E-06
   70   8.0000E-06
   71   8.0000E-06
   72   2.5000E-05
   73   4.3000E-05
   74   9.4000E-05
   75   1.4500E-04
   76   2.7700E-04
   77   5.4200E-04
   78   1.0510E-03
   79   1.4900E-03
   80   2.4060E-03
   81   3.4690E-03
   82   5.9040E-03
   83   7.0470E-03
   84   1.0360E-02
   85   1.1745E-02
   86   1.3868E-02
   87   1.6059E-02
   88   2.0766E-02
   89   1.9354E-02
   90   2.1294E-02
   91   2.1657E-02
   92   2.3545E-02
   93   2.3265E-02
   94   2.8156E-02
   95   2.8006E-02
   96   3.2623E-02
   97   3.6456E-02
   98   4.1715E-02
   99   3.7796E-02
  100   3.6214E-02
  101   3.0469E-02
  102   2.7955E-02
  103   2.5216E-02
  104   2.4939E-02
  105   2.5362E-02
  106   2.7131E-02
  107   2.8892E-02
  108   3.1038E-02
  109   3.3418E-02
  110   3.6674E-02
  111   3.8303E-02
  112   4.0312E-02
  113   4.1409E-02
  114   4.2656E-02
  115   4.3777E-02
  116   4.5108E-02
  117   4.4532E-02
  118   4.4403E-02
  119   4.3061E-02
  120   4.2325E-02
  121   4.0620E-02
  122   3.9087E-02
  123   3.7388E-02
  124   3.4902E-02
  125   3.1886E-02
  126   3.0107E-02
  127   2.8145E-02
  128   2.6973E-02
  129   2.6652E-02
  130   2.8160E-02
  131   3.1332E-02
  132   3.7697E-02
  133   4.0402E-02
  134   4.5095E-02
  135   3.9683E-02
  136   3.5499E-02
  137   2.9832E-02
  138   2.8583E-02
  139   2.4386E-02
  140   2.4581E-02
  141   2.2481E-02
  142   2.2502E-02
  143   2.1078E-02
  144   2.1561E-02
  145   1.8424E-02
  146   1.5879E-02
  147   1.3260E-02
  148   1.1653E-02
  149   9.0420E-03
  150   7.0550E-03
  151   4.6280E-03
  152   3.2200E-03
  153   2.1060E-03
  154   1.4190E-03
  155   9.1700E-04
  156   5.3400E-04
  157   3.1700E-04
  158   1.6600E-04
  159   8.8000E-05
  160   5.9000E-05
  161   3.5000E-05
  162   1.8000E-05
  163   6.0000E-06
  164   8.0000E-06
  165   2.0000E-06
