   71   2.0000E-06
   72   8.0000E-06
   73   6.0000E-06
   74   4.3000E-05
   75   5.9000E-05
   76   2.4000E-04
   77   3.1400E-04
   78   1.5800E-03
   79   1.5840E-03
   80   3.9410E-03
   81   4.1850E-03
   82   1.4229E-02
   83   9.3240E-03
   84   2.5076E-02
   85   1.6900E-02
   86   3.0848E-02
   87   2.1335E-02
   88   5.2415E-02
   89   2.4956E-02
   90   4.3016E-02
   91   2.7303E-02
   92   4.9156E-02
   93   2.7662E-02
   94   7.9348E-02
   95   4.3261E-02
   96   9.1169E-02
   97   6.1980E-02
   98   1.3269E-01
   99   4.9384E-02
  100   7.2208E-02
  101   2.1458E-02
  102   2.0539E-02
  103   5.9500E-03
  104   4.2520E-03
  105   2.6540E-03
  106   3.0690E-03
  107   2.9570E-03
  108   3.8040E-03
  109   3.8940E-03
  110   6.0920E-03
  111   5.0770E-03
  112   7.5550E-03
  113   5.8780E-03
  114   8.1280E-03
  115   6.3190E-03
  116   1.0607E-02
  117   6.8200E-03
  118   8.2410E-03
  119   6.1130E-03
  120   7.6230E-03
  121   5.3660E-03
  122   6.5650E-03
  123   4.3890E-03
  124   4.1580E-03
  125   3.3390E-03
  126   3.2460E-03
  127   2.7380E-03
  128   3.8330E-03
  129   4.1630E-03
  130   1.7171E-02
  131   1.6751E-02
  132   6.7082E-02
  133   4.5930E-02
  134   1.3265E-01
  135   6.4033E-02
  136   9.4275E-02
  137   4.5892E-02
  138   7.9347E-02
  139   2.8918E-02
  140   4.9359E-02
  141   2.7212E-02
  142   4.3221E-02
  143   2.5653E-02
  144   5.2426E-02
  145   2.3333E-02
  146   3.2584E-02
  147   1.7804E-02
  148   2.6209E-02
  149   1.1216E-02
  150   1.5064E-02
  151   5.2970E-03
  152   4.5850E-03
  153   1.9660E-03
  154   1.8850E-03
  155   5.3300E-04
  156   3.1200E-04
  157   1.1700E-04
  158   5.4000E-05
  159   2.2000E-05
  160   7.0000E-06
  161   5.0000E-06
  162   2.0000E-06
