   72   5.0000E-06
   73   1.5000E-05
   74   3.4000E-05
   75   8.1000E-05
   76   2.7600E-04
   77   4.9900E-04
   78   2.0180E-03
   79   2.6950E-03
   80   4.5790E-03
   81   6.8530E-03
   82   1.6857E-02
   83   1.6813E-02
   84   2.4040E-02
   85   2.1866E-02
   86   3.1830E-02
   87   3.2358E-02
   88   4.5495E-02
   89   3.3365E-02
   90   3.4603E-02
   91   3.2191E-02
   92   4.5597E-02
   93   5.3372E-02
   94   7.4711E-02
   95   8.2419E-02
   96   9.2374E-02
   97   1.0719E-01
   98   1.0151E-01
   99   6.5005E-02
  100   3.4144E-02
  101   1.5247E-02
  102   5.5330E-03
  103   1.5670E-03
  104   4.5200E-04
  105   2.3800E-04
  106   2.9300E-04
  107   2.9600E-04
  108   4.9200E-04
  109   8.9500E-04
  110   1.3620E-03
  111   1.7870E-03
  112   1.7470E-03
  113   1.7900E-03
  114   2.4370E-03
  115   3.0550E-03
  116   3.0550E-03
  117   2.4370E-03
  118   1.7900E-03
  119   1.7470E-03
  120   1.7870E-03
  121   1.3620E-03
  122   8.9500E-04
  123   4.9200E-04
  124   2.9600E-04
  125   2.9300E-04
  126   2.3800E-04
  127   4.5200E-04
  128   1.5670E-03
  129   5.5330E-03
  130   1.5247E-02
  131   3.4144E-02
  132   6.5005E-02
  133   1.0151E-01
  134   1.0719E-01
  135   9.2374E-02
  136   8.2419E-02
  137   7.4711E-02
  138   5.3372E-02
  139   4.5597E-02
  140   3.2191E-02
  141   3.4603E-02
  142   3.3365E-02
  143   4.5495E-02
  144   3.2358E-02
  145   3.1830E-02
  146   2.1866E-02
  147   2.4040E-02
  148   1.6813E-02
  149   1.6857E-02
  150   6.8530E-03
  151   4.5790E-03
  152   2.6950E-03
  153   2.0180E-03
  154   4.9900E-04
  155   2.7600E-04
  156   8.1000E-05
  157   3.4000E-05
  158   1.5000E-05
  159   5.0000E-06
