   69   2.0000E-06
   70   1.1000E-05
   71   1.1000E-05
   72   2.6000E-05
   73   6.3000E-05
   74   1.2200E-04
   75   2.2600E-04
   76   4.0000E-04
   77   6.5400E-04
   78   1.3280E-03
   79   1.8520E-03
   80   2.9030E-03
   81   4.0890E-03
   82   6.8610E-03
   83   7.9470E-03
   84   1.0571E-02
   85   1.2104E-02
   86   1.4631E-02
   87   1.6442E-02
   88   2.0412E-02
   89   1.9219E-02
   90   2.0340E-02
   91   2.0817E-02
   92   2.3082E-02
   93   2.3952E-02
   94   2.7862E-02
   95   2.9655E-02
   96   3.4330E-02
   97   3.7445E-02
   98   3.9657E-02
   99   3.5259E-02
  100   3.1669E-02
  101   2.7498E-02
  102   2.5194E-02
  103   2.4781E-02
  104   2.4985E-02
  105   2.6546E-02
  106   2.9042E-02
  107   3.1220E-02
  108   3.3389E-02
  109   3.5669E-02
  110   3.9256E-02
  111   4.0963E-02
  112   4.3128E-02
  113   4.4712E-02
  114   4.5642E-02
  115   4.6536E-02
  116   4.7689E-02
  117   4.6446E-02
  118   4.6280E-02
  119   4.5313E-02
  120   4.3774E-02
  121   4.2303E-02
  122   4.0136E-02
  123   3.7238E-02
  124   3.4508E-02
  125   3.2379E-02
  126   3.0236E-02
  127   2.8051E-02
  128   2.6502E-02
  129   2.6407E-02
  130   2.8328E-02
  131   3.1544E-02
  132   3.7748E-02
  133   4.1241E-02
  134   4.1658E-02
  135   3.7195E-02
  136   3.2733E-02
  137   2.8655E-02
  138   2.6010E-02
  139   2.3335E-02
  140   2.2346E-02
  141   2.1246E-02
  142   2.1060E-02
  143   2.0661E-02
  144   1.9193E-02
  145   1.6384E-02
  146   1.3860E-02
  147   1.2011E-02
  148   9.9840E-03
  149   8.0390E-03
  150   5.5880E-03
  151   3.8310E-03
  152   2.7380E-03
  153   1.8050E-03
  154   1.1940E-03
  155   6.5800E-04
  156   4.1300E-04
  157   2.4600E-04
  158   1.3300E-04
  159   9.0000E-05
  160   4.4000E-05
  161   2.1000E-05
  162   8.0000E-06
  163   9.0000E-06
  164   2.0000E-06
