   73   1.1000E-05
   74   2.7000E-05
   75   7.1000E-05
   76   2.0500E-04
   77   5.4300E-04
   78   1.7030E-03
   79   3.1200E-03
   80   3.4720E-03
   81   7.5100E-03
   82   1.3985E-02
   83   1.9464E-02
   84   2.0427E-02
   85   2.0139E-02
   86   2.6032E-02
   87   3.6464E-02
   88   4.0314E-02
   89   3.4598E-02
   90   2.7904E-02
   91   3.0341E-02
   92   4.2119E-02
   93   6.0561E-02
   94   7.9493E-02
   95   8.3070E-02
   96   8.6768E-02
   97   1.1125E-01
   98   1.1140E-01
   99   7.0154E-02
  100   3.6695E-02
  101   1.6682E-02
  102   6.0780E-03
  103   1.8640E-03
  104   5.0200E-04
  105   1.4100E-04
  106   1.5800E-04
  107   1.5400E-04
  108   2.3500E-04
  109   4.2300E-04
  110   6.8400E-04
  111   8.3500E-04
  112   8.2600E-04
  113   8.3000E-04
  114   1.1670E-03
  115   1.5610E-03
  116   1.5610E-03
  117   1.1670E-03
  118   8.3000E-04
  119   8.2600E-04
  120   8.3500E-04
  121   6.8400E-04
  122   4.2300E-04
  123   2.3500E-04
  124   1.5400E-04
  125   1.5800E-04
  126   1.4100E-04
  127   5.0200E-04
  128   1.8640E-03
  129   6.0780E-03
  130   1.6682E-02
  131   3.6695E-02
  132   7.0154E-02
  133   1.1140E-01
  134   1.1125E-01
  135   8.6768E-02
  136   8.3070E-02
  137   7.9493E-02
  138   6.0561E-02
  139   4.2119E-02
  140   3.0341E-02
  141   2.7904E-02
  142   3.4598E-02
  143   4.0314E-02
  144   3.6464E-02
  145   2.6032E-02
  146   2.0139E-02
  147   2.0427E-02
  148   1.9464E-02
  149   1.3985E-02
  150   7.5100E-03
  151   3.4720E-03
  152   3.1200E-03
  153   1.7030E-03
  154   5.4300E-04
  155   2.0500E-04
  156   7.1000E-05
  157   2.7000E-05
  158   1.1000E-05
