   74   1.7000E-05
   76   1.2100E-04
   78   9.2200E-04
   79   2.0000E-05
   80   3.7230E-03
   81   8.3000E-05
   82   1.2169E-02
   83   1.8100E-04
   84   3.4487E-02
   85   4.3000E-04
   86   4.1758E-02
   87   5.9400E-04
   88   7.4626E-02
   89   6.8100E-04
   90   8.0725E-02
   91   9.7200E-04
   92   6.7608E-02
   93   7.9500E-04
   94   1.0405E-01
   95   9.4100E-04
   96   1.2862E-01
   97   1.8230E-03
   98   1.7931E-01
   99   1.9230E-03
  100   1.7948E-01
  101   8.7200E-04
  102   6.5191E-02
  103   2.2300E-04
  104   1.1749E-02
  105   2.6000E-05
  106   1.0620E-03
  108   2.5900E-04
  109   9.0000E-06
  110   5.1500E-04
  111   4.0000E-06
  112   1.1490E-03
  113   1.6000E-05
  114   1.0970E-03
  115   1.4000E-05
  116   1.7450E-03
  117   1.6000E-05
  118   1.7450E-03
  119   1.4000E-05
  120   1.0970E-03
  121   1.6000E-05
  122   1.1490E-03
  123   4.0000E-06
  124   5.1500E-04
  125   9.0000E-06
  126   2.5900E-04
  128   1.0620E-03
  129   2.6000E-05
  130   1.1749E-02
  131   2.2300E-04
  132   6.5191E-02
  133   8.7200E-04
  134   1.7948E-01
  135   1.9230E-03
  136   1.7931E-01
  137   1.8230E-03
  138   1.2862E-01
  139   9.4100E-04
  140   1.0405E-01
  141   7.9500E-04
  142   6.7608E-02
  143   9.7200E-04
  144   8.0725E-02
  145   6.8100E-04
  146   7.4626E-02
  147   5.9400E-04
  148   4.1758E-02
  149   4.3000E-04
  150   3.4487E-02
  151   1.8100E-04
  152   1.2169E-02
  153   8.3000E-05
  154   3.7230E-03
  155   2.0000E-05
  156   9.2200E-04
  158   1.2100E-04
  160   1.7000E-05
