   70   7.0000E-06
   71   1.6000E-05
   72   4.9000E-05
   73   9.5000E-05
   74   1.8500E-04
   75   3.7500E-04
   76   7.3600E-04
   77   1.3120E-03
   78   2.7090E-03
   79   3.6280E-03
   80   5.4490E-03
   81   7.8740E-03
   82   1.2524E-02
   83   1.3744E-02
   84   1.7667E-02
   85   2.0005E-02
   86   2.4442E-02
   87   2.5199E-02
   88   3.0414E-02
   89   2.8269E-02
   90   2.8673E-02
   91   2.9585E-02
   92   3.3043E-02
   93   3.2337E-02
   94   3.8474E-02
   95   4.3526E-02
   96   4.7008E-02
   97   4.7790E-02
   98   4.5813E-02
   99   3.5023E-02
  100   2.8193E-02
  101   2.1175E-02
  102   1.7740E-02
  103   1.6869E-02
  104   1.7826E-02
  105   1.9079E-02
  106   2.1318E-02
  107   2.3837E-02
  108   2.5895E-02
  109   2.8305E-02
  110   3.1626E-02
  111   3.2443E-02
  112   3.3985E-02
  113   3.5229E-02
  114   3.6968E-02
  115   3.6252E-02
  116   3.7131E-02
  117   3.6018E-02
  118   3.4868E-02
  119   3.3694E-02
  120   3.3118E-02
  121   3.0057E-02
  122   2.8199E-02
  123   2.5238E-02
  124   2.3515E-02
  125   2.0694E-02
  126   1.9186E-02
  127   1.7309E-02
  128   1.7410E-02
  129   1.9098E-02
  130   2.5436E-02
  131   3.2375E-02
  132   4.4141E-02
  133   4.8114E-02
  134   4.9364E-02
  135   4.5587E-02
  136   4.0534E-02
  137   3.3436E-02
  138   3.3004E-02
  139   3.0071E-02
  140   2.9283E-02
  141   2.8632E-02
  142   3.0444E-02
  143   2.7168E-02
  144   2.5887E-02
  145   2.1842E-02
  146   1.8979E-02
  147   1.5594E-02
  148   1.3779E-02
  149   9.3810E-03
  150   6.6550E-03
  151   4.4980E-03
  152   3.2670E-03
  153   1.9240E-03
  154   1.0700E-03
  155   5.8000E-04
  156   3.1200E-04
  157   1.4400E-04
  158   8.8000E-05
  159   3.4000E-05
  160   1.6000E-05
  161   7.0000E-06
