   59   2.0000E-06
   62   2.0000E-06
   65   4.0000E-06
   66   2.0000E-06
   67   5.0000E-06
   68   4.0000E-06
   69   5.0000E-06
   70   4.0000E-06
   71   6.0000E-06
   72   9.0000E-06
   73   6.0000E-06
   74   1.2000E-05
   75   1.2000E-05
   76   1.6000E-05
   77   2.3000E-05
   78   2.4000E-05
   79   2.6000E-05
   80   3.5000E-05
   81   4.1000E-05
   82   7.1000E-05
   83   9.1000E-05
   84   8.9000E-05
   85   1.3400E-04
   86   1.8300E-04
   87   2.1900E-04
   88   3.3000E-04
   89   3.6500E-04
   90   5.1400E-04
   91   7.1500E-04
   92   9.9300E-04
   93   1.1620E-03
   94   1.5060E-03
   95   1.9570E-03
   96   2.6510E-03
   97   3.3210E-03
   98   4.3960E-03
   99   5.3370E-03
  100   6.3210E-03
  101   8.4070E-03
  102   1.0612E-02
  103   1.2681E-02
  104   1.5013E-02
  105   1.8168E-02
  106   2.1386E-02
  107   2.4642E-02
  108   2.8914E-02
  109   3.2256E-02
  110   3.6088E-02
  111   4.0232E-02
  112   4.3350E-02
  113   4.6367E-02
  114   4.8921E-02
  115   5.0340E-02
  116   5.1756E-02
  117   5.2497E-02
  118   5.1504E-02
  119   4.9878E-02
  120   4.8096E-02
  121   4.5637E-02
  122   4.2892E-02
  123   4.0211E-02
  124   3.6691E-02
  125   3.2958E-02
  126   2.8585E-02
  127   2.3511E-02
  128   1.9348E-02
  129   1.6856E-02
  130   1.9348E-02
  131   2.3511E-02
  132   2.8585E-02
  133   3.2958E-02
  134   3.6691E-02
  135   4.0211E-02
  136   4.2892E-02
  137   4.5637E-02
  138   4.8096E-02
  139   4.9878E-02
  140   5.1504E-02
  141   5.2497E-02
  142   5.1756E-02
  143   5.0340E-02
  144   4.8921E-02
  145   4.6367E-02
  146   4.3350E-02
  147   4.0232E-02
  148   3.6088E-02
  149   3.2256E-02
  150   2.8914E-02
  151   2.4642E-02
  152   2.1386E-02
  153   1.8168E-02
  154   1.5013E-02
  155   1.2681E-02
  156   1.0612E-02
  157   8.4070E-03
  158   6.3210E-03
  159   5.3370E-03
  160   4.3960E-03
  161   3.3210E-03
  162   2.6510E-03
  163   1.9570E-03
  164   1.5060E-03
  165   1.1620E-03
  166   9.9300E-04
  167   7.1500E-04
  168   5.1400E-04
  169   3.6500E-04
  170   3.3000E-04
  171   2.1900E-04
  172   1.8300E-04
  173   1.3400E-04
  174   8.9000E-05
  175   9.1000E-05
  176   7.1000E-05
  177   4.1000E-05
  178   3.5000E-05
  179   2.6000E-05
  180   2.4000E-05
  181   2.3000E-05
  182   1.6000E-05
  183   1.2000E-05
  184   1.2000E-05
  185   6.0000E-06
  186   9.0000E-06
  187   6.0000E-06
  188   4.0000E-06
  189   5.0000E-06
  190   4.0000E-06
