   62   2.0000E-06
   68   2.0000E-06
   69   3.0000E-06
   70   2.0000E-06
   71   5.0000E-06
   72   2.0000E-06
   73   6.0000E-06
   74   7.0000E-06
   75   5.0000E-06
   76   3.0000E-06
   77   1.1000E-05
   78   9.0000E-06
   79   2.0000E-05
   80   2.5000E-05
   81   3.4000E-05
   82   3.3000E-05
   83   6.0000E-05
   84   1.0000E-04
   85   1.2400E-04
   86   1.5500E-04
   87   2.1100E-04
   88   2.9500E-04
   89   3.3000E-04
   90   4.4900E-04
   91   6.0000E-04
   92   8.2800E-04
   93   1.0460E-03
   94   1.3690E-03
   95   1.7290E-03
   96   2.0900E-03
   97   2.7730E-03
   98   3.7190E-03
   99   4.3430E-03
  100   5.3060E-03
  101   6.8530E-03
  102   8.3780E-03
  103   1.0015E-02
  104   1.2635E-02
  105   1.4688E-02
  106   1.7403E-02
  107   2.0494E-02
  108   2.4553E-02
  109   2.7665E-02
  110   3.1132E-02
  111   3.5094E-02
  112   3.8790E-02
  113   4.2319E-02
  114   4.5761E-02
  115   4.7968E-02
  116   5.0419E-02
  117   5.1031E-02
  118   5.2052E-02
  119   5.1228E-02
  120   4.9843E-02
  121   4.8678E-02
  122   4.6508E-02
  123   4.3548E-02
  124   4.1188E-02
  125   3.7942E-02
  126   3.4294E-02
  127   2.9935E-02
  128   2.4899E-02
  129   2.0221E-02
  130   1.7482E-02
  131   2.0221E-02
  132   2.4899E-02
  133   2.9935E-02
  134   3.4294E-02
  135   3.7942E-02
  136   4.1188E-02
  137   4.3548E-02
  138   4.6508E-02
  139   4.8678E-02
  140   4.9843E-02
  141   5.1228E-02
  142   5.2052E-02
  143   5.1031E-02
  144   5.0419E-02
  145   4.7968E-02
  146   4.5761E-02
  147   4.2319E-02
  148   3.8790E-02
  149   3.5094E-02
  150   3.1132E-02
  151   2.7665E-02
  152   2.4553E-02
  153   2.0494E-02
  154   1.7403E-02
  155   1.4688E-02
  156   1.2635E-02
  157   1.0015E-02
  158   8.3780E-03
  159   6.8530E-03
  160   5.3060E-03
  161   4.3430E-03
  162   3.7190E-03
  163   2.7730E-03
  164   2.0900E-03
  165   1.7290E-03
  166   1.3690E-03
  167   1.0460E-03
  168   8.2800E-04
  169   6.0000E-04
  170   4.4900E-04
  171   3.3000E-04
  172   2.9500E-04
  173   2.1100E-04
  174   1.5500E-04
  175   1.2400E-04
  176   1.0000E-04
  177   6.0000E-05
  178   3.3000E-05
  179   3.4000E-05
  180   2.5000E-05
  181   2.0000E-05
  182   9.0000E-06
  183   1.1000E-05
  184   3.0000E-06
  185   5.0000E-06
  186   7.0000E-06
  187   6.0000E-06
  188   2.0000E-06
  189   5.0000E-06
  190   2.0000E-06
