   36   2.0000E-06
   42   6.0000E-06
   43   6.0000E-06
   44   9.0000E-06
   45   1.1000E-05
   46   1.3000E-05
   47   1.6000E-05
   48   1.0000E-05
   49   2.1000E-05
   50   2.1000E-05
   51   2.5000E-05
   52   3.4000E-05
   53   2.9000E-05
   54   5.0000E-05
   55   3.6000E-05
   56   7.6000E-05
   57   7.9000E-05
   58   8.5000E-05
   59   9.4000E-05
   60   1.0900E-04
   61   1.1200E-04
   62   1.4500E-04
   63   1.7800E-04
   64   2.0700E-04
   65   2.1100E-04
   66   2.5700E-04
   67   2.8700E-04
   68   3.3200E-04
   69   3.8200E-04
   70   4.4800E-04
   71   4.6700E-04
   72   5.7000E-04
   73   6.2200E-04
   74   7.1200E-04
   75   7.9300E-04
   76   9.7700E-04
   77   1.0300E-03
   78   1.1910E-03
   79   1.2450E-03
   80   1.4440E-03
   81   1.5920E-03
   82   1.9460E-03
   83   1.9530E-03
   84   2.2370E-03
   85   2.3430E-03
   86   2.7620E-03
   87   2.9460E-03
   88   3.3800E-03
   89   3.7160E-03
   90   4.0320E-03
   91   4.4780E-03
   92   5.3560E-03
   93   5.7660E-03
   94   6.5100E-03
   95   7.1220E-03
   96   8.2510E-03
   97   9.1230E-03
   98   1.0287E-02
   99   1.1660E-02
  100   1.2958E-02
  101   1.4696E-02
  102   1.6668E-02
  103   1.8127E-02
  104   2.0297E-02
  105   2.2417E-02
  106   2.4661E-02
  107   2.6950E-02
  108   2.8878E-02
  109   3.1200E-02
  110   3.3220E-02
  111   3.5016E-02
  112   3.6712E-02
  113   3.8208E-02
  114   3.9173E-02
  115   4.0286E-02
  116   4.0721E-02
  117   4.0530E-02
  118   4.0263E-02
  119   3.9720E-02
  120   3.8920E-02
  121   3.8466E-02
  122   3.6980E-02
  123   3.6530E-02
  124   3.4493E-02
  125   3.2877E-02
  126   3.1238E-02
  127   2.9200E-02
  128   2.7904E-02
  129   2.9858E-02
  130   3.1833E-02
  131   3.3443E-02
  132   3.5220E-02
  133   3.7036E-02
  134   3.7390E-02
  135   3.8829E-02
  136   3.9421E-02
  137   3.9964E-02
  138   4.0540E-02
  139   4.0772E-02
  140   4.0627E-02
  141   4.0398E-02
  142   3.8881E-02
  143   3.7925E-02
  144   3.6330E-02
  145   3.4651E-02
  146   3.2826E-02
  147   3.0417E-02
  148   2.8551E-02
  149   2.6482E-02
  150   2.4049E-02
  151   2.1877E-02
  152   1.9798E-02
  153   1.7760E-02
  154   1.6202E-02
  155   1.4280E-02
  156   1.2747E-02
  157   1.1411E-02
  158   1.0077E-02
  159   8.9320E-03
  160   8.1400E-03
  161   6.9980E-03
  162   6.4150E-03
  163   5.7370E-03
  164   5.2530E-03
  165   4.4400E-03
  166   4.0050E-03
  167   3.6850E-03
  168   3.3620E-03
  169   2.9340E-03
  170   2.7350E-03
  171   2.3590E-03
  172   2.2090E-03
  173   1.9590E-03
  174   1.9330E-03
  175   1.5950E-03
  176   1.4310E-03
  177   1.2450E-03
  178   1.1910E-03
  179   1.0200E-03
  180   9.8000E-04
  181   7.9000E-04
  182   7.1400E-04
  183   6.1900E-04
  184   5.7200E-04
  185   4.6400E-04
  186   4.4700E-04
  187   3.8400E-04
  188   3.2900E-04
  189   2.8100E-04
  190   2.6200E-04
