   43   5.0000E-06
   45   2.0000E-06
   47   4.0000E-06
   48   3.0000E-06
   49   4.0000E-06
   50   7.0000E-06
   51   8.0000E-06
   52   9.0000E-06
   53   9.0000E-06
   54   8.0000E-06
   55   1.5000E-05
   56   1.5000E-05
   57   1.7000E-05
   58   2.4000E-05
   59   2.3000E-05
   60   2.9000E-05
   61   2.1000E-05
   62   3.8000E-05
   63   4.3000E-05
   64   4.0000E-05
   65   5.8000E-05
   66   7.4000E-05
   67   6.3000E-05
   68   8.3000E-05
   69   8.5000E-05
   70   1.1100E-04
   71   1.3000E-04
   72   1.5400E-04
   73   1.4200E-04
   74   1.8800E-04
   75   2.1100E-04
   76   2.5600E-04
   77   2.7000E-04
   78   3.3000E-04
   79   3.0900E-04
   80   4.0800E-04
   81   4.4100E-04
   82   5.2000E-04
   83   5.2400E-04
   84   6.3600E-04
   85   6.8700E-04
   86   8.2800E-04
   87   9.1800E-04
   88   1.1870E-03
   89   1.2300E-03
   90   1.4010E-03
   91   1.7270E-03
   92   2.0310E-03
   93   2.3190E-03
   94   2.9510E-03
   95   3.3910E-03
   96   4.1220E-03
   97   5.0620E-03
   98   6.2440E-03
   99   7.2970E-03
  100   8.3570E-03
  101   1.0290E-02
  102   1.2353E-02
  103   1.3977E-02
  104   1.6509E-02
  105   1.9271E-02
  106   2.1671E-02
  107   2.4751E-02
  108   2.8263E-02
  109   3.1122E-02
  110   3.4142E-02
  111   3.7372E-02
  112   3.9749E-02
  113   4.2136E-02
  114   4.4164E-02
  115   4.5380E-02
  116   4.6510E-02
  117   4.6820E-02
  118   4.6480E-02
  119   4.6246E-02
  120   4.4792E-02
  121   4.3546E-02
  122   4.1562E-02
  123   3.9572E-02
  124   3.7395E-02
  125   3.4741E-02
  126   3.1658E-02
  127   2.8664E-02
  128   2.5063E-02
  129   2.3118E-02
  130   2.5585E-02
  131   2.8939E-02
  132   3.2279E-02
  133   3.5178E-02
  134   3.7694E-02
  135   3.9931E-02
  136   4.1972E-02
  137   4.3753E-02
  138   4.4997E-02
  139   4.6485E-02
  140   4.6666E-02
  141   4.6596E-02
  142   4.6468E-02
  143   4.5183E-02
  144   4.4119E-02
  145   4.1906E-02
  146   3.9413E-02
  147   3.6846E-02
  148   3.3960E-02
  149   3.0508E-02
  150   2.7845E-02
  151   2.4541E-02
  152   2.1259E-02
  153   1.8890E-02
  154   1.6214E-02
  155   1.3807E-02
  156   1.2061E-02
  157   1.0040E-02
  158   8.2830E-03
  159   7.1370E-03
  160   6.1330E-03
  161   4.9780E-03
  162   4.0160E-03
  163   3.3760E-03
  164   2.9050E-03
  165   2.2910E-03
  166   1.9940E-03
  167   1.7020E-03
  168   1.4060E-03
  169   1.2030E-03
  170   1.1900E-03
  171   9.1600E-04
  172   8.2400E-04
  173   6.7000E-04
  174   6.4100E-04
  175   5.2100E-04
  176   5.2200E-04
  177   4.3700E-04
  178   4.0400E-04
  179   3.1100E-04
  180   3.2600E-04
  181   2.7000E-04
  182   2.5600E-04
  183   2.1100E-04
  184   1.8800E-04
  185   1.4200E-04
  186   1.5400E-04
  187   1.3000E-04
  188   1.1100E-04
  189   8.5000E-05
  190   8.3000E-05
