   61   2.0000E-06
   69   2.0000E-06
   73   3.0000E-06
   74   7.0000E-06
   75   4.0000E-06
   76   2.0000E-06
   77   1.0000E-05
   78   1.1000E-05
   79   1.5000E-05
   80   2.5000E-05
   81   2.1000E-05
   82   3.3000E-05
   83   4.1000E-05
   84   6.4000E-05
   85   7.8000E-05
   86   1.1800E-04
   87   1.9600E-04
   88   2.3600E-04
   89   2.8400E-04
   90   4.1400E-04
   91   5.3800E-04
   92   7.4000E-04
   93   9.0800E-04
   94   1.3150E-03
   95   1.4330E-03
   96   1.8320E-03
   97   2.4560E-03
   98   3.0800E-03
   99   3.6910E-03
  100   4.6410E-03
  101   5.6790E-03
  102   6.7270E-03
  103   8.4500E-03
  104   1.0306E-02
  105   1.2212E-02
  106   1.4432E-02
  107   1.6780E-02
  108   2.0157E-02
  109   2.3281E-02
  110   2.6998E-02
  111   3.0294E-02
  112   3.4078E-02
  113   3.7876E-02
  114   4.1615E-02
  115   4.4579E-02
  116   4.6978E-02
  117   4.9552E-02
  118   5.0459E-02
  119   5.1203E-02
  120   5.0829E-02
  121   5.0649E-02
  122   4.8832E-02
  123   4.6526E-02
  124   4.4230E-02
  125   4.1789E-02
  126   3.8794E-02
  127   3.5553E-02
  128   3.0884E-02
  129   2.6739E-02
  130   2.2011E-02
  131   1.8568E-02
  132   2.2011E-02
  133   2.6739E-02
  134   3.0884E-02
  135   3.5553E-02
  136   3.8794E-02
  137   4.1789E-02
  138   4.4230E-02
  139   4.6526E-02
  140   4.8832E-02
  141   5.0649E-02
  142   5.0829E-02
  143   5.1203E-02
  144   5.0459E-02
  145   4.9552E-02
  146   4.6978E-02
  147   4.4579E-02
  148   4.1615E-02
  149   3.7876E-02
  150   3.4078E-02
  151   3.0294E-02
  152   2.6998E-02
  153   2.3281E-02
  154   2.0157E-02
  155   1.6780E-02
  156   1.4432E-02
  157   1.2212E-02
  158   1.0306E-02
  159   8.4500E-03
  160   6.7270E-03
  161   5.6790E-03
  162   4.6410E-03
  163   3.6910E-03
  164   3.0800E-03
  165   2.4560E-03
  166   1.8320E-03
  167   1.4330E-03
  168   1.3150E-03
  169   9.0800E-04
  170   7.4000E-04
  171   5.3800E-04
  172   4.1400E-04
  173   2.8400E-04
  174   2.3600E-04
  175   1.9600E-04
  176   1.1800E-04
  177   7.8000E-05
  178   6.4000E-05
  179   4.1000E-05
  180   3.3000E-05
  181   2.1000E-05
  182   2.5000E-05
  183   1.5000E-05
  184   1.1000E-05
  185   1.0000E-05
  186   2.0000E-06
  187   4.0000E-06
  188   7.0000E-06
  189   3.0000E-06
