   60   3.0000E-06
   61   2.0000E-06
   62   2.0000E-06
   63   3.0000E-06
   64   2.0000E-06
   65   2.0000E-06
   66   5.0000E-06
   67   6.0000E-06
   68   5.0000E-06
   69   7.0000E-06
   70   7.0000E-06
   71   1.3000E-05
   72   1.3000E-05
   73   1.1000E-05
   74   1.6000E-05
   75   2.7000E-05
   76   1.1000E-05
   77   2.3000E-05
   78   3.0000E-05
   79   3.5000E-05
   80   5.6000E-05
   81   5.2000E-05
   82   6.2000E-05
   83   9.2000E-05
   84   9.4000E-05
   85   1.3000E-04
   86   1.0500E-04
   87   1.6900E-04
   88   1.9000E-04
   89   2.7000E-04
   90   3.2700E-04
   91   4.0600E-04
   92   5.0600E-04
   93   6.7000E-04
   94   8.0000E-04
   95   9.8600E-04
   96   1.2710E-03
   97   1.5300E-03
   98   1.9200E-03
   99   2.4090E-03
  100   3.0940E-03
  101   3.6940E-03
  102   4.5430E-03
  103   5.6340E-03
  104   6.7020E-03
  105   8.0230E-03
  106   1.0052E-02
  107   1.1891E-02
  108   1.4149E-02
  109   1.6570E-02
  110   1.9492E-02
  111   2.2417E-02
  112   2.5125E-02
  113   2.8869E-02
  114   3.1821E-02
  115   3.5426E-02
  116   3.8829E-02
  117   4.1586E-02
  118   4.4490E-02
  119   4.6429E-02
  120   4.8142E-02
  121   4.9407E-02
  122   4.9384E-02
  123   4.9805E-02
  124   4.8712E-02
  125   4.7630E-02
  126   4.4977E-02
  127   4.3650E-02
  128   4.1213E-02
  129   3.8810E-02
  130   3.5747E-02
  131   3.2122E-02
  132   2.8318E-02
  133   2.6357E-02
  134   2.9172E-02
  135   3.2966E-02
  136   3.6629E-02
  137   3.9544E-02
  138   4.1623E-02
  139   4.4038E-02
  140   4.5512E-02
  141   4.7915E-02
  142   4.9035E-02
  143   4.9816E-02
  144   4.9468E-02
  145   4.9289E-02
  146   4.7701E-02
  147   4.6298E-02
  148   4.3888E-02
  149   4.1259E-02
  150   3.7899E-02
  151   3.4698E-02
  152   3.1387E-02
  153   2.7970E-02
  154   2.4727E-02
  155   2.1729E-02
  156   1.8834E-02
  157   1.6141E-02
  158   1.3752E-02
  159   1.1468E-02
  160   9.6350E-03
  161   7.7660E-03
  162   6.4680E-03
  163   5.3090E-03
  164   4.3840E-03
  165   3.6100E-03
  166   2.8910E-03
  167   2.3320E-03
  168   1.8020E-03
  169   1.4680E-03
  170   1.1950E-03
  171   9.4800E-04
  172   7.5300E-04
  173   6.1200E-04
  174   4.8700E-04
  175   4.0200E-04
  176   2.8400E-04
  177   2.6400E-04
  178   1.8400E-04
  179   1.4400E-04
  180   1.0600E-04
  181   1.2300E-04
  182   9.5000E-05
  183   8.7000E-05
  184   6.2000E-05
  185   5.3000E-05
  186   5.3000E-05
  187   3.5000E-05
  188   3.0000E-05
  189   2.3000E-05
  190   1.1000E-05
