   76   3.0000E-06
   77   2.0000E-06
   79   3.0000E-06
   80   3.0000E-06
   81   1.5000E-05
   82   1.7000E-05
   83   2.5000E-05
   84   4.5000E-05
   85   5.2000E-05
   86   8.3000E-05
   87   1.2300E-04
   88   1.8400E-04
   89   2.7800E-04
   90   4.3100E-04
   91   5.8800E-04
   92   7.4900E-04
   93   1.0580E-03
   94   1.3670E-03
   95   1.7850E-03
   96   2.4360E-03
   97   2.7860E-03
   98   3.5180E-03
   99   4.4860E-03
  100   5.5000E-03
  101   6.2140E-03
  102   7.5840E-03
  103   8.5840E-03
  104   9.8260E-03
  105   1.1256E-02
  106   1.3309E-02
  107   1.4591E-02
  108   1.6381E-02
  109   1.8347E-02
  110   2.0480E-02
  111   2.2907E-02
  112   2.5233E-02
  113   2.7930E-02
  114   3.0426E-02
  115   3.3123E-02
  116   3.6372E-02
  117   3.8885E-02
  118   4.1667E-02
  119   4.3818E-02
  120   4.6048E-02
  121   4.6250E-02
  122   4.7218E-02
  123   4.6820E-02
  124   4.6237E-02
  125   4.4748E-02
  126   4.3442E-02
  127   4.1500E-02
  128   3.9115E-02
  129   3.6346E-02
  130   3.3338E-02
  131   2.9647E-02
  132   2.5586E-02
  133   2.1214E-02
  134   2.1214E-02
  135   2.5586E-02
  136   2.9647E-02
  137   3.3338E-02
  138   3.6346E-02
  139   3.9115E-02
  140   4.1500E-02
  141   4.3442E-02
  142   4.4748E-02
  143   4.6237E-02
  144   4.6820E-02
  145   4.7218E-02
  146   4.6250E-02
  147   4.6048E-02
  148   4.3818E-02
  149   4.1667E-02
  150   3.8885E-02
  151   3.6372E-02
  152   3.3123E-02
  153   3.0426E-02
  154   2.7930E-02
  155   2.5233E-02
  156   2.2907E-02
  157   2.0480E-02
  158   1.8347E-02
  159   1.6381E-02
  160   1.4591E-02
  161   1.3309E-02
  162   1.1256E-02
  163   9.8260E-03
  164   8.5840E-03
  165   7.5840E-03
  166   6.2140E-03
  167   5.5000E-03
  168   4.4860E-03
  169   3.5180E-03
  170   2.7860E-03
  171   2.4360E-03
  172   1.7850E-03
  173   1.3670E-03
  174   1.0580E-03
  175   7.4900E-04
  176   5.8800E-04
  177   4.3100E-04
  178   2.7800E-04
  179   1.8400E-04
  180   1.2300E-04
  181   8.3000E-05
  182   5.2000E-05
  183   4.5000E-05
  184   2.5000E-05
  185   1.7000E-05
  186   1.5000E-05
  187   3.0000E-06
  188   3.0000E-06
  190   2.0000E-06
