   76   2.0000E-06
   79   2.0000E-06
   80   6.0000E-06
   81   9.0000E-06
   82   8.0000E-06
   83   2.3000E-05
   84   4.1000E-05
   85   4.0000E-05
   86   7.3000E-05
   87   1.0000E-04
   88   1.4300E-04
   89   2.2400E-04
   90   3.1300E-04
   91   3.8000E-04
   92   5.4200E-04
   93   7.2500E-04
   94   9.5000E-04
   95   1.2830E-03
   96   1.7570E-03
   97   2.1130E-03
   98   2.5870E-03
   99   3.2110E-03
  100   3.8850E-03
  101   4.6010E-03
  102   5.6950E-03
  103   6.5930E-03
  104   7.5450E-03
  105   8.8500E-03
  106   1.0751E-02
  107   1.1883E-02
  108   1.3815E-02
  109   1.5712E-02
  110   1.7596E-02
  111   1.9931E-02
  112   2.2831E-02
  113   2.4917E-02
  114   2.8148E-02
  115   3.1171E-02
  116   3.4285E-02
  117   3.7564E-02
  118   4.0563E-02
  119   4.2664E-02
  120   4.5031E-02
  121   4.6789E-02
  122   4.7900E-02
  123   4.8615E-02
  124   4.8115E-02
  125   4.7478E-02
  126   4.5369E-02
  127   4.4575E-02
  128   4.2495E-02
  129   4.0246E-02
  130   3.7457E-02
  131   3.4520E-02
  132   3.0396E-02
  133   2.6046E-02
  134   2.2818E-02
  135   2.6046E-02
  136   3.0396E-02
  137   3.4520E-02
  138   3.7457E-02
  139   4.0246E-02
  140   4.2495E-02
  141   4.4575E-02
  142   4.5369E-02
  143   4.7478E-02
  144   4.8115E-02
  145   4.8615E-02
  146   4.7900E-02
  147   4.6789E-02
  148   4.5031E-02
  149   4.2664E-02
  150   4.0563E-02
  151   3.7564E-02
  152   3.4285E-02
  153   3.1171E-02
  154   2.8148E-02
  155   2.4917E-02
  156   2.2831E-02
  157   1.9931E-02
  158   1.7596E-02
  159   1.5712E-02
  160   1.3815E-02
  161   1.1883E-02
  162   1.0751E-02
  163   8.8500E-03
  164   7.5450E-03
  165   6.5930E-03
  166   5.6950E-03
  167   4.6010E-03
  168   3.8850E-03
  169   3.2110E-03
  170   2.5870E-03
  171   2.1130E-03
  172   1.7570E-03
  173   1.2830E-03
  174   9.5000E-04
  175   7.2500E-04
  176   5.4200E-04
  177   3.8000E-04
  178   3.1300E-04
  179   2.2400E-04
  180   1.4300E-04
  181   1.0000E-04
  182   7.3000E-05
  183   4.0000E-05
  184   4.1000E-05
  185   2.3000E-05
  186   8.0000E-06
  187   9.0000E-06
  188   6.0000E-06
  189   2.0000E-06
