   72   2.0000E-06
   73   2.0000E-06
   75   2.0000E-06
   77   5.0000E-06
   78   2.0000E-06
   79   2.0000E-06
   80   9.0000E-06
   81   1.7000E-05
   82   2.0000E-05
   83   3.7000E-05
   84   5.0000E-05
   85   6.9000E-05
   86   8.5000E-05
   87   1.0800E-04
   88   1.5900E-04
   89   2.3500E-04
   90   3.6100E-04
   91   4.3100E-04
   92   6.0800E-04
   93   7.2300E-04
   94   1.0370E-03
   95   1.2070E-03
   96   1.6920E-03
   97   1.9810E-03
   98   2.3470E-03
   99   3.1500E-03
  100   3.9260E-03
  101   4.4470E-03
  102   5.4560E-03
  103   6.5210E-03
  104   7.6700E-03
  105   9.1680E-03
  106   1.1118E-02
  107   1.2690E-02
  108   1.4510E-02
  109   1.6715E-02
  110   1.9635E-02
  111   2.2477E-02
  112   2.5556E-02
  113   2.8827E-02
  114   3.1993E-02
  115   3.5443E-02
  116   3.8706E-02
  117   4.2065E-02
  118   4.4370E-02
  119   4.7046E-02
  120   4.8171E-02
  121   4.9679E-02
  122   4.9952E-02
  123   4.9338E-02
  124   4.8724E-02
  125   4.6630E-02
  126   4.4940E-02
  127   4.2944E-02
  128   3.9844E-02
  129   3.7606E-02
  130   3.3744E-02
  131   2.9756E-02
  132   2.5077E-02
  133   2.1770E-02
  134   2.5077E-02
  135   2.9756E-02
  136   3.3744E-02
  137   3.7606E-02
  138   3.9844E-02
  139   4.2944E-02
  140   4.4940E-02
  141   4.6630E-02
  142   4.8724E-02
  143   4.9338E-02
  144   4.9952E-02
  145   4.9679E-02
  146   4.8171E-02
  147   4.7046E-02
  148   4.4370E-02
  149   4.2065E-02
  150   3.8706E-02
  151   3.5443E-02
  152   3.1993E-02
  153   2.8827E-02
  154   2.5556E-02
  155   2.2477E-02
  156   1.9635E-02
  157   1.6715E-02
  158   1.4510E-02
  159   1.2690E-02
  160   1.1118E-02
  161   9.1680E-03
  162   7.6700E-03
  163   6.5210E-03
  164   5.4560E-03
  165   4.4470E-03
  166   3.9260E-03
  167   3.1500E-03
  168   2.3470E-03
  169   1.9810E-03
  170   1.6920E-03
  171   1.2070E-03
  172   1.0370E-03
  173   7.2300E-04
  174   6.0800E-04
  175   4.3100E-04
  176   3.6100E-04
  177   2.3500E-04
  178   1.5900E-04
  179   1.0800E-04
  180   8.5000E-05
  181   6.9000E-05
  182   5.0000E-05
  183   3.7000E-05
  184   2.0000E-05
  185   1.7000E-05
  186   9.0000E-06
  187   2.0000E-06
  188   2.0000E-06
  189   5.0000E-06
