   70   3.0000E-06
   71   2.0000E-06
   74   3.0000E-06
   76   6.0000E-06
   77   5.0000E-06
   78   1.0000E-05
   79   1.1000E-05
   80   2.6000E-05
   81   2.3000E-05
   82   3.1000E-05
   83   3.5000E-05
   84   7.5000E-05
   85   1.0000E-04
   86   1.2000E-04
   87   2.0300E-04
   88   2.6100E-04
   89   3.1800E-04
   90   4.7700E-04
   91   5.5400E-04
   92   8.1800E-04
   93   1.0520E-03
   94   1.4460E-03
   95   1.7170E-03
   96   1.9940E-03
   97   2.6420E-03
   98   3.4370E-03
   99   3.9600E-03
  100   4.8540E-03
  101   6.0670E-03
  102   7.0260E-03
  103   8.5420E-03
  104   1.0836E-02
  105   1.2316E-02
  106   1.4676E-02
  107   1.7522E-02
  108   1.9981E-02
  109   2.3384E-02
  110   2.7005E-02
  111   3.0427E-02
  112   3.4077E-02
  113   3.7365E-02
  114   4.1739E-02
  115   4.4341E-02
  116   4.7209E-02
  117   4.9020E-02
  118   5.0675E-02
  119   5.1510E-02
  120   5.1471E-02
  121   5.0288E-02
  122   4.8787E-02
  123   4.5960E-02
  124   4.4344E-02
  125   4.1256E-02
  126   3.8584E-02
  127   3.4695E-02
  128   3.0657E-02
  129   2.5745E-02
  130   2.1243E-02
  131   1.8082E-02
  132   2.1243E-02
  133   2.5745E-02
  134   3.0657E-02
  135   3.4695E-02
  136   3.8584E-02
  137   4.1256E-02
  138   4.4344E-02
  139   4.5960E-02
  140   4.8787E-02
  141   5.0288E-02
  142   5.1471E-02
  143   5.1510E-02
  144   5.0675E-02
  145   4.9020E-02
  146   4.7209E-02
  147   4.4341E-02
  148   4.1739E-02
  149   3.7365E-02
  150   3.4077E-02
  151   3.0427E-02
  152   2.7005E-02
  153   2.3384E-02
  154   1.9981E-02
  155   1.7522E-02
  156   1.4676E-02
  157   1.2316E-02
  158   1.0836E-02
  159   8.5420E-03
  160   7.0260E-03
  161   6.0670E-03
  162   4.8540E-03
  163   3.9600E-03
  164   3.4370E-03
  165   2.6420E-03
  166   1.9940E-03
  167   1.7170E-03
  168   1.4460E-03
  169   1.0520E-03
  170   8.1800E-04
  171   5.5400E-04
  172   4.7700E-04
  173   3.1800E-04
  174   2.6100E-04
  175   2.0300E-04
  176   1.2000E-04
  177   1.0000E-04
  178   7.5000E-05
  179   3.5000E-05
  180   3.1000E-05
  181   2.3000E-05
  182   2.6000E-05
  183   1.1000E-05
  184   1.0000E-05
  185   5.0000E-06
  186   6.0000E-06
  188   3.0000E-06
