   62   6.0000E-06
   63   5.0000E-06
   64   7.0000E-06
   65   5.0000E-06
   66   1.3000E-05
   67   1.6000E-05
   68   1.7000E-05
   69   2.1000E-05
   70   2.3000E-05
   71   2.9000E-05
   72   3.2000E-05
   73   3.2000E-05
   74   3.6000E-05
   75   5.0000E-05
   76   6.3000E-05
   77   4.1000E-05
   78   6.6000E-05
   79   9.0000E-05
   80   1.0700E-04
   81   1.0900E-04
   82   1.2700E-04
   83   1.4300E-04
   84   1.5100E-04
   85   1.8600E-04
   86   2.5200E-04
   87   2.5700E-04
   88   3.1600E-04
   89   3.5600E-04
   90   4.9600E-04
   91   5.4300E-04
   92   7.0600E-04
   93   7.9200E-04
   94   9.8100E-04
   95   1.2290E-03
   96   1.5540E-03
   97   1.7490E-03
   98   2.0800E-03
   99   2.5420E-03
  100   3.1620E-03
  101   3.8770E-03
  102   4.7330E-03
  103   5.4130E-03
  104   6.4730E-03
  105   7.8890E-03
  106   9.4740E-03
  107   1.1036E-02
  108   1.2777E-02
  109   1.4949E-02
  110   1.7166E-02
  111   1.9791E-02
  112   2.2618E-02
  113   2.5912E-02
  114   2.8141E-02
  115   3.1664E-02
  116   3.4604E-02
  117   3.7429E-02
  118   4.0379E-02
  119   4.2622E-02
  120   4.4708E-02
  121   4.6149E-02
  122   4.7396E-02
  123   4.7772E-02
  124   4.7915E-02
  125   4.7009E-02
  126   4.6279E-02
  127   4.4939E-02
  128   4.3002E-02
  129   4.1177E-02
  130   3.8750E-02
  131   3.6504E-02
  132   3.3526E-02
  133   3.0084E-02
  134   2.8643E-02
  135   3.1856E-02
  136   3.5033E-02
  137   3.7965E-02
  138   3.9568E-02
  139   4.2594E-02
  140   4.3619E-02
  141   4.5658E-02
  142   4.6627E-02
  143   4.7577E-02
  144   4.8109E-02
  145   4.7982E-02
  146   4.6894E-02
  147   4.5579E-02
  148   4.4104E-02
  149   4.1627E-02
  150   3.9067E-02
  151   3.6484E-02
  152   3.3265E-02
  153   3.0260E-02
  154   2.7234E-02
  155   2.4527E-02
  156   2.1317E-02
  157   1.8923E-02
  158   1.6020E-02
  159   1.4135E-02
  160   1.2033E-02
  161   1.0419E-02
  162   8.7170E-03
  163   7.3560E-03
  164   6.0350E-03
  165   5.1000E-03
  166   4.3350E-03
  167   3.6080E-03
  168   2.8530E-03
  169   2.2330E-03
  170   1.9620E-03
  171   1.6570E-03
  172   1.3780E-03
  173   1.1200E-03
  174   8.8800E-04
  175   7.4500E-04
  176   6.5700E-04
  177   5.1900E-04
  178   4.3700E-04
  179   3.4400E-04
  180   3.0100E-04
  181   2.4200E-04
  182   2.4900E-04
  183   1.6800E-04
  184   1.4800E-04
  185   1.3400E-04
  186   1.2600E-04
  187   1.1400E-04
  188   1.0500E-04
  189   8.5000E-05
  190   6.8000E-05
