   72   2.0000E-06
   76   4.0000E-06
   78   5.0000E-06
   79   9.0000E-06
   80   2.1000E-05
   81   2.2000E-05
   82   2.2000E-05
   83   4.4000E-05
   84   4.4000E-05
   85   8.4000E-05
   86   1.0900E-04
   87   1.8700E-04
   88   2.3100E-04
   89   3.0800E-04
   90   4.7800E-04
   91   5.6700E-04
   92   7.5900E-04
   93   9.5700E-04
   94   1.4020E-03
   95   1.6150E-03
   96   2.0490E-03
   97   2.5610E-03
   98   3.0700E-03
   99   3.7950E-03
  100   4.8830E-03
  101   5.5640E-03
  102   6.4750E-03
  103   7.8170E-03
  104   9.5870E-03
  105   1.1136E-02
  106   1.2813E-02
  107   1.5097E-02
  108   1.7150E-02
  109   1.9913E-02
  110   2.3378E-02
  111   2.6066E-02
  112   2.9402E-02
  113   3.3272E-02
  114   3.6655E-02
  115   4.0304E-02
  116   4.3000E-02
  117   4.5861E-02
  118   4.7843E-02
  119   4.9425E-02
  120   5.0267E-02
  121   5.0370E-02
  122   4.9741E-02
  123   4.8424E-02
  124   4.6333E-02
  125   4.3725E-02
  126   4.1705E-02
  127   3.8598E-02
  128   3.5598E-02
  129   3.1649E-02
  130   2.6979E-02
  131   2.2717E-02
  132   1.9756E-02
  133   2.2717E-02
  134   2.6979E-02
  135   3.1649E-02
  136   3.5598E-02
  137   3.8598E-02
  138   4.1705E-02
  139   4.3725E-02
  140   4.6333E-02
  141   4.8424E-02
  142   4.9741E-02
  143   5.0370E-02
  144   5.0267E-02
  145   4.9425E-02
  146   4.7843E-02
  147   4.5861E-02
  148   4.3000E-02
  149   4.0304E-02
  150   3.6655E-02
  151   3.3272E-02
  152   2.9402E-02
  153   2.6066E-02
  154   2.3378E-02
  155   1.9913E-02
  156   1.7150E-02
  157   1.5097E-02
  158   1.2813E-02
  159   1.1136E-02
  160   9.5870E-03
  161   7.8170E-03
  162   6.4750E-03
  163   5.5640E-03
  164   4.8830E-03
  165   3.7950E-03
  166   3.0700E-03
  167   2.5610E-03
  168   2.0490E-03
  169   1.6150E-03
  170   1.4020E-03
  171   9.5700E-04
  172   7.5900E-04
  173   5.6700E-04
  174   4.7800E-04
  175   3.0800E-04
  176   2.3100E-04
  177   1.8700E-04
  178   1.0900E-04
  179   8.4000E-05
  180   4.4000E-05
  181   4.4000E-05
  182   2.2000E-05
  183   2.2000E-05
  184   2.1000E-05
  185   9.0000E-06
  186   5.0000E-06
  188   4.0000E-06
