   70   2.0000E-06
   73   2.0000E-06
   74   4.0000E-06
   75   2.0000E-06
   77   8.0000E-06
   78   1.1000E-05
   79   9.0000E-06
   80   1.5000E-05
   81   1.1000E-05
   82   2.1000E-05
   83   3.1000E-05
   84   5.5000E-05
   85   6.0000E-05
   86   8.1000E-05
   87   1.2300E-04
   88   1.6400E-04
   89   1.9800E-04
   90   2.9700E-04
   91   3.3000E-04
   92   4.6400E-04
   93   6.0100E-04
   94   8.2400E-04
   95   9.8400E-04
   96   1.3590E-03
   97   1.6280E-03
   98   1.9730E-03
   99   2.5340E-03
  100   3.1950E-03
  101   3.7240E-03
  102   4.6700E-03
  103   5.7340E-03
  104   6.7770E-03
  105   8.2570E-03
  106   1.0096E-02
  107   1.1798E-02
  108   1.3649E-02
  109   1.6130E-02
  110   1.9075E-02
  111   2.1986E-02
  112   2.5317E-02
  113   2.8374E-02
  114   3.1626E-02
  115   3.5074E-02
  116   3.8839E-02
  117   4.1398E-02
  118   4.4904E-02
  119   4.7496E-02
  120   4.8462E-02
  121   5.0226E-02
  122   5.0396E-02
  123   4.9981E-02
  124   4.9481E-02
  125   4.7745E-02
  126   4.5841E-02
  127   4.3472E-02
  128   4.1167E-02
  129   3.8578E-02
  130   3.5083E-02
  131   3.1303E-02
  132   2.6499E-02
  133   2.3648E-02
  134   2.6499E-02
  135   3.1303E-02
  136   3.5083E-02
  137   3.8580E-02
  138   4.1165E-02
  139   4.3472E-02
  140   4.5841E-02
  141   4.7745E-02
  142   4.9481E-02
  143   4.9981E-02
  144   5.0396E-02
  145   5.0226E-02
  146   4.8462E-02
  147   4.7496E-02
  148   4.4904E-02
  149   4.1398E-02
  150   3.8839E-02
  151   3.5074E-02
  152   3.1626E-02
  153   2.8374E-02
  154   2.5317E-02
  155   2.1986E-02
  156   1.9075E-02
  157   1.6130E-02
  158   1.3649E-02
  159   1.1798E-02
  160   1.0096E-02
  161   8.2570E-03
  162   6.7770E-03
  163   5.7340E-03
  164   4.6700E-03
  165   3.7240E-03
  166   3.1950E-03
  167   2.5340E-03
  168   1.9730E-03
  169   1.6280E-03
  170   1.3590E-03
  171   9.8400E-04
  172   8.2400E-04
  173   6.0100E-04
  174   4.6400E-04
  175   3.3000E-04
  176   2.9700E-04
  177   1.9800E-04
  178   1.6400E-04
  179   1.2300E-04
  180   8.1000E-05
  181   6.0000E-05
  182   5.5000E-05
  183   3.1000E-05
  184   2.1000E-05
  185   1.1000E-05
  186   1.5000E-05
  187   9.0000E-06
  188   1.1000E-05
  189   8.0000E-06
