   88   3.0000E-06
   91   4.0000E-06
   92   1.0000E-05
   93   1.0000E-05
   94   1.9000E-05
   95   2.6000E-05
   96   3.8000E-05
   97   5.7000E-05
   98   6.8000E-05
   99   8.5000E-05
  100   1.2400E-04
  101   1.7900E-04
  102   2.6100E-04
  103   3.1700E-04
  104   3.8200E-04
  105   5.7000E-04
  106   7.7900E-04
  107   8.7000E-04
  108   1.1230E-03
  109   1.5010E-03
  110   1.8240E-03
  111   2.3160E-03
  112   2.9530E-03
  113   3.6340E-03
  114   4.2380E-03
  115   5.1820E-03
  116   6.4190E-03
  117   7.5520E-03
  118   8.9860E-03
  119   1.0841E-02
  120   1.2590E-02
  121   1.4500E-02
  122   1.7015E-02
  123   1.9623E-02
  124   2.1775E-02
  125   2.4766E-02
  126   2.7904E-02
  127   3.0897E-02
  128   3.3908E-02
  129   3.7256E-02
  130   4.0567E-02
  131   4.4084E-02
  132   4.7758E-02
  133   5.1112E-02
  134   5.3989E-02
  135   5.7418E-02
  136   6.1526E-02
  137   6.6291E-02
  138   7.1874E-02
  139   7.6916E-02
  140   8.3134E-02
  141   8.9420E-02
  142   8.3134E-02
  143   7.6916E-02
  144   7.1874E-02
  145   6.6291E-02
  146   6.1526E-02
  147   5.7418E-02
  148   5.3989E-02
  149   5.1112E-02
  150   4.7758E-02
  151   4.4084E-02
  152   4.0567E-02
  153   3.7256E-02
  154   3.3908E-02
  155   3.0897E-02
  156   2.7904E-02
  157   2.4766E-02
  158   2.1775E-02
  159   1.9623E-02
  160   1.7015E-02
  161   1.4500E-02
  162   1.2590E-02
  163   1.0841E-02
  164   8.9860E-03
  165   7.5520E-03
  166   6.4190E-03
  167   5.1820E-03
  168   4.2380E-03
  169   3.6340E-03
  170   2.9530E-03
  171   2.3160E-03
  172   1.8240E-03
  173   1.5010E-03
  174   1.1230E-03
  175   8.7000E-04
  176   7.7900E-04
  177   5.7000E-04
  178   3.8200E-04
  179   3.1700E-04
  180   2.6100E-04
  181   1.7900E-04
  182   1.2400E-04
  183   8.5000E-05
  184   6.8000E-05
  185   5.7000E-05
  186   3.8000E-05
  187   2.6000E-05
  188   1.9000E-05
  189   1.0000E-05
  190   1.0000E-05
