   66   2.0000E-06
   71   2.0000E-06
   75   2.0000E-06
   76   3.0000E-06
   77   3.0000E-06
   78   1.1000E-05
   79   7.0000E-06
   80   5.0000E-06
   81   1.5000E-05
   82   1.5000E-05
   83   1.8000E-05
   84   2.2000E-05
   85   3.2000E-05
   86   5.4000E-05
   87   5.6000E-05
   88   7.3000E-05
   89   8.7000E-05
   90   1.1000E-04
   91   1.5100E-04
   92   1.8000E-04
   93   2.1800E-04
   94   2.6700E-04
   95   3.6500E-04
   96   4.2400E-04
   97   4.5000E-04
   98   6.4800E-04
   99   7.5900E-04
  100   9.0900E-04
  101   1.1980E-03
  102   1.3320E-03
  103   1.6810E-03
  104   1.8860E-03
  105   2.4050E-03
  106   2.7520E-03
  107   3.4190E-03
  108   3.7960E-03
  109   4.4090E-03
  110   5.4320E-03
  111   6.2110E-03
  112   7.0390E-03
  113   8.1990E-03
  114   9.4960E-03
  115   1.0826E-02
  116   1.2069E-02
  117   1.3843E-02
  118   1.5526E-02
  119   1.7193E-02
  120   1.9086E-02
  121   2.1125E-02
  122   2.3227E-02
  123   2.5769E-02
  124   2.8331E-02
  125   3.0882E-02
  126   3.3025E-02
  127   3.5842E-02
  128   3.8168E-02
  129   4.1152E-02
  130   4.3197E-02
  131   4.5934E-02
  132   4.8373E-02
  133   5.1314E-02
  134   5.4944E-02
  135   5.8797E-02
  136   6.0265E-02
  137   5.8701E-02
  138   5.8666E-02
  139   5.8295E-02
  140   5.8274E-02
  141   5.9280E-02
  142   5.8237E-02
  143   5.7798E-02
  144   5.7401E-02
  145   5.4121E-02
  146   5.2026E-02
  147   5.0405E-02
  148   4.8219E-02
  149   4.6503E-02
  150   4.4276E-02
  151   4.2294E-02
  152   3.9156E-02
  153   3.7165E-02
  154   3.4396E-02
  155   3.2300E-02
  156   2.9285E-02
  157   2.6871E-02
  158   2.4233E-02
  159   2.2286E-02
  160   1.9989E-02
  161   1.7997E-02
  162   1.6002E-02
  163   1.4226E-02
  164   1.2405E-02
  165   1.1099E-02
  166   9.6290E-03
  167   8.3350E-03
  168   7.2340E-03
  169   6.3910E-03
  170   5.4170E-03
  171   4.4500E-03
  172   3.8970E-03
  173   3.3580E-03
  174   2.8230E-03
  175   2.3320E-03
  176   1.8460E-03
  177   1.6890E-03
  178   1.3570E-03
  179   1.1420E-03
  180   8.7200E-04
  181   7.7500E-04
  182   6.1900E-04
  183   4.9400E-04
  184   3.8500E-04
  185   3.4600E-04
  186   2.3900E-04
  187   2.0900E-04
  188   1.6100E-04
  189   1.2200E-04
  190   1.1800E-04
