   85   2.0000E-06
   86   2.0000E-06
   87   3.0000E-06
   88   8.0000E-06
   89   7.0000E-06
   90   1.1000E-05
   91   2.7000E-05
   92   2.7000E-05
   93   3.5000E-05
   94   3.8000E-05
   95   6.8000E-05
   96   8.3000E-05
   97   1.0800E-04
   98   1.3000E-04
   99   1.7200E-04
  100   2.3400E-04
  101   3.2900E-04
  102   4.4900E-04
  103   5.5700E-04
  104   6.7200E-04
  105   8.8400E-04
  106   1.1520E-03
  107   1.3290E-03
  108   1.7970E-03
  109   2.1390E-03
  110   2.4780E-03
  111   3.0840E-03
  112   3.9180E-03
  113   4.5400E-03
  114   5.3400E-03
  115   6.4110E-03
  116   7.6610E-03
  117   8.7280E-03
  118   1.0577E-02
  119   1.1964E-02
  120   1.3938E-02
  121   1.6100E-02
  122   1.8171E-02
  123   2.0568E-02
  124   2.2948E-02
  125   2.5564E-02
  126   2.8321E-02
  127   3.1197E-02
  128   3.4174E-02
  129   3.7167E-02
  130   4.0115E-02
  131   4.3342E-02
  132   4.6300E-02
  133   4.8755E-02
  134   5.1704E-02
  135   5.4600E-02
  136   5.6806E-02
  137   5.8807E-02
  138   6.0748E-02
  139   6.2129E-02
  140   6.3291E-02
  141   6.4312E-02
  142   6.4683E-02
  143   6.3924E-02
  144   6.2918E-02
  145   6.1848E-02
  146   6.0338E-02
  147   5.8374E-02
  148   5.6300E-02
  149   5.3993E-02
  150   5.1409E-02
  151   4.7874E-02
  152   4.5827E-02
  153   4.2787E-02
  154   3.9386E-02
  155   3.6667E-02
  156   3.3570E-02
  157   3.0491E-02
  158   2.7768E-02
  159   2.5127E-02
  160   2.2470E-02
  161   2.0070E-02
  162   1.7731E-02
  163   1.5698E-02
  164   1.3551E-02
  165   1.1796E-02
  166   1.0251E-02
  167   8.5930E-03
  168   7.3230E-03
  169   6.3100E-03
  170   5.1790E-03
  171   4.4430E-03
  172   3.7810E-03
  173   3.0040E-03
  174   2.3990E-03
  175   2.0820E-03
  176   1.7570E-03
  177   1.2820E-03
  178   1.1270E-03
  179   8.5800E-04
  180   6.6200E-04
  181   5.5800E-04
  182   4.1900E-04
  183   3.2100E-04
  184   2.2000E-04
  185   1.6800E-04
  186   1.3100E-04
  187   1.1300E-04
  188   7.7000E-05
  189   6.8000E-05
  190   3.7000E-05
