   83   2.0000E-06
   85   2.0000E-06
   86   2.0000E-06
   87   6.0000E-06
   88   9.0000E-06
   89   1.0000E-05
   90   7.0000E-06
   91   1.6000E-05
   92   2.5000E-05
   93   2.2000E-05
   94   5.0000E-05
   95   5.6000E-05
   96   7.2000E-05
   97   1.0400E-04
   98   1.3500E-04
   99   1.7200E-04
  100   2.2400E-04
  101   3.1100E-04
  102   4.1600E-04
  103   5.0700E-04
  104   5.9100E-04
  105   7.8400E-04
  106   1.0210E-03
  107   1.2430E-03
  108   1.5440E-03
  109   1.9690E-03
  110   2.3710E-03
  111   2.9790E-03
  112   3.7530E-03
  113   4.4520E-03
  114   5.2530E-03
  115   6.3410E-03
  116   7.5310E-03
  117   8.8240E-03
  118   1.0472E-02
  119   1.2068E-02
  120   1.3720E-02
  121   1.6399E-02
  122   1.8348E-02
  123   2.0671E-02
  124   2.3443E-02
  125   2.6056E-02
  126   2.9245E-02
  127   3.2365E-02
  128   3.4890E-02
  129   3.7789E-02
  130   4.1138E-02
  131   4.4285E-02
  132   4.7585E-02
  133   5.0256E-02
  134   5.2970E-02
  135   5.6079E-02
  136   5.8252E-02
  137   6.0508E-02
  138   6.3130E-02
  139   6.4730E-02
  140   6.6554E-02
  141   6.8221E-02
  142   6.8221E-02
  143   6.6554E-02
  144   6.4730E-02
  145   6.3130E-02
  146   6.0508E-02
  147   5.8252E-02
  148   5.6079E-02
  149   5.2970E-02
  150   5.0256E-02
  151   4.7585E-02
  152   4.4285E-02
  153   4.1138E-02
  154   3.7789E-02
  155   3.4890E-02
  156   3.2365E-02
  157   2.9245E-02
  158   2.6056E-02
  159   2.3443E-02
  160   2.0671E-02
  161   1.8348E-02
  162   1.6399E-02
  163   1.3720E-02
  164   1.2068E-02
  165   1.0472E-02
  166   8.8240E-03
  167   7.5310E-03
  168   6.3410E-03
  169   5.2530E-03
  170   4.4520E-03
  171   3.7530E-03
  172   2.9790E-03
  173   2.3710E-03
  174   1.9690E-03
  175   1.5440E-03
  176   1.2430E-03
  177   1.0210E-03
  178   7.8400E-04
  179   5.9100E-04
  180   5.0700E-04
  181   4.1600E-04
  182   3.1100E-04
  183   2.2400E-04
  184   1.7200E-04
  185   1.3500E-04
  186   1.0400E-04
  187   7.2000E-05
  188   5.6000E-05
  189   5.0000E-05
  190   2.2000E-05
