   75   2.0000E-06
   77   6.0000E-06
   78   2.0000E-06
   79   3.0000E-06
   80   4.0000E-06
   81   1.2000E-05
   82   1.6000E-05
   83   1.9000E-05
   84   2.0000E-05
   85   3.0000E-05
   86   4.2000E-05
   87   4.5000E-05
   88   6.4000E-05
   89   7.4000E-05
   90   1.1800E-04
   91   1.4700E-04
   92   1.6300E-04
   93   2.3500E-04
   94   3.0600E-04
   95   3.8300E-04
   96   4.2200E-04
   97   5.0700E-04
   98   6.4100E-04
   99   7.6100E-04
  100   9.2900E-04
  101   1.1770E-03
  102   1.4530E-03
  103   1.7010E-03
  104   2.1040E-03
  105   2.5900E-03
  106   2.9400E-03
  107   3.5780E-03
  108   4.0100E-03
  109   4.8360E-03
  110   5.5400E-03
  111   6.5940E-03
  112   7.5410E-03
  113   8.4640E-03
  114   9.9970E-03
  115   1.1471E-02
  116   1.2856E-02
  117   1.4581E-02
  118   1.6041E-02
  119   1.7670E-02
  120   1.9859E-02
  121   2.1894E-02
  122   2.4050E-02
  123   2.6503E-02
  124   2.9028E-02
  125   3.1898E-02
  126   3.4054E-02
  127   3.7061E-02
  128   3.9512E-02
  129   4.1924E-02
  130   4.4297E-02
  131   4.7220E-02
  132   4.9665E-02
  133   5.2108E-02
  134   5.6135E-02
  135   6.0249E-02
  136   6.1636E-02
  137   6.0906E-02
  138   5.9894E-02
  139   5.9613E-02
  140   5.9015E-02
  141   5.8753E-02
  142   5.7422E-02
  143   5.7127E-02
  144   5.6094E-02
  145   5.3493E-02
  146   5.1196E-02
  147   4.9807E-02
  148   4.6931E-02
  149   4.5206E-02
  150   4.3209E-02
  151   4.0848E-02
  152   3.8249E-02
  153   3.6124E-02
  154   3.3625E-02
  155   3.0827E-02
  156   2.7868E-02
  157   2.5960E-02
  158   2.3331E-02
  159   2.0966E-02
  160   1.8776E-02
  161   1.7003E-02
  162   1.5101E-02
  163   1.3556E-02
  164   1.1938E-02
  165   1.0413E-02
  166   8.6690E-03
  167   7.8820E-03
  168   6.9080E-03
  169   5.9120E-03
  170   4.8980E-03
  171   4.1380E-03
  172   3.6160E-03
  173   3.1290E-03
  174   2.5480E-03
  175   2.1470E-03
  176   1.6400E-03
  177   1.5000E-03
  178   1.2280E-03
  179   9.5700E-04
  180   7.9100E-04
  181   6.4500E-04
  182   5.3200E-04
  183   4.1400E-04
  184   3.5800E-04
  185   2.9500E-04
  186   2.1300E-04
  187   1.6300E-04
  188   1.4200E-04
  189   9.5000E-05
  190   7.1000E-05
