   55   2.0000E-06
   56   2.0000E-06
   57   5.0000E-06
   58   1.4000E-05
   59   1.0000E-05
   60   3.6000E-05
   61   4.1000E-05
   62   9.6000E-05
   63   1.0100E-04
   64   2.0100E-04
   65   2.0300E-04
   66   2.3800E-04
   67   3.2500E-04
   68   4.8100E-04
   69   6.2700E-04
   70   8.4700E-04
   71   1.1010E-03
   72   1.4700E-03
   73   1.8920E-03
   74   2.7900E-03
   75   3.3100E-03
   76   4.4340E-03
   77   5.6570E-03
   78   7.8450E-03
   79   9.3470E-03
   80   1.2497E-02
   81   1.4938E-02
   82   1.8284E-02
   83   2.1423E-02
   84   2.8206E-02
   85   2.9898E-02
   86   3.3816E-02
   87   3.7440E-02
   88   4.3143E-02
   89   4.3917E-02
   90   4.7940E-02
   91   5.0229E-02
   92   5.5967E-02
   93   5.6852E-02
   94   6.1574E-02
   95   6.2754E-02
   96   6.6656E-02
   97   6.7227E-02
   98   7.4099E-02
   99   7.0139E-02
  100   7.1701E-02
  101   7.0903E-02
  102   7.4043E-02
  103   6.8944E-02
  104   6.7812E-02
  105   6.4655E-02
  106   6.3368E-02
  107   5.8890E-02
  108   5.8540E-02
  109   5.3276E-02
  110   5.0340E-02
  111   4.6725E-02
  112   4.5918E-02
  113   3.9997E-02
  114   3.6843E-02
  115   3.2155E-02
  116   3.0778E-02
  117   2.4432E-02
  118   2.0531E-02
  119   1.6938E-02
  120   1.4431E-02
  121   1.1194E-02
  122   8.9990E-03
  123   7.2090E-03
  124   5.4360E-03
  125   4.2110E-03
  126   3.3040E-03
  127   2.6690E-03
  128   1.8780E-03
  129   1.4180E-03
  130   1.1160E-03
  131   8.1600E-04
  132   6.5500E-04
  133   4.3000E-04
  134   3.3900E-04
  135   2.2900E-04
  136   2.2400E-04
  137   1.7300E-04
  138   1.0700E-04
  139   7.4000E-05
  140   4.1000E-05
  141   3.3000E-05
  142   1.0000E-05
  143   1.4000E-05
  144   5.0000E-06
  145   2.0000E-06
  146   2.0000E-06
