   58   5.0000E-06
   59   2.0000E-06
   60   2.7000E-05
   61   2.9000E-05
   62   7.6000E-05
   63   6.6000E-05
   64   2.3600E-04
   65   9.8000E-05
   66   2.0400E-04
   67   1.3700E-04
   68   3.9700E-04
   69   1.2700E-04
   70   3.3700E-04
   71   1.5300E-04
   72   3.5200E-04
   73   1.1400E-04
   74   3.7400E-04
   75   1.5600E-04
   76   6.1300E-04
   77   4.6800E-04
   78   1.6190E-03
   79   1.3180E-03
   80   9.1170E-03
   81   4.5810E-03
   82   1.5448E-02
   83   1.0214E-02
   84   4.3422E-02
   85   1.7426E-02
   86   6.3369E-02
   87   2.5461E-02
   88   6.7944E-02
   89   2.6081E-02
   90   9.1305E-02
   91   2.5258E-02
   92   5.9773E-02
   93   2.3691E-02
   94   9.4476E-02
   95   2.7103E-02
   96   6.9183E-02
   97   3.1530E-02
   98   1.2421E-01
   99   3.5172E-02
  100   1.0846E-01
  101   3.9710E-02
  102   1.0846E-01
  103   3.5172E-02
  104   1.2421E-01
  105   3.1530E-02
  106   6.9183E-02
  107   2.7103E-02
  108   9.4476E-02
  109   2.3691E-02
  110   5.9773E-02
  111   2.5258E-02
  112   9.1305E-02
  113   2.6081E-02
  114   6.7944E-02
  115   2.5461E-02
  116   6.3369E-02
  117   1.7426E-02
  118   4.3422E-02
  119   1.0214E-02
  120   1.5448E-02
  121   4.5810E-03
  122   9.1170E-03
  123   1.3180E-03
  124   1.6190E-03
  125   4.6800E-04
  126   6.1300E-04
  127   1.5600E-04
  128   3.7400E-04
  129   1.1400E-04
  130   3.5200E-04
  131   1.5300E-04
  132   3.3700E-04
  133   1.2700E-04
  134   3.9700E-04
  135   1.3700E-04
  136   2.0400E-04
  137   9.8000E-05
  138   2.3600E-04
  139   6.6000E-05
  140   7.6000E-05
  141   2.9000E-05
  142   2.7000E-05
  143   2.0000E-06
  144   5.0000E-06
