   57   2.0000E-06
   58   3.0000E-06
   60   1.6000E-05
   61   1.1000E-05
   62   6.3000E-05
   63   7.3000E-05
   64   2.5600E-04
   65   1.3800E-04
   66   4.1900E-04
   67   2.4400E-04
   68   5.4100E-04
   69   2.7600E-04
   70   7.1700E-04
   71   3.2600E-04
   72   5.4000E-04
   73   3.1900E-04
   74   7.3200E-04
   75   2.3000E-04
   76   5.6000E-04
   77   2.9900E-04
   78   9.7100E-04
   79   6.5900E-04
   80   4.2350E-03
   81   2.3520E-03
   82   1.3157E-02
   83   7.4550E-03
   84   2.5925E-02
   85   1.3546E-02
   86   7.1529E-02
   87   2.3661E-02
   88   6.3112E-02
   89   2.7763E-02
   90   1.0561E-01
   91   2.4349E-02
   92   7.2291E-02
   93   2.1119E-02
   94   6.8764E-02
   95   1.8694E-02
   96   7.2505E-02
   97   2.3321E-02
   98   8.1639E-02
   99   2.8279E-02
  100   1.3955E-01
  101   3.5686E-02
  102   9.6102E-02
  103   3.5686E-02
  104   1.3955E-01
  105   2.8279E-02
  106   8.1639E-02
  107   2.3321E-02
  108   7.2505E-02
  109   1.8694E-02
  110   6.8764E-02
  111   2.1119E-02
  112   7.2291E-02
  113   2.4349E-02
  114   1.0561E-01
  115   2.7763E-02
  116   6.3112E-02
  117   2.3661E-02
  118   7.1529E-02
  119   1.3546E-02
  120   2.5925E-02
  121   7.4550E-03
  122   1.3157E-02
  123   2.3520E-03
  124   4.2350E-03
  125   6.5900E-04
  126   9.7100E-04
  127   2.9900E-04
  128   5.6000E-04
  129   2.3000E-04
  130   7.3200E-04
  131   3.1900E-04
  132   5.4000E-04
  133   3.2600E-04
  134   7.1700E-04
  135   2.7600E-04
  136   5.4100E-04
  137   2.4400E-04
  138   4.1900E-04
  139   1.3800E-04
  140   2.5600E-04
  141   7.3000E-05
  142   6.3000E-05
  143   1.1000E-05
  144   1.6000E-05
  146   3.0000E-06
  147   2.0000E-06
