   58   1.2000E-05
   59   1.2000E-05
   60   3.9000E-05
   61   5.3000E-05
   62   1.0900E-04
   63   1.2600E-04
   64   2.4900E-04
   65   2.0400E-04
   66   2.9700E-04
   67   3.4700E-04
   68   4.6400E-04
   69   3.7200E-04
   70   4.6100E-04
   71   4.3600E-04
   72   5.3100E-04
   73   5.4500E-04
   74   9.2200E-04
   75   9.9500E-04
   76   1.5430E-03
   77   2.1860E-03
   78   3.4290E-03
   79   4.7320E-03
   80   8.2710E-03
   81   1.0468E-02
   82   1.4037E-02
   83   1.9559E-02
   84   2.7543E-02
   85   3.0687E-02
   86   3.6613E-02
   87   4.1672E-02
   88   4.6361E-02
   89   4.8657E-02
   90   5.3724E-02
   91   5.2539E-02
   92   5.2391E-02
   93   5.5431E-02
   94   6.1164E-02
   95   5.8581E-02
   96   5.8978E-02
   97   6.3697E-02
   98   7.0197E-02
   99   6.7309E-02
  100   6.9343E-02
  101   6.9390E-02
  102   6.9343E-02
  103   6.7309E-02
  104   7.0197E-02
  105   6.3697E-02
  106   5.8978E-02
  107   5.8581E-02
  108   6.1164E-02
  109   5.5431E-02
  110   5.2391E-02
  111   5.2539E-02
  112   5.3724E-02
  113   4.8657E-02
  114   4.6361E-02
  115   4.1672E-02
  116   3.6613E-02
  117   3.0687E-02
  118   2.7543E-02
  119   1.9559E-02
  120   1.4037E-02
  121   1.0468E-02
  122   8.2710E-03
  123   4.7320E-03
  124   3.4290E-03
  125   2.1860E-03
  126   1.5430E-03
  127   9.9500E-04
  128   9.2200E-04
  129   5.4500E-04
  130   5.3100E-04
  131   4.3600E-04
  132   4.6100E-04
  133   3.7200E-04
  134   4.6400E-04
  135   3.4700E-04
  136   2.9700E-04
  137   2.0400E-04
  138   2.4900E-04
  139   1.2600E-04
  140   1.0900E-04
  141   5.3000E-05
  142   3.9000E-05
  143   1.2000E-05
  144   1.2000E-05
