   56   3.0000E-06
   57   3.0000E-06
   58   1.0000E-05
   59   5.0000E-06
   60   7.0000E-05
   61   4.6000E-05
   62   1.7200E-04
   63   1.2100E-04
   64   5.2900E-04
   65   2.0000E-04
   66   4.8300E-04
   67   2.8500E-04
   68   8.1700E-04
   69   2.3900E-04
   70   7.6400E-04
   71   3.8500E-04
   72   6.6200E-04
   73   3.2100E-04
   74   9.5300E-04
   75   5.1000E-04
   76   9.9900E-04
   77   1.2120E-03
   78   2.3660E-03
   79   3.1000E-03
   80   7.2450E-03
   81   8.8460E-03
   82   1.2799E-02
   83   1.8107E-02
   84   2.9813E-02
   85   3.0991E-02
   86   4.0900E-02
   87   4.3414E-02
   88   4.9926E-02
   89   4.9474E-02
   90   5.9452E-02
   91   5.1122E-02
   92   5.0735E-02
   93   5.1509E-02
   94   6.4462E-02
   95   5.4856E-02
   96   5.5516E-02
   97   6.0839E-02
   98   7.5432E-02
   99   6.5408E-02
  100   7.0738E-02
  101   6.8290E-02
  102   7.0738E-02
  103   6.5408E-02
  104   7.5432E-02
  105   6.0839E-02
  106   5.5516E-02
  107   5.4856E-02
  108   6.4462E-02
  109   5.1509E-02
  110   5.0735E-02
  111   5.1122E-02
  112   5.9452E-02
  113   4.9474E-02
  114   4.9926E-02
  115   4.3414E-02
  116   4.0900E-02
  117   3.0991E-02
  118   2.9813E-02
  119   1.8107E-02
  120   1.2799E-02
  121   8.8460E-03
  122   7.2450E-03
  123   3.1000E-03
  124   2.3660E-03
  125   1.2120E-03
  126   9.9900E-04
  127   5.1000E-04
  128   9.5300E-04
  129   3.2100E-04
  130   6.6200E-04
  131   3.8500E-04
  132   7.6400E-04
  133   2.3900E-04
  134   8.1700E-04
  135   2.8500E-04
  136   4.8300E-04
  137   2.0000E-04
  138   5.2900E-04
  139   1.2100E-04
  140   1.7200E-04
  141   4.6000E-05
  142   7.0000E-05
  143   5.0000E-06
  144   1.0000E-05
  145   3.0000E-06
  146   3.0000E-06
