   58   1.5000E-05
   59   9.0000E-06
   60   6.9000E-05
   61   3.6000E-05
   62   1.3000E-04
   63   9.5000E-05
   64   4.7600E-04
   65   1.5600E-04
   66   3.8800E-04
   67   2.5400E-04
   68   6.9900E-04
   69   2.3700E-04
   70   6.1300E-04
   71   2.7000E-04
   72   6.1200E-04
   73   2.6300E-04
   74   7.1300E-04
   75   3.0500E-04
   76   7.8000E-04
   77   8.3800E-04
   78   1.7210E-03
   79   2.4420E-03
   80   6.9550E-03
   81   7.7590E-03
   82   1.2623E-02
   83   1.6829E-02
   84   3.2264E-02
   85   2.9676E-02
   86   4.5289E-02
   87   4.2824E-02
   88   5.2396E-02
   89   4.7200E-02
   90   6.4509E-02
   91   4.7683E-02
   92   4.9668E-02
   93   4.6705E-02
   94   6.8198E-02
   95   5.0970E-02
   96   5.4592E-02
   97   5.7430E-02
   98   8.3136E-02
   99   6.2890E-02
  100   7.5200E-02
  101   6.8124E-02
  102   7.5200E-02
  103   6.2890E-02
  104   8.3136E-02
  105   5.7430E-02
  106   5.4592E-02
  107   5.0970E-02
  108   6.8198E-02
  109   4.6705E-02
  110   4.9668E-02
  111   4.7683E-02
  112   6.4509E-02
  113   4.7200E-02
  114   5.2396E-02
  115   4.2824E-02
  116   4.5289E-02
  117   2.9676E-02
  118   3.2264E-02
  119   1.6829E-02
  120   1.2623E-02
  121   7.7590E-03
  122   6.9550E-03
  123   2.4420E-03
  124   1.7210E-03
  125   8.3800E-04
  126   7.8000E-04
  127   3.0500E-04
  128   7.1300E-04
  129   2.6300E-04
  130   6.1200E-04
  131   2.7000E-04
  132   6.1300E-04
  133   2.3700E-04
  134   6.9900E-04
  135   2.5400E-04
  136   3.8800E-04
  137   1.5600E-04
  138   4.7600E-04
  139   9.5000E-05
  140   1.3000E-04
  141   3.6000E-05
  142   6.9000E-05
  143   9.0000E-06
  144   1.5000E-05
