   59   4.0000E-06
   60   1.0000E-05
   61   2.3000E-05
   62   2.5000E-05
   63   4.5000E-05
   64   1.2200E-04
   65   2.0000E-04
   66   2.4300E-04
   67   2.2900E-04
   68   2.8500E-04
   69   4.5500E-04
   70   4.7900E-04
   71   4.0100E-04
   72   3.1700E-04
   73   3.8200E-04
   74   4.2300E-04
   75   4.6500E-04
   76   3.2600E-04
   77   3.8000E-04
   78   5.0900E-04
   79   8.0100E-04
   80   1.6070E-03
   81   4.2590E-03
   82   7.9100E-03
   83   1.0189E-02
   84   1.3117E-02
   85   2.5077E-02
   86   4.4780E-02
   87   5.4060E-02
   88   4.6854E-02
   89   4.8837E-02
   90   6.9261E-02
   91   7.9984E-02
   92   6.2547E-02
   93   4.1098E-02
   94   3.9490E-02
   95   4.8814E-02
   96   4.7907E-02
   97   3.7355E-02
   98   3.6723E-02
   99   5.7184E-02
  100   7.9470E-02
  101   7.7581E-02
  102   5.9756E-02
  103   5.9756E-02
  104   7.7581E-02
  105   7.9470E-02
  106   5.7184E-02
  107   3.6723E-02
  108   3.7355E-02
  109   4.7907E-02
  110   4.8814E-02
  111   3.9490E-02
  112   4.1098E-02
  113   6.2547E-02
  114   7.9984E-02
  115   6.9261E-02
  116   4.8837E-02
  117   4.6854E-02
  118   5.4060E-02
  119   4.4780E-02
  120   2.5077E-02
  121   1.3117E-02
  122   1.0189E-02
  123   7.9100E-03
  124   4.2590E-03
  125   1.6070E-03
  126   8.0100E-04
  127   5.0900E-04
  128   3.8000E-04
  129   3.2600E-04
  130   4.6500E-04
  131   4.2300E-04
  132   3.8200E-04
  133   3.1700E-04
  134   4.0100E-04
  135   4.7900E-04
  136   4.5500E-04
  137   2.8500E-04
  138   2.2900E-04
  139   2.4300E-04
  140   2.0000E-04
  141   1.2200E-04
  142   4.5000E-05
  143   2.5000E-05
  144   2.3000E-05
  145   1.0000E-05
  146   4.0000E-06
