   64   1.2000E-05
   65   1.5000E-05
   66   4.4000E-05
   67   6.2000E-05
   68   1.3800E-04
   69   2.5000E-04
   70   5.1600E-04
   71   7.2100E-04
   72   1.1820E-03
   73   1.7710E-03
   74   2.9000E-03
   75   3.2130E-03
   76   4.8620E-03
   77   5.0080E-03
   78   5.8730E-03
   79   6.5440E-03
   80   7.8010E-03
   81   7.4250E-03
   82   8.1790E-03
   83   7.9010E-03
   84   8.8010E-03
   85   8.9800E-03
   86   1.1937E-02
   87   1.2337E-02
   88   1.4624E-02
   89   1.5548E-02
   90   1.6190E-02
   91   1.4505E-02
   92   1.4556E-02
   93   1.4268E-02
   94   1.5705E-02
   95   1.8402E-02
   96   2.2986E-02
   97   2.6955E-02
   98   3.2167E-02
   99   3.6435E-02
  100   4.0675E-02
  101   4.6561E-02
  102   5.3572E-02
  103   5.6673E-02
  104   6.0570E-02
  105   6.4952E-02
  106   6.9033E-02
  107   7.1863E-02
  108   7.5902E-02
  109   7.5209E-02
  110   7.3473E-02
  111   7.5878E-02
  112   7.5790E-02
  113   7.2355E-02
  114   6.8394E-02
  115   6.5811E-02
  116   6.1232E-02
  117   5.7246E-02
  118   5.3021E-02
  119   4.6116E-02
  120   4.0835E-02
  121   3.6853E-02
  122   3.1433E-02
  123   2.6236E-02
  124   2.2172E-02
  125   1.8297E-02
  126   1.5460E-02
  127   1.4280E-02
  128   1.4264E-02
  129   1.5194E-02
  130   1.5792E-02
  131   1.6197E-02
  132   1.4208E-02
  133   1.3081E-02
  134   1.0893E-02
  135   9.4200E-03
  136   8.2090E-03
  137   8.1780E-03
  138   7.8800E-03
  139   7.9160E-03
  140   7.2500E-03
  141   6.7340E-03
  142   5.6000E-03
  143   5.2990E-03
  144   4.4610E-03
  145   3.3490E-03
  146   2.6800E-03
  147   1.7660E-03
  148   1.1290E-03
  149   7.1600E-04
  150   4.9600E-04
  151   2.4800E-04
  152   1.3600E-04
  153   6.4000E-05
  154   4.2000E-05
  155   1.5000E-05
  156   1.2000E-05
