   61   2.0000E-06
   62   1.5000E-05
   63   2.9000E-05
   64   3.8000E-05
   65   8.9000E-05
   66   2.6000E-04
   67   4.8400E-04
   68   7.3300E-04
   69   7.4400E-04
   70   9.4900E-04
   71   1.7000E-03
   72   2.1090E-03
   73   2.0030E-03
   74   1.5880E-03
   75   1.7120E-03
   76   2.3010E-03
   77   2.4190E-03
   78   2.0860E-03
   79   1.7690E-03
   80   1.5270E-03
   81   1.4830E-03
   82   1.9930E-03
   83   2.3080E-03
   84   3.2980E-03
   85   4.9470E-03
   86   6.1700E-03
   87   1.0544E-02
   88   2.2817E-02
   89   3.7932E-02
   90   4.3674E-02
   91   4.2654E-02
   92   5.6221E-02
   93   8.5744E-02
   94   9.7576E-02
   95   7.8948E-02
   96   5.7877E-02
   97   6.0117E-02
   98   6.9192E-02
   99   5.9394E-02
  100   3.8774E-02
  101   3.0572E-02
  102   3.9331E-02
  103   4.8345E-02
  104   4.4108E-02
  105   3.3411E-02
  106   3.3411E-02
  107   4.4108E-02
  108   4.8345E-02
  109   3.9331E-02
  110   3.0572E-02
  111   3.8774E-02
  112   5.9394E-02
  113   6.9192E-02
  114   6.0117E-02
  115   5.7877E-02
  116   7.8948E-02
  117   9.7576E-02
  118   8.5744E-02
  119   5.6221E-02
  120   4.2654E-02
  121   4.3674E-02
  122   3.7932E-02
  123   2.2817E-02
  124   1.0544E-02
  125   6.1700E-03
  126   4.9470E-03
  127   3.2980E-03
  128   2.3080E-03
  129   1.9930E-03
  130   1.4830E-03
  131   1.5270E-03
  132   1.7690E-03
  133   2.0860E-03
  134   2.4190E-03
  135   2.3010E-03
  136   1.7120E-03
  137   1.5880E-03
  138   2.0030E-03
  139   2.1090E-03
  140   1.7000E-03
  141   9.4900E-04
  142   7.4400E-04
  143   7.3300E-04
  144   4.8400E-04
  145   2.6000E-04
  146   8.9000E-05
  147   3.8000E-05
  148   2.9000E-05
  149   1.5000E-05
  150   2.0000E-06
