   61   2.0000E-06
   62   7.0000E-06
   63   2.7000E-05
   64   4.6000E-05
   65   8.6000E-05
   66   2.2800E-04
   67   5.2200E-04
   68   6.8900E-04
   69   7.7800E-04
   70   9.7900E-04
   71   1.6120E-03
   72   2.2350E-03
   73   1.8850E-03
   74   1.4850E-03
   75   1.6700E-03
   76   2.2710E-03
   77   2.4340E-03
   78   2.1160E-03
   79   1.7500E-03
   80   1.5120E-03
   81   1.5140E-03
   82   2.0070E-03
   83   2.3400E-03
   84   3.2470E-03
   85   4.9480E-03
   86   6.2700E-03
   87   1.0403E-02
   88   2.2613E-02
   89   3.8003E-02
   90   4.3927E-02
   91   4.2723E-02
   92   5.6210E-02
   93   8.5610E-02
   94   9.8062E-02
   95   7.9017E-02
   96   5.7511E-02
   97   6.0573E-02
   98   6.8719E-02
   99   5.9032E-02
  100   3.8934E-02
  101   3.0889E-02
  102   3.8712E-02
  103   4.8635E-02
  104   4.4441E-02
  105   3.3311E-02
  106   3.3311E-02
  107   4.4441E-02
  108   4.8635E-02
  109   3.8712E-02
  110   3.0889E-02
  111   3.8934E-02
  112   5.9032E-02
  113   6.8719E-02
  114   6.0573E-02
  115   5.7511E-02
  116   7.9017E-02
  117   9.8062E-02
  118   8.5610E-02
  119   5.6210E-02
  120   4.2723E-02
  121   4.3927E-02
  122   3.8003E-02
  123   2.2613E-02
  124   1.0403E-02
  125   6.2700E-03
  126   4.9480E-03
  127   3.2470E-03
  128   2.3400E-03
  129   2.0070E-03
  130   1.5140E-03
  131   1.5120E-03
  132   1.7500E-03
  133   2.1160E-03
  134   2.4340E-03
  135   2.2710E-03
  136   1.6700E-03
  137   1.4850E-03
  138   1.8850E-03
  139   2.2350E-03
  140   1.6120E-03
  141   9.7900E-04
  142   7.7800E-04
  143   6.8900E-04
  144   5.2200E-04
  145   2.2800E-04
  146   8.6000E-05
  147   4.6000E-05
  148   2.7000E-05
  149   7.0000E-06
  150   2.0000E-06
