   64   3.0000E-06
   66   4.8000E-05
   68   3.0300E-04
   69   7.0000E-06
   70   2.5430E-03
   71   4.3000E-05
   72   6.9130E-03
   73   1.3400E-04
   74   2.1412E-02
   75   2.6600E-04
   76   4.3996E-02
   77   4.9200E-04
   78   5.1292E-02
   79   6.6200E-04
   80   6.6386E-02
   81   7.2200E-04
   82   6.5525E-02
   83   7.5300E-04
   84   7.3633E-02
   85   7.8800E-04
   86   1.3350E-01
   87   1.4590E-03
   88   1.2267E-01
   89   1.4640E-03
   90   1.1964E-01
   91   4.9200E-04
   92   3.5270E-02
   93   8.8000E-05
   94   4.9430E-03
   95   1.3000E-05
   96   6.6000E-04
   97   5.0000E-06
   98   1.5180E-03
   99   3.0000E-05
  100   3.9390E-03
  101   8.4000E-05
  102   1.7182E-02
  103   2.1700E-04
  104   2.9038E-02
  105   4.8200E-04
  106   5.6979E-02
  107   7.2000E-04
  108   9.4795E-02
  109   8.7300E-04
  110   7.5980E-02
  111   8.7300E-04
  112   9.4795E-02
  113   7.2000E-04
  114   5.6979E-02
  115   4.8200E-04
  116   2.9038E-02
  117   2.1700E-04
  118   1.7182E-02
  119   8.4000E-05
  120   3.9390E-03
  121   3.0000E-05
  122   1.5180E-03
  123   5.0000E-06
  124   6.6000E-04
  125   1.3000E-05
  126   4.9430E-03
  127   8.8000E-05
  128   3.5270E-02
  129   4.9200E-04
  130   1.1964E-01
  131   1.4640E-03
  132   1.2267E-01
  133   1.4590E-03
  134   1.3350E-01
  135   7.8800E-04
  136   7.3633E-02
  137   7.5300E-04
  138   6.5525E-02
  139   7.2200E-04
  140   6.6386E-02
  141   6.6200E-04
  142   5.1292E-02
  143   4.9200E-04
  144   4.3996E-02
  145   2.6600E-04
  146   2.1412E-02
  147   1.3400E-04
  148   6.9130E-03
  149   4.3000E-05
  150   2.5430E-03
  151   7.0000E-06
  152   3.0300E-04
  154   4.8000E-05
  156   3.0000E-06
