   65   2.0000E-06
   66   3.0000E-06
   67   1.2000E-05
   68   5.2000E-05
   69   8.3000E-05
   70   3.3200E-04
   71   5.7200E-04
   72   1.4690E-03
   73   2.2720E-03
   74   3.8700E-03
   75   5.9710E-03
   76   1.0495E-02
   77   1.2506E-02
   78   1.9240E-02
   79   1.7987E-02
   80   2.0764E-02
   81   2.4057E-02
   82   2.9218E-02
   83   2.4596E-02
   84   2.4125E-02
   85   2.5265E-02
   86   3.1122E-02
   87   3.5260E-02
   88   4.4510E-02
   89   5.2062E-02
   90   6.0792E-02
   91   6.4521E-02
   92   5.4535E-02
   93   3.5443E-02
   94   2.0640E-02
   95   1.0568E-02
   96   6.3900E-03
   97   6.1230E-03
   98   7.7370E-03
   99   9.3890E-03
  100   1.0794E-02
  101   1.2927E-02
  102   1.6743E-02
  103   2.1954E-02
  104   2.5901E-02
  105   2.7409E-02
  106   2.8418E-02
  107   3.2568E-02
  108   3.8540E-02
  109   4.2828E-02
  110   4.1416E-02
  111   3.8504E-02
  112   3.8504E-02
  113   4.1416E-02
  114   4.2828E-02
  115   3.8540E-02
  116   3.2568E-02
  117   2.8418E-02
  118   2.7409E-02
  119   2.5901E-02
  120   2.1954E-02
  121   1.6743E-02
  122   1.2927E-02
  123   1.0794E-02
  124   9.3890E-03
  125   7.7370E-03
  126   6.1230E-03
  127   6.3900E-03
  128   1.0568E-02
  129   2.0640E-02
  130   3.5443E-02
  131   5.4535E-02
  132   6.4521E-02
  133   6.0792E-02
  134   5.2062E-02
  135   4.4510E-02
  136   3.5260E-02
  137   3.1122E-02
  138   2.5265E-02
  139   2.4125E-02
  140   2.4596E-02
  141   2.9218E-02
  142   2.4057E-02
  143   2.0764E-02
  144   1.7987E-02
  145   1.9240E-02
  146   1.2506E-02
  147   1.0495E-02
  148   5.9710E-03
  149   3.8700E-03
  150   2.2720E-03
  151   1.4690E-03
  152   5.7200E-04
  153   3.3200E-04
  154   8.3000E-05
  155   5.2000E-05
  156   1.2000E-05
  157   3.0000E-06
  158   2.0000E-06
