   64   2.0000E-06
   65   2.0000E-06
   66   6.0000E-06
   67   8.0000E-06
   68   1.9000E-05
   69   4.0000E-05
   70   5.5000E-05
   71   1.4000E-04
   72   2.5800E-04
   73   3.2800E-04
   74   5.7700E-04
   75   9.0000E-04
   76   1.1860E-03
   77   1.6950E-03
   78   2.3340E-03
   79   2.9030E-03
   80   3.5400E-03
   81   4.1640E-03
   82   5.2930E-03
   83   5.7370E-03
   84   6.6830E-03
   85   7.0270E-03
   86   7.5700E-03
   87   8.1810E-03
   88   9.2040E-03
   89   9.7580E-03
   90   1.0829E-02
   91   1.2790E-02
   92   1.5136E-02
   93   1.7597E-02
   94   2.0448E-02
   95   2.1822E-02
   96   2.3686E-02
   97   2.5105E-02
   98   2.6338E-02
   99   2.8425E-02
  100   3.1428E-02
  101   3.4022E-02
  102   3.7112E-02
  103   4.0926E-02
  104   4.4861E-02
  105   4.8752E-02
  106   5.2245E-02
  107   5.5411E-02
  108   5.8506E-02
  109   6.0946E-02
  110   6.3808E-02
  111   6.5363E-02
  112   6.5619E-02
  113   6.6172E-02
  114   6.5870E-02
  115   6.5537E-02
  116   6.5566E-02
  117   6.2994E-02
  118   6.0591E-02
  119   5.8009E-02
  120   5.4971E-02
  121   5.1568E-02
  122   4.8050E-02
  123   4.4179E-02
  124   4.0286E-02
  125   3.6420E-02
  126   3.3856E-02
  127   3.0861E-02
  128   2.8472E-02
  129   2.6797E-02
  130   2.5616E-02
  131   2.4354E-02
  132   2.2567E-02
  133   1.9920E-02
  134   1.7092E-02
  135   1.4188E-02
  136   1.1838E-02
  137   1.0478E-02
  138   9.8590E-03
  139   8.8880E-03
  140   8.1220E-03
  141   7.5320E-03
  142   6.9770E-03
  143   6.4590E-03
  144   5.7950E-03
  145   4.7640E-03
  146   3.9020E-03
  147   3.3420E-03
  148   2.6890E-03
  149   2.0620E-03
  150   1.4560E-03
  151   1.0780E-03
  152   7.8200E-04
  153   4.4800E-04
  154   3.1300E-04
  155   2.1800E-04
  156   1.1800E-04
  157   4.6000E-05
  158   3.6000E-05
  159   1.7000E-05
  160   8.0000E-06
  161   6.0000E-06
  162   2.0000E-06
  163   2.0000E-06
