   70   2.2000E-05
   72   3.6500E-04
   73   7.0000E-06
   74   1.8550E-03
   75   3.3000E-05
   76   5.4360E-03
   77   1.0000E-04
   78   1.7695E-02
   79   2.5500E-04
   80   2.7838E-02
   81   3.9800E-04
   82   4.5852E-02
   83   4.9700E-04
   84   6.1503E-02
   85   6.3700E-04
   86   4.8378E-02
   87   1.2520E-03
   88   6.7975E-02
   89   8.3170E-03
   90   7.5776E-02
   91   4.0106E-02
   92   9.8888E-02
   93   7.3044E-02
   94   1.4998E-01
   95   5.6917E-02
   96   7.4690E-02
   97   2.0647E-02
   98   1.8609E-02
   99   3.1170E-03
  100   3.9180E-03
  101   2.2500E-04
  102   3.5140E-03
  103   5.5000E-05
  104   5.8010E-03
  105   8.9000E-05
  106   1.2627E-02
  107   1.4000E-04
  108   1.3762E-02
  109   1.9300E-04
  110   2.0864E-02
  111   2.0400E-04
  112   2.7538E-02
  113   2.9300E-04
  114   2.1148E-02
  115   2.9300E-04
  116   2.7538E-02
  117   2.0400E-04
  118   2.0864E-02
  119   1.9300E-04
  120   1.3762E-02
  121   1.4000E-04
  122   1.2627E-02
  123   8.9000E-05
  124   5.8010E-03
  125   5.5000E-05
  126   3.5140E-03
  127   2.2500E-04
  128   3.9180E-03
  129   3.1170E-03
  130   1.8609E-02
  131   2.0647E-02
  132   7.4690E-02
  133   5.6917E-02
  134   1.4998E-01
  135   7.3044E-02
  136   9.8888E-02
  137   4.0106E-02
  138   7.5776E-02
  139   8.3170E-03
  140   6.7975E-02
  141   1.2520E-03
  142   4.8378E-02
  143   6.3700E-04
  144   6.1503E-02
  145   4.9700E-04
  146   4.5852E-02
  147   3.9800E-04
  148   2.7838E-02
  149   2.5500E-04
  150   1.7695E-02
  151   1.0000E-04
  152   5.4360E-03
  153   3.3000E-05
  154   1.8550E-03
  155   7.0000E-06
  156   3.6500E-04
  158   2.2000E-05
