   66   3.0000E-06
   67   2.0000E-06
   68   1.2000E-05
   69   3.5000E-05
   70   8.5000E-05
   71   2.0000E-04
   72   4.9500E-04
   73   8.0300E-04
   74   1.5700E-03
   75   2.5830E-03
   76   3.9430E-03
   77   6.0300E-03
   78   1.0333E-02
   79   1.1205E-02
   80   1.3106E-02
   81   1.6138E-02
   82   2.1823E-02
   83   1.9190E-02
   84   2.2439E-02
   85   2.1999E-02
   86   2.1793E-02
   87   2.2442E-02
   88   2.8743E-02
   89   2.8959E-02
   90   3.7474E-02
   91   4.9405E-02
   92   5.9014E-02
   93   5.7051E-02
   94   5.3211E-02
   95   3.6317E-02
   96   2.4880E-02
   97   1.5661E-02
   98   1.2225E-02
   99   1.0983E-02
  100   1.4186E-02
  101   1.4930E-02
  102   1.6530E-02
  103   2.0261E-02
  104   2.4876E-02
  105   2.5402E-02
  106   3.0450E-02
  107   3.1759E-02
  108   3.2547E-02
  109   3.5762E-02
  110   4.2962E-02
  111   3.9145E-02
  112   4.0649E-02
  113   4.0746E-02
  114   4.0649E-02
  115   3.9145E-02
  116   4.2962E-02
  117   3.5762E-02
  118   3.2547E-02
  119   3.1759E-02
  120   3.0450E-02
  121   2.5402E-02
  122   2.4876E-02
  123   2.0261E-02
  124   1.6530E-02
  125   1.4930E-02
  126   1.4186E-02
  127   1.0983E-02
  128   1.2225E-02
  129   1.5661E-02
  130   2.4880E-02
  131   3.6317E-02
  132   5.3211E-02
  133   5.7051E-02
  134   5.9014E-02
  135   4.9405E-02
  136   3.7474E-02
  137   2.8959E-02
  138   2.8743E-02
  139   2.2442E-02
  140   2.1793E-02
  141   2.1999E-02
  142   2.2439E-02
  143   1.9190E-02
  144   2.1823E-02
  145   1.6138E-02
  146   1.3106E-02
  147   1.1205E-02
  148   1.0333E-02
  149   6.0300E-03
  150   3.9430E-03
  151   2.5830E-03
  152   1.5700E-03
  153   8.0300E-04
  154   4.9500E-04
  155   2.0000E-04
  156   8.5000E-05
  157   3.5000E-05
  158   1.2000E-05
  159   2.0000E-06
  160   3.0000E-06
