   65   4.0000E-06
   66   1.4000E-05
   67   5.9000E-05
   68   1.0100E-04
   69   2.9600E-04
   70   1.0200E-03
   71   2.3010E-03
   72   3.3600E-03
   73   4.6270E-03
   74   8.6680E-03
   75   1.5170E-02
   76   2.0588E-02
   77   2.5419E-02
   78   2.7752E-02
   79   2.2283E-02
   80   2.8949E-02
   81   4.3014E-02
   82   3.3746E-02
   83   2.6872E-02
   84   3.0230E-02
   85   4.3619E-02
   86   6.3184E-02
   87   7.5489E-02
   88   6.9664E-02
   89   7.0572E-02
   90   8.2072E-02
   91   6.5174E-02
   92   3.2743E-02
   93   1.4527E-02
   94   5.4260E-03
   95   1.6640E-03
   96   4.8100E-04
   97   3.2100E-04
   98   4.6400E-04
   99   7.6300E-04
  100   1.0540E-03
  101   2.1790E-03
  102   4.9000E-03
  103   8.5270E-03
  104   1.0462E-02
  105   1.1420E-02
  106   1.6246E-02
  107   2.6585E-02
  108   3.5364E-02
  109   3.4628E-02
  110   2.7983E-02
  111   2.7983E-02
  112   3.4628E-02
  113   3.5364E-02
  114   2.6585E-02
  115   1.6246E-02
  116   1.1420E-02
  117   1.0462E-02
  118   8.5270E-03
  119   4.9000E-03
  120   2.1790E-03
  121   1.0540E-03
  122   7.6300E-04
  123   4.6400E-04
  124   3.2100E-04
  125   4.8100E-04
  126   1.6640E-03
  127   5.4260E-03
  128   1.4527E-02
  129   3.2743E-02
  130   6.5174E-02
  131   8.2072E-02
  132   7.0572E-02
  133   6.9664E-02
  134   7.5489E-02
  135   6.3184E-02
  136   4.3619E-02
  137   3.0230E-02
  138   2.6872E-02
  139   3.3746E-02
  140   4.3014E-02
  141   2.8949E-02
  142   2.2283E-02
  143   2.7752E-02
  144   2.5419E-02
  145   2.0588E-02
  146   1.5170E-02
  147   8.6680E-03
  148   4.6270E-03
  149   3.3600E-03
  150   2.3010E-03
  151   1.0200E-03
  152   2.9600E-04
  153   1.0100E-04
  154   5.9000E-05
  155   1.4000E-05
  156   4.0000E-06
