   68   4.0000E-06
   69   1.2000E-05
   70   2.8000E-05
   71   9.0000E-05
   72   2.8300E-04
   73   5.1800E-04
   74   1.1600E-03
   75   2.0350E-03
   76   3.4210E-03
   77   5.3920E-03
   78   9.6630E-03
   79   1.1766E-02
   80   1.4288E-02
   81   1.7011E-02
   82   2.3549E-02
   83   2.3690E-02
   84   2.6921E-02
   85   2.4433E-02
   86   2.4776E-02
   87   2.5342E-02
   88   2.8198E-02
   89   2.5571E-02
   90   2.7945E-02
   91   3.4996E-02
   92   5.0775E-02
   93   7.2093E-02
   94   8.5352E-02
   95   8.2236E-02
   96   6.6932E-02
   97   4.5448E-02
   98   2.6189E-02
   99   1.4429E-02
  100   9.3280E-03
  101   7.6110E-03
  102   7.7260E-03
  103   9.0630E-03
  104   1.1171E-02
  105   1.4012E-02
  106   1.6101E-02
  107   1.6767E-02
  108   1.7733E-02
  109   1.9781E-02
  110   2.3151E-02
  111   2.5466E-02
  112   2.4365E-02
  113   2.3163E-02
  114   2.3163E-02
  115   2.4365E-02
  116   2.5466E-02
  117   2.3151E-02
  118   1.9781E-02
  119   1.7733E-02
  120   1.6767E-02
  121   1.6101E-02
  122   1.4012E-02
  123   1.1171E-02
  124   9.0630E-03
  125   7.7260E-03
  126   7.6110E-03
  127   9.3280E-03
  128   1.4429E-02
  129   2.6189E-02
  130   4.5448E-02
  131   6.6932E-02
  132   8.2236E-02
  133   8.5352E-02
  134   7.2093E-02
  135   5.0775E-02
  136   3.4996E-02
  137   2.7945E-02
  138   2.5571E-02
  139   2.8198E-02
  140   2.5342E-02
  141   2.4776E-02
  142   2.4433E-02
  143   2.6921E-02
  144   2.3690E-02
  145   2.3549E-02
  146   1.7011E-02
  147   1.4288E-02
  148   1.1766E-02
  149   9.6630E-03
  150   5.3920E-03
  151   3.4210E-03
  152   2.0350E-03
  153   1.1600E-03
  154   5.1800E-04
  155   2.8300E-04
  156   9.0000E-05
  157   2.8000E-05
  158   1.2000E-05
  159   4.0000E-06
