   66   2.0000E-06
   68   1.5000E-05
   70   1.1100E-04
   72   9.8300E-04
   73   1.6000E-05
   74   3.3900E-03
   75   7.4000E-05
   76   9.1380E-03
   77   1.4100E-04
   78   2.7370E-02
   79   3.4300E-04
   80   3.0768E-02
   81   4.2800E-04
   82   5.6206E-02
   83   4.8300E-04
   84   5.2333E-02
   85   8.1200E-04
   86   4.9645E-02
   87   3.6370E-03
   88   7.4705E-02
   89   2.5000E-02
   90   8.4129E-02
   91   6.6483E-02
   92   1.3718E-01
   93   7.0718E-02
   94   1.0539E-01
   95   3.2061E-02
   96   3.2440E-02
   97   6.4260E-03
   98   5.8330E-03
   99   5.5100E-04
  100   3.8190E-03
  101   7.5000E-05
  102   4.9120E-03
  103   8.6000E-05
  104   1.1539E-02
  105   1.1300E-04
  106   1.7631E-02
  107   2.1800E-04
  108   1.9470E-02
  109   2.6200E-04
  110   3.4376E-02
  111   3.4200E-04
  112   3.0166E-02
  113   3.3000E-04
  114   3.0166E-02
  115   3.4200E-04
  116   3.4376E-02
  117   2.6200E-04
  118   1.9470E-02
  119   2.1800E-04
  120   1.7631E-02
  121   1.1300E-04
  122   1.1539E-02
  123   8.6000E-05
  124   4.9120E-03
  125   7.5000E-05
  126   3.8190E-03
  127   5.5100E-04
  128   5.8330E-03
  129   6.4260E-03
  130   3.2440E-02
  131   3.2061E-02
  132   1.0539E-01
  133   7.0718E-02
  134   1.3718E-01
  135   6.6483E-02
  136   8.4129E-02
  137   2.5000E-02
  138   7.4705E-02
  139   3.6370E-03
  140   4.9645E-02
  141   8.1200E-04
  142   5.2333E-02
  143   4.8300E-04
  144   5.6206E-02
  145   4.2800E-04
  146   3.0768E-02
  147   3.4300E-04
  148   2.7370E-02
  149   1.4100E-04
  150   9.1380E-03
  151   7.4000E-05
  152   3.3900E-03
  153   1.6000E-05
  154   9.8300E-04
  156   1.1100E-04
  158   1.5000E-05
  160   2.0000E-06
