   62   2.0000E-06
   64   3.0000E-06
   65   5.0000E-06
   66   1.3000E-05
   67   2.4000E-05
   68   3.6000E-05
   69   5.7000E-05
   70   9.4000E-05
   71   1.6100E-04
   72   2.7200E-04
   73   3.8300E-04
   74   6.0000E-04
   75   8.2300E-04
   76   1.2480E-03
   77   1.5160E-03
   78   2.1370E-03
   79   2.4710E-03
   80   2.9090E-03
   81   3.5510E-03
   82   4.3020E-03
   83   4.5520E-03
   84   5.3160E-03
   85   5.7780E-03
   86   6.3750E-03
   87   7.1110E-03
   88   8.3080E-03
   89   9.1840E-03
   90   1.0683E-02
   91   1.2893E-02
   92   1.4956E-02
   93   1.6879E-02
   94   1.9443E-02
   95   2.0795E-02
   96   2.2503E-02
   97   2.5264E-02
   98   2.8029E-02
   99   3.1163E-02
  100   3.4964E-02
  101   3.8473E-02
  102   4.2715E-02
  103   4.6610E-02
  104   5.1355E-02
  105   5.4925E-02
  106   5.8551E-02
  107   6.1409E-02
  108   6.4596E-02
  109   6.7218E-02
  110   6.9358E-02
  111   7.0684E-02
  112   7.1204E-02
  113   7.1293E-02
  114   7.0820E-02
  115   6.9078E-02
  116   6.7077E-02
  117   6.4361E-02
  118   6.1108E-02
  119   5.8333E-02
  120   5.4872E-02
  121   5.1019E-02
  122   4.6217E-02
  123   4.2483E-02
  124   3.8234E-02
  125   3.4727E-02
  126   3.1033E-02
  127   2.7870E-02
  128   2.5128E-02
  129   2.2684E-02
  130   2.1071E-02
  131   1.9582E-02
  132   1.7162E-02
  133   1.4930E-02
  134   1.2553E-02
  135   1.0537E-02
  136   8.9180E-03
  137   8.1630E-03
  138   7.0680E-03
  139   6.3190E-03
  140   5.7710E-03
  141   5.2390E-03
  142   4.5900E-03
  143   4.1310E-03
  144   3.5100E-03
  145   2.8220E-03
  146   2.4420E-03
  147   1.9350E-03
  148   1.4930E-03
  149   1.1590E-03
  150   7.4000E-04
  151   5.6500E-04
  152   3.5000E-04
  153   2.6000E-04
  154   1.4800E-04
  155   8.7000E-05
  156   5.8000E-05
  157   3.2000E-05
  158   2.4000E-05
  159   1.3000E-05
  160   5.0000E-06
  161   3.0000E-06
  163   2.0000E-06
