   66   7.0000E-06
   67   2.0000E-05
   68   2.3000E-05
   69   6.2000E-05
   70   2.6100E-04
   71   7.9900E-04
   72   1.6300E-03
   73   2.3440E-03
   74   3.6610E-03
   75   6.9170E-03
   76   1.1330E-02
   77   1.6914E-02
   78   2.3246E-02
   79   1.9694E-02
   80   1.9092E-02
   81   3.2504E-02
   82   3.3452E-02
   83   2.7066E-02
   84   2.3072E-02
   85   2.8536E-02
   86   4.2686E-02
   87   6.4114E-02
   88   7.8885E-02
   89   7.9043E-02
   90   9.1839E-02
   91   1.1468E-01
   92   9.1778E-02
   93   4.9878E-02
   94   2.4922E-02
   95   1.0037E-02
   96   3.2770E-03
   97   8.6700E-04
   98   3.5100E-04
   99   3.4000E-04
  100   5.0200E-04
  101   6.7700E-04
  102   1.3630E-03
  103   2.8980E-03
  104   4.8470E-03
  105   5.8540E-03
  106   6.3480E-03
  107   8.8930E-03
  108   1.4434E-02
  109   1.8370E-02
  110   1.7935E-02
  111   1.4530E-02
  112   1.4530E-02
  113   1.7935E-02
  114   1.8370E-02
  115   1.4434E-02
  116   8.8930E-03
  117   6.3480E-03
  118   5.8540E-03
  119   4.8470E-03
  120   2.8980E-03
  121   1.3630E-03
  122   6.7700E-04
  123   5.0200E-04
  124   3.4000E-04
  125   3.5100E-04
  126   8.6700E-04
  127   3.2770E-03
  128   1.0037E-02
  129   2.4922E-02
  130   4.9878E-02
  131   9.1778E-02
  132   1.1468E-01
  133   9.1839E-02
  134   7.9043E-02
  135   7.8885E-02
  136   6.4114E-02
  137   4.2686E-02
  138   2.8536E-02
  139   2.3072E-02
  140   2.7066E-02
  141   3.3452E-02
  142   3.2504E-02
  143   1.9092E-02
  144   1.9694E-02
  145   2.3246E-02
  146   1.6914E-02
  147   1.1330E-02
  148   6.9170E-03
  149   3.6610E-03
  150   2.3440E-03
  151   1.6300E-03
  152   7.9900E-04
  153   2.6100E-04
  154   6.2000E-05
  155   2.3000E-05
  156   2.0000E-05
  157   7.0000E-06
