   66   1.4000E-05
   68   1.2600E-04
   69   2.0000E-06
   70   1.3060E-03
   71   3.1000E-05
   72   4.8680E-03
   73   1.0400E-04
   74   1.2030E-02
   75   1.6500E-04
   76   3.1972E-02
   77   3.1600E-04
   78   4.9038E-02
   79   5.2800E-04
   80   5.1187E-02
   81   5.6100E-04
   82   6.8345E-02
   83   6.6900E-04
   84   5.4590E-02
   85   7.2200E-04
   86   1.0671E-01
   87   1.1490E-03
   88   1.5115E-01
   89   2.1170E-03
   90   1.7732E-01
   91   1.5050E-03
   92   1.1852E-01
   93   4.1900E-04
   94   2.6907E-02
   95   7.2000E-05
   96   3.0400E-03
   97   7.0000E-06
   98   6.9300E-04
   99   1.2000E-05
  100   1.5610E-03
  101   2.6000E-05
  102   5.3280E-03
  103   8.8000E-05
  104   1.4272E-02
  105   2.2000E-04
  106   2.0707E-02
  107   3.4000E-04
  108   4.5016E-02
  109   4.5300E-04
  110   4.5499E-02
  111   5.3800E-04
  112   4.5499E-02
  113   4.5300E-04
  114   4.5016E-02
  115   3.4000E-04
  116   2.0707E-02
  117   2.2000E-04
  118   1.4272E-02
  119   8.8000E-05
  120   5.3280E-03
  121   2.6000E-05
  122   1.5610E-03
  123   1.2000E-05
  124   6.9300E-04
  125   7.0000E-06
  126   3.0400E-03
  127   7.2000E-05
  128   2.6907E-02
  129   4.1900E-04
  130   1.1852E-01
  131   1.5050E-03
  132   1.7732E-01
  133   2.1170E-03
  134   1.5115E-01
  135   1.1490E-03
  136   1.0671E-01
  137   7.2200E-04
  138   5.4590E-02
  139   6.6900E-04
  140   6.8345E-02
  141   5.6100E-04
  142   5.1187E-02
  143   5.2800E-04
  144   4.9038E-02
  145   3.1600E-04
  146   3.1972E-02
  147   1.6500E-04
  148   1.2030E-02
  149   1.0400E-04
  150   4.8680E-03
  151   3.1000E-05
  152   1.3060E-03
  153   2.0000E-06
  154   1.2600E-04
  156   1.4000E-05
