   66   2.3000E-05
   68   1.3100E-04
   70   1.2440E-03
   71   2.1000E-05
   72   4.9090E-03
   73   8.8000E-05
   74   1.2054E-02
   75   1.9300E-04
   76   3.1677E-02
   77   3.2400E-04
   78   4.9426E-02
   79   5.5800E-04
   80   5.0897E-02
   81   6.3200E-04
   82   6.8331E-02
   83   6.2500E-04
   84   5.4195E-02
   85   7.1000E-04
   86   1.0613E-01
   87   1.2730E-03
   88   1.5057E-01
   89   2.0260E-03
   90   1.7755E-01
   91   1.6270E-03
   92   1.1812E-01
   93   4.0200E-04
   94   2.7082E-02
   95   4.4000E-05
   96   3.0590E-03
   97   6.0000E-06
   98   6.9100E-04
   99   8.0000E-06
  100   1.5180E-03
  101   3.9000E-05
  102   5.5840E-03
  103   8.8000E-05
  104   1.4465E-02
  105   2.1300E-04
  106   2.0771E-02
  107   3.0100E-04
  108   4.5927E-02
  109   4.4400E-04
  110   4.5707E-02
  111   5.8400E-04
  112   4.5707E-02
  113   4.4400E-04
  114   4.5927E-02
  115   3.0100E-04
  116   2.0771E-02
  117   2.1300E-04
  118   1.4465E-02
  119   8.8000E-05
  120   5.5840E-03
  121   3.9000E-05
  122   1.5180E-03
  123   8.0000E-06
  124   6.9100E-04
  125   6.0000E-06
  126   3.0590E-03
  127   4.4000E-05
  128   2.7082E-02
  129   4.0200E-04
  130   1.1812E-01
  131   1.6270E-03
  132   1.7755E-01
  133   2.0260E-03
  134   1.5057E-01
  135   1.2730E-03
  136   1.0613E-01
  137   7.1000E-04
  138   5.4195E-02
  139   6.2500E-04
  140   6.8331E-02
  141   6.3200E-04
  142   5.0897E-02
  143   5.5800E-04
  144   4.9426E-02
  145   3.2400E-04
  146   3.1677E-02
  147   1.9300E-04
  148   1.2054E-02
  149   8.8000E-05
  150   4.9090E-03
  151   2.1000E-05
  152   1.2440E-03
  154   1.3100E-04
  156   2.3000E-05
