   65   5.0000E-06
   66   1.9000E-05
   67   3.9000E-05
   68   9.1000E-05
   69   3.0200E-04
   70   1.0030E-03
   71   2.3520E-03
   72   3.3410E-03
   73   4.5780E-03
   74   8.5810E-03
   75   1.5411E-02
   76   2.0521E-02
   77   2.5670E-02
   78   2.7988E-02
   79   2.2004E-02
   80   2.8800E-02
   81   4.3001E-02
   82   3.3710E-02
   83   2.6967E-02
   84   3.0361E-02
   85   4.4205E-02
   86   6.2549E-02
   87   7.4467E-02
   88   6.8995E-02
   89   7.0386E-02
   90   8.2896E-02
   91   6.4561E-02
   92   3.2620E-02
   93   1.4467E-02
   94   5.4880E-03
   95   1.6090E-03
   96   4.2900E-04
   97   2.9900E-04
   98   5.0500E-04
   99   8.1700E-04
  100   1.1700E-03
  101   2.1420E-03
  102   4.8710E-03
  103   8.5700E-03
  104   1.0931E-02
  105   1.1633E-02
  106   1.6315E-02
  107   2.6582E-02
  108   3.5488E-02
  109   3.4726E-02
  110   2.8517E-02
  111   2.8517E-02
  112   3.4726E-02
  113   3.5488E-02
  114   2.6582E-02
  115   1.6315E-02
  116   1.1633E-02
  117   1.0931E-02
  118   8.5700E-03
  119   4.8710E-03
  120   2.1420E-03
  121   1.1700E-03
  122   8.1700E-04
  123   5.0500E-04
  124   2.9900E-04
  125   4.2900E-04
  126   1.6090E-03
  127   5.4880E-03
  128   1.4467E-02
  129   3.2620E-02
  130   6.4561E-02
  131   8.2896E-02
  132   7.0386E-02
  133   6.8995E-02
  134   7.4467E-02
  135   6.2549E-02
  136   4.4205E-02
  137   3.0361E-02
  138   2.6967E-02
  139   3.3710E-02
  140   4.3001E-02
  141   2.8800E-02
  142   2.2004E-02
  143   2.7988E-02
  144   2.5670E-02
  145   2.0521E-02
  146   1.5411E-02
  147   8.5810E-03
  148   4.5780E-03
  149   3.3410E-03
  150   2.3520E-03
  151   1.0030E-03
  152   3.0200E-04
  153   9.1000E-05
  154   3.9000E-05
  155   1.9000E-05
  156   5.0000E-06
