   66   6.0000E-06
   68   3.4000E-05
   70   3.3700E-04
   71   8.0000E-06
   72   2.2310E-03
   73   3.9000E-05
   74   5.6080E-03
   75   1.2400E-04
   76   1.6032E-02
   77   2.0300E-04
   78   3.7394E-02
   79   3.8400E-04
   80   3.6394E-02
   81   5.1000E-04
   82   6.1032E-02
   83   5.1300E-04
   84   4.6080E-02
   85   5.9400E-04
   86   6.7855E-02
   87   7.6300E-04
   88   1.3629E-01
   89   1.8530E-03
   90   1.7393E-01
   91   2.3270E-03
   92   2.2223E-01
   93   1.2130E-03
   94   8.7449E-02
   95   3.1100E-04
   96   1.6555E-02
   97   2.9000E-05
   98   1.6130E-03
   99   5.0000E-06
  100   7.9800E-04
  101   1.5000E-05
  102   1.7820E-03
  103   3.0000E-05
  104   6.5560E-03
  105   9.0000E-05
  106   9.8740E-03
  107   1.6300E-04
  108   1.8737E-02
  109   2.0800E-04
  110   2.9530E-02
  111   2.8300E-04
  112   2.3924E-02
  113   2.8300E-04
  114   2.9530E-02
  115   2.0800E-04
  116   1.8737E-02
  117   1.6300E-04
  118   9.8740E-03
  119   9.0000E-05
  120   6.5560E-03
  121   3.0000E-05
  122   1.7820E-03
  123   1.5000E-05
  124   7.9800E-04
  125   5.0000E-06
  126   1.6130E-03
  127   2.9000E-05
  128   1.6555E-02
  129   3.1100E-04
  130   8.7449E-02
  131   1.2130E-03
  132   2.2223E-01
  133   2.3270E-03
  134   1.7393E-01
  135   1.8530E-03
  136   1.3629E-01
  137   7.6300E-04
  138   6.7855E-02
  139   5.9400E-04
  140   4.6080E-02
  141   5.1300E-04
  142   6.1032E-02
  143   5.1000E-04
  144   3.6394E-02
  145   3.8400E-04
  146   3.7394E-02
  147   2.0300E-04
  148   1.6032E-02
  149   1.2400E-04
  150   5.6080E-03
  151   3.9000E-05
  152   2.2310E-03
  153   8.0000E-06
  154   3.3700E-04
  156   3.4000E-05
  158   6.0000E-06
