   63   2.0000E-06
   64   4.0000E-06
   65   1.3000E-05
   66   1.7000E-05
   67   3.9000E-05
   68   6.3000E-05
   69   9.6000E-05
   70   2.1700E-04
   71   2.9400E-04
   72   4.4800E-04
   73   6.2400E-04
   74   8.9900E-04
   75   1.1300E-03
   76   1.6160E-03
   77   1.7560E-03
   78   2.1590E-03
   79   2.4900E-03
   80   2.9720E-03
   81   3.3320E-03
   82   3.8040E-03
   83   4.0320E-03
   84   4.4070E-03
   85   5.1980E-03
   86   6.3110E-03
   87   7.2060E-03
   88   8.6270E-03
   89   1.0391E-02
   90   1.2056E-02
   91   1.3331E-02
   92   1.5573E-02
   93   1.7175E-02
   94   1.9444E-02
   95   2.2706E-02
   96   2.6030E-02
   97   3.0052E-02
   98   3.4397E-02
   99   3.8762E-02
  100   4.3162E-02
  101   4.8179E-02
  102   5.3516E-02
  103   5.8099E-02
  104   6.1882E-02
  105   6.6446E-02
  106   6.9607E-02
  107   7.3269E-02
  108   7.5308E-02
  109   7.6638E-02
  110   7.7630E-02
  111   7.7763E-02
  112   7.6798E-02
  113   7.5135E-02
  114   7.3110E-02
  115   6.9446E-02
  116   6.6347E-02
  117   6.1917E-02
  118   5.7902E-02
  119   5.3152E-02
  120   4.7913E-02
  121   4.3073E-02
  122   3.8582E-02
  123   3.4120E-02
  124   2.9769E-02
  125   2.5777E-02
  126   2.2624E-02
  127   1.9381E-02
  128   1.7254E-02
  129   1.5579E-02
  130   1.3526E-02
  131   1.2122E-02
  132   1.0368E-02
  133   8.5650E-03
  134   7.0900E-03
  135   6.1400E-03
  136   5.1430E-03
  137   4.3930E-03
  138   4.0480E-03
  139   3.7920E-03
  140   3.2970E-03
  141   2.8900E-03
  142   2.5010E-03
  143   2.0800E-03
  144   1.7770E-03
  145   1.5190E-03
  146   1.0600E-03
  147   8.0500E-04
  148   5.9500E-04
  149   4.2000E-04
  150   2.9000E-04
  151   1.8500E-04
  152   9.3000E-05
  153   6.2000E-05
  154   3.8000E-05
  155   1.5000E-05
  156   1.3000E-05
  157   4.0000E-06
  158   2.0000E-06
