   69   3.0000E-06
   70   9.0000E-06
   71   4.0000E-05
   72   1.6000E-04
   73   3.7700E-04
   74   7.0200E-04
   75   1.3140E-03
   76   1.9950E-03
   77   3.0230E-03
   78   6.5330E-03
   79   9.8600E-03
   80   8.0160E-03
   81   1.0305E-02
   82   1.5636E-02
   83   1.8910E-02
   84   1.7358E-02
   85   1.4291E-02
   86   1.4266E-02
   87   1.9473E-02
   88   3.0981E-02
   89   4.9980E-02
   90   6.8650E-02
   91   8.1273E-02
   92   1.1871E-01
   93   1.6235E-01
   94   1.3939E-01
   95   9.1951E-02
   96   5.3145E-02
   97   2.5017E-02
   98   9.3170E-03
   99   2.9610E-03
  100   7.6800E-04
  101   2.5000E-04
  102   1.5200E-04
  103   2.2000E-04
  104   4.6400E-04
  105   8.2600E-04
  106   1.2930E-03
  107   1.4920E-03
  108   1.6150E-03
  109   2.2200E-03
  110   3.3110E-03
  111   4.1930E-03
  112   3.9320E-03
  113   3.2580E-03
  114   3.2580E-03
  115   3.9320E-03
  116   4.1930E-03
  117   3.3110E-03
  118   2.2200E-03
  119   1.6150E-03
  120   1.4920E-03
  121   1.2930E-03
  122   8.2600E-04
  123   4.6400E-04
  124   2.2000E-04
  125   1.5200E-04
  126   2.5000E-04
  127   7.6800E-04
  128   2.9610E-03
  129   9.3170E-03
  130   2.5017E-02
  131   5.3145E-02
  132   9.1951E-02
  133   1.3939E-01
  134   1.6235E-01
  135   1.1871E-01
  136   8.1273E-02
  137   6.8650E-02
  138   4.9980E-02
  139   3.0981E-02
  140   1.9473E-02
  141   1.4266E-02
  142   1.4291E-02
  143   1.7358E-02
  144   1.8910E-02
  145   1.5636E-02
  146   1.0305E-02
  147   8.0160E-03
  148   9.8600E-03
  149   6.5330E-03
  150   3.0230E-03
  151   1.9950E-03
  152   1.3140E-03
  153   7.0200E-04
  154   3.7700E-04
  155   1.6000E-04
  156   4.0000E-05
  157   9.0000E-06
  158   3.0000E-06
