   69   6.0000E-06
   70   1.5000E-05
   71   3.9000E-05
   72   1.1100E-04
   73   2.3900E-04
   74   7.0000E-04
   75   1.2350E-03
   76   2.3700E-03
   77   3.5730E-03
   78   6.9120E-03
   79   9.8280E-03
   80   1.3899E-02
   81   1.6122E-02
   82   2.1426E-02
   83   2.4403E-02
   84   3.2372E-02
   85   2.9090E-02
   86   2.9248E-02
   87   2.9834E-02
   88   3.3437E-02
   89   3.0803E-02
   90   3.1142E-02
   91   2.7678E-02
   92   3.1306E-02
   93   4.2585E-02
   94   5.9057E-02
   95   7.1452E-02
   96   7.4087E-02
   97   6.4728E-02
   98   4.8230E-02
   99   3.0199E-02
  100   1.7566E-02
  101   1.0772E-02
  102   8.2870E-03
  103   7.8730E-03
  104   8.7410E-03
  105   1.0900E-02
  106   1.3539E-02
  107   1.5187E-02
  108   1.5734E-02
  109   1.6743E-02
  110   1.8814E-02
  111   2.1530E-02
  112   2.3571E-02
  113   2.2748E-02
  114   2.1859E-02
  115   2.1859E-02
  116   2.2748E-02
  117   2.3571E-02
  118   2.1530E-02
  119   1.8814E-02
  120   1.6743E-02
  121   1.5734E-02
  122   1.5187E-02
  123   1.3539E-02
  124   1.0900E-02
  125   8.7410E-03
  126   7.8730E-03
  127   8.2870E-03
  128   1.0772E-02
  129   1.7566E-02
  130   3.0199E-02
  131   4.8230E-02
  132   6.4728E-02
  133   7.4087E-02
  134   7.1452E-02
  135   5.9057E-02
  136   4.2585E-02
  137   3.1306E-02
  138   2.7678E-02
  139   3.1142E-02
  140   3.0803E-02
  141   3.3437E-02
  142   2.9834E-02
  143   2.9248E-02
  144   2.9090E-02
  145   3.2372E-02
  146   2.4403E-02
  147   2.1426E-02
  148   1.6122E-02
  149   1.3899E-02
  150   9.8280E-03
  151   6.9120E-03
  152   3.5730E-03
  153   2.3700E-03
  154   1.2350E-03
  155   7.0000E-04
  156   2.3900E-04
  157   1.1100E-04
  158   3.9000E-05
  159   1.5000E-05
  160   6.0000E-06
