   64   2.0000E-06
   66   1.8000E-05
   68   1.1900E-04
   69   2.0000E-06
   70   1.2280E-03
   71   2.8000E-05
   72   4.9150E-03
   73   9.0000E-05
   74   1.1920E-02
   75   1.7200E-04
   76   3.1761E-02
   77   3.3200E-04
   78   4.9088E-02
   79   5.2800E-04
   80   5.1409E-02
   81   6.1000E-04
   82   6.8420E-02
   83   6.7400E-04
   84   5.3925E-02
   85   7.1900E-04
   86   1.0618E-01
   87   1.2330E-03
   88   1.5065E-01
   89   2.0980E-03
   90   1.7713E-01
   91   1.5600E-03
   92   1.1906E-01
   93   4.2800E-04
   94   2.7091E-02
   95   6.9000E-05
   96   3.0520E-03
   98   6.9100E-04
   99   9.0000E-06
  100   1.4360E-03
  101   3.2000E-05
  102   5.5710E-03
  103   8.6000E-05
  104   1.4577E-02
  105   2.3200E-04
  106   2.0676E-02
  107   2.8600E-04
  108   4.5427E-02
  109   4.4800E-04
  110   4.5716E-02
  111   5.4600E-04
  112   4.5716E-02
  113   4.4800E-04
  114   4.5427E-02
  115   2.8600E-04
  116   2.0676E-02
  117   2.3200E-04
  118   1.4577E-02
  119   8.6000E-05
  120   5.5710E-03
  121   3.2000E-05
  122   1.4360E-03
  123   9.0000E-06
  124   6.9100E-04
  126   3.0520E-03
  127   6.9000E-05
  128   2.7091E-02
  129   4.2800E-04
  130   1.1906E-01
  131   1.5600E-03
  132   1.7713E-01
  133   2.0980E-03
  134   1.5065E-01
  135   1.2330E-03
  136   1.0618E-01
  137   7.1900E-04
  138   5.3925E-02
  139   6.7400E-04
  140   6.8420E-02
  141   6.1000E-04
  142   5.1409E-02
  143   5.2800E-04
  144   4.9088E-02
  145   3.3200E-04
  146   3.1761E-02
  147   1.7200E-04
  148   1.1920E-02
  149   9.0000E-05
  150   4.9150E-03
  151   2.8000E-05
  152   1.2280E-03
  153   2.0000E-06
  154   1.1900E-04
  156   1.8000E-05
  158   2.0000E-06
