   70   4.0000E-06
   71   2.0000E-06
   72   1.8000E-05
   73   8.0000E-05
   74   2.3500E-04
   75   6.7700E-04
   76   1.4630E-03
   77   2.0860E-03
   78   3.6570E-03
   79   9.5190E-03
   80   1.3498E-02
   81   1.4930E-02
   82   1.7850E-02
   83   2.6564E-02
   84   3.7941E-02
   85   4.2179E-02
   86   3.6719E-02
   87   3.1840E-02
   88   3.6095E-02
   89   4.4465E-02
   90   4.6405E-02
   91   3.7685E-02
   92   2.9598E-02
   93   3.0972E-02
   94   4.6544E-02
   95   7.2695E-02
   96   8.5841E-02
   97   8.9072E-02
   98   8.0859E-02
   99   6.0588E-02
  100   3.6974E-02
  101   1.8329E-02
  102   7.6980E-03
  103   2.5780E-03
  104   9.0100E-04
  105   5.8600E-04
  106   8.2500E-04
  107   1.3920E-03
  108   1.9150E-03
  109   2.1010E-03
  110   2.3690E-03
  111   3.2470E-03
  112   4.8280E-03
  113   5.9300E-03
  114   5.6000E-03
  115   4.6290E-03
  116   4.6290E-03
  117   5.6000E-03
  118   5.9300E-03
  119   4.8280E-03
  120   3.2470E-03
  121   2.3690E-03
  122   2.1010E-03
  123   1.9150E-03
  124   1.3920E-03
  125   8.2500E-04
  126   5.8600E-04
  127   9.0100E-04
  128   2.5780E-03
  129   7.6980E-03
  130   1.8329E-02
  131   3.6974E-02
  132   6.0588E-02
  133   8.0859E-02
  134   8.9072E-02
  135   8.5841E-02
  136   7.2695E-02
  137   4.6544E-02
  138   3.0972E-02
  139   2.9598E-02
  140   3.7685E-02
  141   4.6405E-02
  142   4.4465E-02
  143   3.6095E-02
  144   3.1840E-02
  145   3.6719E-02
  146   4.2179E-02
  147   3.7941E-02
  148   2.6564E-02
  149   1.7850E-02
  150   1.4930E-02
  151   1.3498E-02
  152   9.5190E-03
  153   3.6570E-03
  154   2.0860E-03
  155   1.4630E-03
  156   6.7700E-04
  157   2.3500E-04
  158   8.0000E-05
  159   1.8000E-05
  160   2.0000E-06
  161   4.0000E-06
