   70   2.0000E-06
   71   7.0000E-06
   72   1.2000E-05
   73   8.3000E-05
   74   2.3900E-04
   75   6.7800E-04
   76   1.5050E-03
   77   2.0380E-03
   78   3.7220E-03
   79   9.6620E-03
   80   1.3957E-02
   81   1.5094E-02
   82   1.7927E-02
   83   2.6533E-02
   84   3.8371E-02
   85   4.2880E-02
   86   3.7038E-02
   87   3.2075E-02
   88   3.6625E-02
   89   4.5703E-02
   90   4.7338E-02
   91   3.8195E-02
   92   2.9861E-02
   93   3.1008E-02
   94   4.7536E-02
   95   7.3125E-02
   96   8.5913E-02
   97   8.9844E-02
   98   8.1282E-02
   99   6.1138E-02
  100   3.6749E-02
  101   1.8570E-02
  102   7.4480E-03
  103   2.5930E-03
  104   8.4900E-04
  105   4.7400E-04
  106   6.0300E-04
  107   1.0430E-03
  108   1.4080E-03
  109   1.6200E-03
  110   1.6740E-03
  111   2.3490E-03
  112   3.5020E-03
  113   4.2040E-03
  114   4.0930E-03
  115   3.4110E-03
  116   3.4110E-03
  117   4.0930E-03
  118   4.2040E-03
  119   3.5020E-03
  120   2.3490E-03
  121   1.6740E-03
  122   1.6200E-03
  123   1.4080E-03
  124   1.0430E-03
  125   6.0300E-04
  126   4.7400E-04
  127   8.4900E-04
  128   2.5930E-03
  129   7.4480E-03
  130   1.8570E-02
  131   3.6749E-02
  132   6.1138E-02
  133   8.1282E-02
  134   8.9844E-02
  135   8.5913E-02
  136   7.3125E-02
  137   4.7536E-02
  138   3.1008E-02
  139   2.9861E-02
  140   3.8195E-02
  141   4.7338E-02
  142   4.5703E-02
  143   3.6625E-02
  144   3.2075E-02
  145   3.7038E-02
  146   4.2880E-02
  147   3.8371E-02
  148   2.6533E-02
  149   1.7927E-02
  150   1.5094E-02
  151   1.3957E-02
  152   9.6620E-03
  153   3.7220E-03
  154   2.0380E-03
  155   1.5050E-03
  156   6.7800E-04
  157   2.3900E-04
  158   8.3000E-05
  159   1.2000E-05
  160   7.0000E-06
  161   2.0000E-06
