   68   2.0000E-06
   71   2.0000E-06
   72   2.0000E-06
   74   2.0000E-06
   75   2.0000E-06
   76   2.0000E-06
   77   5.0000E-06
   78   8.0000E-06
   79   8.0000E-06
   80   1.2000E-05
   81   1.3000E-05
   82   1.3000E-05
   83   2.5000E-05
   84   3.0000E-05
   85   5.9000E-05
   86   6.6000E-05
   87   5.7000E-05
   88   1.0700E-04
   89   1.2500E-04
   90   1.5600E-04
   91   2.2400E-04
   92   3.1800E-04
   93   4.0100E-04
   94   4.9100E-04
   95   6.7200E-04
   96   7.8400E-04
   97   1.0350E-03
   98   1.4170E-03
   99   1.6080E-03
  100   2.0320E-03
  101   2.5770E-03
  102   3.2000E-03
  103   4.0140E-03
  104   5.2260E-03
  105   6.0380E-03
  106   7.4120E-03
  107   9.1740E-03
  108   1.1030E-02
  109   1.3174E-02
  110   1.5857E-02
  111   1.8717E-02
  112   2.1809E-02
  113   2.5075E-02
  114   2.9029E-02
  115   3.2413E-02
  116   3.6178E-02
  117   3.9775E-02
  118   4.3357E-02
  119   4.6666E-02
  120   4.9170E-02
  121   5.1234E-02
  122   5.2794E-02
  123   5.2924E-02
  124   5.2739E-02
  125   5.1506E-02
  126   5.0053E-02
  127   4.8164E-02
  128   4.5646E-02
  129   4.2764E-02
  130   3.9907E-02
  131   3.6195E-02
  132   3.2132E-02
  133   2.8688E-02
  134   3.2132E-02
  135   3.6195E-02
  136   3.9907E-02
  137   4.2764E-02
  138   4.5646E-02
  139   4.8164E-02
  140   5.0053E-02
  141   5.1506E-02
  142   5.2739E-02
  143   5.2924E-02
  144   5.2794E-02
  145   5.1234E-02
  146   4.9170E-02
  147   4.6666E-02
  148   4.3357E-02
  149   3.9775E-02
  150   3.6178E-02
  151   3.2413E-02
  152   2.9029E-02
  153   2.5075E-02
  154   2.1809E-02
  155   1.8717E-02
  156   1.5857E-02
  157   1.3174E-02
  158   1.1030E-02
  159   9.1740E-03
  160   7.4120E-03
  161   6.0380E-03
  162   5.2260E-03
  163   4.0140E-03
  164   3.2000E-03
  165   2.5770E-03
  166   2.0320E-03
  167   1.6080E-03
  168   1.4170E-03
  169   1.0350E-03
  170   7.8400E-04
  171   6.7200E-04
  172   4.9100E-04
  173   4.0100E-04
  174   3.1800E-04
  175   2.2400E-04
  176   1.5600E-04
  177   1.2500E-04
  178   1.0700E-04
  179   5.7000E-05
  180   6.6000E-05
  181   5.9000E-05
  182   3.0000E-05
  183   2.5000E-05
  184   1.3000E-05
  185   1.3000E-05
  186   1.2000E-05
  187   8.0000E-06
  188   8.0000E-06
  189   5.0000E-06
  190   2.0000E-06
