   46   2.0000E-06
   51   4.0000E-06
   52   3.0000E-06
   54   2.0000E-06
   55   2.0000E-06
   56   3.0000E-06
   57   4.0000E-06
   58   3.0000E-06
   59   4.0000E-06
   60   4.0000E-06
   61   7.0000E-06
   62   4.0000E-06
   63   9.0000E-06
   64   2.2000E-05
   65   1.1000E-05
   66   1.6000E-05
   67   1.3000E-05
   68   2.0000E-05
   69   2.1000E-05
   70   2.3000E-05
   71   1.8000E-05
   72   2.8000E-05
   73   2.7000E-05
   74   3.7000E-05
   75   4.3000E-05
   76   6.3000E-05
   77   5.7000E-05
   78   7.2000E-05
   79   7.6000E-05
   80   9.2000E-05
   81   8.7000E-05
   82   1.0700E-04
   83   1.1700E-04
   84   1.2400E-04
   85   1.4300E-04
   86   1.4800E-04
   87   1.7800E-04
   88   2.1000E-04
   89   2.6300E-04
   90   2.9900E-04
   91   3.2500E-04
   92   3.9800E-04
   93   4.7900E-04
   94   6.1300E-04
   95   7.3100E-04
   96   8.7200E-04
   97   1.0150E-03
   98   1.3660E-03
   99   1.6080E-03
  100   1.9890E-03
  101   2.4740E-03
  102   3.0100E-03
  103   3.6210E-03
  104   4.6260E-03
  105   5.5730E-03
  106   6.8610E-03
  107   8.4100E-03
  108   1.0099E-02
  109   1.2113E-02
  110   1.4179E-02
  111   1.6900E-02
  112   1.9211E-02
  113   2.2310E-02
  114   2.5658E-02
  115   2.8651E-02
  116   3.2092E-02
  117   3.5289E-02
  118   3.8704E-02
  119   4.2102E-02
  120   4.4343E-02
  121   4.7220E-02
  122   4.8849E-02
  123   4.9961E-02
  124   5.0532E-02
  125   5.0494E-02
  126   4.9907E-02
  127   4.9270E-02
  128   4.7226E-02
  129   4.6104E-02
  130   4.3640E-02
  131   4.1069E-02
  132   3.8484E-02
  133   3.5555E-02
  134   3.3970E-02
  135   3.6437E-02
  136   3.9058E-02
  137   4.1845E-02
  138   4.4157E-02
  139   4.6669E-02
  140   4.7599E-02
  141   4.9490E-02
  142   5.0138E-02
  143   5.0574E-02
  144   5.0554E-02
  145   4.9740E-02
  146   4.8574E-02
  147   4.6486E-02
  148   4.3997E-02
  149   4.1251E-02
  150   3.8047E-02
  151   3.4586E-02
  152   3.1260E-02
  153   2.7886E-02
  154   2.4989E-02
  155   2.1528E-02
  156   1.8721E-02
  157   1.6215E-02
  158   1.3737E-02
  159   1.1735E-02
  160   9.7090E-03
  161   8.0740E-03
  162   6.6320E-03
  163   5.3550E-03
  164   4.3810E-03
  165   3.5000E-03
  166   2.9090E-03
  167   2.3910E-03
  168   1.8870E-03
  169   1.5470E-03
  170   1.2810E-03
  171   9.7100E-04
  172   8.8100E-04
  173   6.8700E-04
  174   5.8100E-04
  175   4.7200E-04
  176   3.8100E-04
  177   3.2200E-04
  178   2.8500E-04
  179   2.5300E-04
  180   2.0100E-04
  181   1.8000E-04
  182   1.4500E-04
  183   1.3800E-04
  184   1.2500E-04
  185   1.1600E-04
  186   1.0300E-04
  187   8.9000E-05
  188   9.6000E-05
  189   7.2000E-05
  190   7.0000E-05
