   70   2.0000E-06
   77   4.0000E-06
   78   5.0000E-06
   79   5.0000E-06
   80   8.0000E-06
   81   1.1000E-05
   82   1.3000E-05
   83   2.1000E-05
   84   2.5000E-05
   85   3.0000E-05
   86   4.2000E-05
   87   7.2000E-05
   88   8.3000E-05
   89   1.0800E-04
   90   1.6600E-04
   91   2.0200E-04
   92   2.4200E-04
   93   3.3500E-04
   94   4.6900E-04
   95   5.9600E-04
   96   7.4200E-04
   97   9.0900E-04
   98   1.2370E-03
   99   1.4660E-03
  100   1.9270E-03
  101   2.3190E-03
  102   2.7160E-03
  103   3.4160E-03
  104   4.4270E-03
  105   5.1490E-03
  106   6.2840E-03
  107   7.8240E-03
  108   9.2270E-03
  109   1.0867E-02
  110   1.3433E-02
  111   1.5559E-02
  112   1.8145E-02
  113   2.1285E-02
  114   2.4472E-02
  115   2.7926E-02
  116   3.1805E-02
  117   3.5092E-02
  118   3.8875E-02
  119   4.2105E-02
  120   4.5356E-02
  121   4.8551E-02
  122   5.0248E-02
  123   5.1388E-02
  124   5.2146E-02
  125   5.2791E-02
  126   5.2151E-02
  127   5.0138E-02
  128   4.8980E-02
  129   4.6476E-02
  130   4.3998E-02
  131   4.0782E-02
  132   3.7946E-02
  133   3.3878E-02
  134   3.0974E-02
  135   3.3878E-02
  136   3.7946E-02
  137   4.0782E-02
  138   4.3998E-02
  139   4.6476E-02
  140   4.8980E-02
  141   5.0138E-02
  142   5.2151E-02
  143   5.2791E-02
  144   5.2146E-02
  145   5.1388E-02
  146   5.0248E-02
  147   4.8551E-02
  148   4.5356E-02
  149   4.2105E-02
  150   3.8875E-02
  151   3.5092E-02
  152   3.1805E-02
  153   2.7926E-02
  154   2.4472E-02
  155   2.1285E-02
  156   1.8145E-02
  157   1.5559E-02
  158   1.3433E-02
  159   1.0867E-02
  160   9.2270E-03
  161   7.8240E-03
  162   6.2840E-03
  163   5.1490E-03
  164   4.4270E-03
  165   3.4160E-03
  166   2.7160E-03
  167   2.3190E-03
  168   1.9270E-03
  169   1.4660E-03
  170   1.2370E-03
  171   9.0900E-04
  172   7.4200E-04
  173   5.9600E-04
  174   4.6900E-04
  175   3.3500E-04
  176   2.4200E-04
  177   2.0200E-04
  178   1.6600E-04
  179   1.0800E-04
  180   8.3000E-05
  181   7.2000E-05
  182   4.2000E-05
  183   3.0000E-05
  184   2.5000E-05
  185   2.1000E-05
  186   1.3000E-05
  187   1.1000E-05
  188   8.0000E-06
  189   5.0000E-06
  190   5.0000E-06
