   74   2.0000E-06
   78   5.0000E-06
   79   2.0000E-06
   80   5.0000E-06
   81   3.0000E-06
   82   4.0000E-06
   83   1.5000E-05
   84   2.4000E-05
   85   2.7000E-05
   86   2.2000E-05
   87   4.3000E-05
   88   6.3000E-05
   89   7.0000E-05
   90   1.4400E-04
   91   1.7500E-04
   92   2.4600E-04
   93   3.5700E-04
   94   4.4500E-04
   95   5.5500E-04
   96   6.4300E-04
   97   8.2800E-04
   98   1.0970E-03
   99   1.2730E-03
  100   1.7870E-03
  101   2.0820E-03
  102   2.6020E-03
  103   3.1550E-03
  104   3.7830E-03
  105   4.5710E-03
  106   5.4630E-03
  107   6.6710E-03
  108   7.6910E-03
  109   9.4520E-03
  110   1.1324E-02
  111   1.3168E-02
  112   1.5450E-02
  113   1.8087E-02
  114   2.0682E-02
  115   2.3826E-02
  116   2.7160E-02
  117   3.0567E-02
  118   3.3739E-02
  119   3.7762E-02
  120   4.0948E-02
  121   4.3982E-02
  122   4.6906E-02
  123   4.8994E-02
  124   5.0541E-02
  125   5.1811E-02
  126   5.2342E-02
  127   5.1080E-02
  128   5.0733E-02
  129   4.9254E-02
  130   4.7161E-02
  131   4.5049E-02
  132   4.3305E-02
  133   3.9729E-02
  134   3.6352E-02
  135   3.3446E-02
  136   3.6352E-02
  137   3.9729E-02
  138   4.3305E-02
  139   4.5049E-02
  140   4.7161E-02
  141   4.9254E-02
  142   5.0733E-02
  143   5.1080E-02
  144   5.2342E-02
  145   5.1811E-02
  146   5.0541E-02
  147   4.8994E-02
  148   4.6906E-02
  149   4.3982E-02
  150   4.0948E-02
  151   3.7762E-02
  152   3.3739E-02
  153   3.0567E-02
  154   2.7160E-02
  155   2.3826E-02
  156   2.0682E-02
  157   1.8087E-02
  158   1.5450E-02
  159   1.3168E-02
  160   1.1324E-02
  161   9.4520E-03
  162   7.6910E-03
  163   6.6710E-03
  164   5.4630E-03
  165   4.5710E-03
  166   3.7830E-03
  167   3.1550E-03
  168   2.6020E-03
  169   2.0820E-03
  170   1.7870E-03
  171   1.2730E-03
  172   1.0970E-03
  173   8.2800E-04
  174   6.4300E-04
  175   5.5500E-04
  176   4.4500E-04
  177   3.5700E-04
  178   2.4600E-04
  179   1.7500E-04
  180   1.4400E-04
  181   7.0000E-05
  182   6.3000E-05
  183   4.3000E-05
  184   2.2000E-05
  185   2.7000E-05
  186   2.4000E-05
  187   1.5000E-05
  188   4.0000E-06
  189   3.0000E-06
  190   5.0000E-06
