   76   2.0000E-06
   79   6.0000E-06
   80   6.0000E-06
   81   4.0000E-06
   82   1.0000E-05
   83   1.6000E-05
   84   1.4000E-05
   85   2.0000E-05
   86   4.0000E-05
   87   5.6000E-05
   88   8.1000E-05
   89   1.1300E-04
   90   1.7100E-04
   91   2.0200E-04
   92   2.5700E-04
   93   3.4000E-04
   94   5.0500E-04
   95   5.7500E-04
   96   7.0500E-04
   97   9.1600E-04
   98   1.1670E-03
   99   1.4850E-03
  100   1.8170E-03
  101   2.1230E-03
  102   2.6330E-03
  103   3.1820E-03
  104   3.9730E-03
  105   4.7240E-03
  106   5.6570E-03
  107   6.7790E-03
  108   7.8260E-03
  109   9.5010E-03
  110   1.1442E-02
  111   1.3268E-02
  112   1.5463E-02
  113   1.7937E-02
  114   2.1078E-02
  115   2.3757E-02
  116   2.7345E-02
  117   3.0378E-02
  118   3.3777E-02
  119   3.7766E-02
  120   4.0805E-02
  121   4.4309E-02
  122   4.6733E-02
  123   4.9036E-02
  124   5.0693E-02
  125   5.1242E-02
  126   5.1873E-02
  127   5.1407E-02
  128   4.9980E-02
  129   4.9023E-02
  130   4.6982E-02
  131   4.5339E-02
  132   4.2761E-02
  133   3.9502E-02
  134   3.6360E-02
  135   3.3610E-02
  136   3.6360E-02
  137   3.9502E-02
  138   4.2761E-02
  139   4.5339E-02
  140   4.6982E-02
  141   4.9023E-02
  142   4.9980E-02
  143   5.1407E-02
  144   5.1873E-02
  145   5.1242E-02
  146   5.0693E-02
  147   4.9036E-02
  148   4.6733E-02
  149   4.4309E-02
  150   4.0805E-02
  151   3.7766E-02
  152   3.3777E-02
  153   3.0378E-02
  154   2.7345E-02
  155   2.3757E-02
  156   2.1078E-02
  157   1.7937E-02
  158   1.5463E-02
  159   1.3268E-02
  160   1.1442E-02
  161   9.5010E-03
  162   7.8260E-03
  163   6.7790E-03
  164   5.6570E-03
  165   4.7240E-03
  166   3.9730E-03
  167   3.1820E-03
  168   2.6330E-03
  169   2.1230E-03
  170   1.8170E-03
  171   1.4850E-03
  172   1.1670E-03
  173   9.1600E-04
  174   7.0500E-04
  175   5.7500E-04
  176   5.0500E-04
  177   3.4000E-04
  178   2.5700E-04
  179   2.0200E-04
  180   1.7100E-04
  181   1.1300E-04
  182   8.1000E-05
  183   5.6000E-05
  184   4.0000E-05
  185   2.0000E-05
  186   1.4000E-05
  187   1.6000E-05
  188   1.0000E-05
  189   4.0000E-06
  190   6.0000E-06
