   57   2.0000E-06
   64   2.0000E-06
   67   5.0000E-06
   68   3.0000E-06
   70   3.0000E-06
   72   2.0000E-06
   73   2.0000E-06
   74   4.0000E-06
   75   3.0000E-06
   76   4.0000E-06
   77   3.0000E-06
   78   6.0000E-06
   79   1.0000E-05
   80   1.1000E-05
   81   1.1000E-05
   82   2.7000E-05
   83   2.2000E-05
   84   3.7000E-05
   85   3.5000E-05
   86   3.6000E-05
   87   5.3000E-05
   88   6.9000E-05
   89   9.7000E-05
   90   1.1100E-04
   91   1.7000E-04
   92   1.6900E-04
   93   2.3700E-04
   94   3.4600E-04
   95   3.8900E-04
   96   5.2900E-04
   97   6.9900E-04
   98   8.8800E-04
   99   1.0750E-03
  100   1.4210E-03
  101   1.6960E-03
  102   2.0680E-03
  103   2.6050E-03
  104   3.3080E-03
  105   4.1170E-03
  106   5.0300E-03
  107   5.9990E-03
  108   7.1740E-03
  109   8.9230E-03
  110   1.0857E-02
  111   1.2832E-02
  112   1.5041E-02
  113   1.7744E-02
  114   2.0585E-02
  115   2.3661E-02
  116   2.7337E-02
  117   3.0660E-02
  118   3.4007E-02
  119   3.7863E-02
  120   4.1137E-02
  121   4.4076E-02
  122   4.6883E-02
  123   4.9314E-02
  124   5.1154E-02
  125   5.2126E-02
  126   5.1879E-02
  127   5.2101E-02
  128   5.0922E-02
  129   4.9840E-02
  130   4.7694E-02
  131   4.5723E-02
  132   4.3386E-02
  133   4.0550E-02
  134   3.7521E-02
  135   3.5358E-02
  136   3.7521E-02
  137   4.0550E-02
  138   4.3386E-02
  139   4.5723E-02
  140   4.7694E-02
  141   4.9840E-02
  142   5.0922E-02
  143   5.2101E-02
  144   5.1879E-02
  145   5.2126E-02
  146   5.1154E-02
  147   4.9314E-02
  148   4.6883E-02
  149   4.4076E-02
  150   4.1137E-02
  151   3.7863E-02
  152   3.4007E-02
  153   3.0660E-02
  154   2.7337E-02
  155   2.3661E-02
  156   2.0585E-02
  157   1.7744E-02
  158   1.5041E-02
  159   1.2832E-02
  160   1.0857E-02
  161   8.9230E-03
  162   7.1740E-03
  163   5.9990E-03
  164   5.0300E-03
  165   4.1170E-03
  166   3.3080E-03
  167   2.6050E-03
  168   2.0680E-03
  169   1.6960E-03
  170   1.4210E-03
  171   1.0750E-03
  172   8.8800E-04
  173   6.9900E-04
  174   5.2900E-04
  175   3.8900E-04
  176   3.4600E-04
  177   2.3700E-04
  178   1.6900E-04
  179   1.7000E-04
  180   1.1100E-04
  181   9.7000E-05
  182   6.9000E-05
  183   5.3000E-05
  184   3.6000E-05
  185   3.5000E-05
  186   3.7000E-05
  187   2.2000E-05
  188   2.7000E-05
  189   1.1000E-05
  190   1.1000E-05
