   41   2.0000E-06
   46   2.0000E-06
   48   2.0000E-06
   49   2.0000E-06
   50   2.0000E-06
   51   3.0000E-06
   52   4.0000E-06
   53   5.0000E-06
   54   8.0000E-06
   55   4.0000E-06
   56   1.0000E-05
   57   5.0000E-06
   58   8.0000E-06
   59   4.0000E-06
   60   1.3000E-05
   61   9.0000E-06
   62   1.3000E-05
   63   1.2000E-05
   64   2.2000E-05
   65   2.8000E-05
   66   2.7000E-05
   67   3.7000E-05
   68   3.4000E-05
   69   3.1000E-05
   70   3.8000E-05
   71   4.0000E-05
   72   5.3000E-05
   73   4.7000E-05
   74   7.0000E-05
   75   6.1000E-05
   76   9.1000E-05
   77   8.6000E-05
   78   1.0900E-04
   79   1.2400E-04
   80   1.4600E-04
   81   1.3100E-04
   82   1.4800E-04
   83   1.5600E-04
   84   2.0000E-04
   85   2.1700E-04
   86   2.5700E-04
   87   2.8500E-04
   88   3.0800E-04
   89   3.8700E-04
   90   4.4700E-04
   91   4.2900E-04
   92   5.1600E-04
   93   6.1800E-04
   94   7.4200E-04
   95   8.6400E-04
   96   9.7700E-04
   97   1.1870E-03
   98   1.3790E-03
   99   1.7020E-03
  100   2.1060E-03
  101   2.3890E-03
  102   2.8790E-03
  103   3.7050E-03
  104   4.5410E-03
  105   5.4860E-03
  106   6.6300E-03
  107   8.1170E-03
  108   9.5170E-03
  109   1.1203E-02
  110   1.3535E-02
  111   1.5600E-02
  112   1.7961E-02
  113   2.0932E-02
  114   2.3838E-02
  115   2.6829E-02
  116   3.0333E-02
  117   3.3242E-02
  118   3.6352E-02
  119   3.9327E-02
  120   4.2335E-02
  121   4.4981E-02
  122   4.6817E-02
  123   4.8367E-02
  124   4.9205E-02
  125   4.9638E-02
  126   4.9887E-02
  127   4.9071E-02
  128   4.8228E-02
  129   4.6700E-02
  130   4.5194E-02
  131   4.3007E-02
  132   4.0311E-02
  133   3.8141E-02
  134   3.5631E-02
  135   3.6108E-02
  136   3.8866E-02
  137   4.0893E-02
  138   4.3975E-02
  139   4.5581E-02
  140   4.7168E-02
  141   4.8446E-02
  142   4.9464E-02
  143   4.9944E-02
  144   4.9473E-02
  145   4.9205E-02
  146   4.8033E-02
  147   4.6330E-02
  148   4.4217E-02
  149   4.1618E-02
  150   3.8614E-02
  151   3.5433E-02
  152   3.2458E-02
  153   2.9335E-02
  154   2.6021E-02
  155   2.2980E-02
  156   2.0166E-02
  157   1.7379E-02
  158   1.5049E-02
  159   1.2911E-02
  160   1.0734E-02
  161   9.1460E-03
  162   7.7480E-03
  163   6.3360E-03
  164   5.2910E-03
  165   4.2760E-03
  166   3.5030E-03
  167   2.7940E-03
  168   2.3350E-03
  169   1.9990E-03
  170   1.6370E-03
  171   1.3450E-03
  172   1.1370E-03
  173   9.4900E-04
  174   8.4300E-04
  175   7.0800E-04
  176   6.1000E-04
  177   4.9200E-04
  178   4.2200E-04
  179   4.3800E-04
  180   3.7800E-04
  181   3.1300E-04
  182   2.7700E-04
  183   2.5800E-04
  184   2.1400E-04
  185   1.9400E-04
  186   1.6500E-04
  187   1.4100E-04
  188   1.3300E-04
  189   1.4300E-04
  190   1.2100E-04
