   76   3.0000E-06
   77   2.0000E-06
   79   4.0000E-06
   80   5.0000E-06
   81   4.0000E-06
   82   7.0000E-06
   83   9.0000E-06
   84   1.3000E-05
   85   1.8000E-05
   86   2.8000E-05
   87   2.9000E-05
   88   4.6000E-05
   89   6.5000E-05
   90   8.0000E-05
   91   1.0800E-04
   92   1.6700E-04
   93   2.1100E-04
   94   2.2900E-04
   95   3.1500E-04
   96   4.1300E-04
   97   5.5400E-04
   98   6.4500E-04
   99   8.3000E-04
  100   1.1010E-03
  101   1.3140E-03
  102   1.6250E-03
  103   1.9770E-03
  104   2.3500E-03
  105   2.8290E-03
  106   3.6530E-03
  107   4.3020E-03
  108   4.9520E-03
  109   6.0810E-03
  110   7.0550E-03
  111   8.3790E-03
  112   1.0323E-02
  113   1.1722E-02
  114   1.3565E-02
  115   1.5941E-02
  116   1.8345E-02
  117   2.0916E-02
  118   2.3897E-02
  119   2.6631E-02
  120   2.9838E-02
  121   3.2785E-02
  122   3.6168E-02
  123   3.9068E-02
  124   4.1898E-02
  125   4.3572E-02
  126   4.5798E-02
  127   4.7046E-02
  128   4.8569E-02
  129   4.9271E-02
  130   4.9965E-02
  131   5.1168E-02
  132   5.1515E-02
  133   5.3532E-02
  134   5.4919E-02
  135   5.5058E-02
  136   5.4947E-02
  137   5.3565E-02
  138   5.4611E-02
  139   5.4687E-02
  140   5.4257E-02
  141   5.2832E-02
  142   5.1023E-02
  143   5.0698E-02
  144   4.9750E-02
  145   4.9089E-02
  146   4.8352E-02
  147   4.6907E-02
  148   4.5652E-02
  149   4.3591E-02
  150   4.1764E-02
  151   3.8972E-02
  152   3.6089E-02
  153   3.2658E-02
  154   2.9759E-02
  155   2.6533E-02
  156   2.3828E-02
  157   2.0787E-02
  158   1.8309E-02
  159   1.5920E-02
  160   1.3435E-02
  161   1.1700E-02
  162   1.0237E-02
  163   8.3500E-03
  164   7.0350E-03
  165   6.0160E-03
  166   4.9330E-03
  167   4.2700E-03
  168   3.6400E-03
  169   2.7980E-03
  170   2.3490E-03
  171   1.9230E-03
  172   1.6280E-03
  173   1.2960E-03
  174   1.0780E-03
  175   8.1300E-04
  176   6.6000E-04
  177   5.2600E-04
  178   4.1100E-04
  179   3.1800E-04
  180   2.2200E-04
  181   2.0600E-04
  182   1.6700E-04
  183   1.0500E-04
  184   7.6000E-05
  185   6.7000E-05
  186   4.4000E-05
  187   2.9000E-05
  188   2.8000E-05
  189   1.8000E-05
  190   1.3000E-05
