   61   4.0000E-06
   67   2.0000E-06
   68   5.0000E-06
   69   5.0000E-06
   70   9.0000E-06
   72   9.0000E-06
   73   5.0000E-06
   74   2.0000E-06
   75   1.3000E-05
   76   9.0000E-06
   77   7.0000E-06
   78   1.1000E-05
   79   1.2000E-05
   80   1.8000E-05
   81   2.6000E-05
   82   2.5000E-05
   83   3.4000E-05
   84   3.3000E-05
   85   4.5000E-05
   86   4.8000E-05
   87   6.4000E-05
   88   6.4000E-05
   89   8.5000E-05
   90   1.3800E-04
   91   1.3100E-04
   92   1.5800E-04
   93   2.2000E-04
   94   2.5500E-04
   95   3.5500E-04
   96   4.7700E-04
   97   5.0300E-04
   98   6.6700E-04
   99   7.7900E-04
  100   1.0230E-03
  101   1.2630E-03
  102   1.6080E-03
  103   1.9180E-03
  104   2.3490E-03
  105   2.9400E-03
  106   3.7800E-03
  107   4.4210E-03
  108   5.4390E-03
  109   6.6790E-03
  110   7.9500E-03
  111   9.6860E-03
  112   1.1616E-02
  113   1.3547E-02
  114   1.5587E-02
  115   1.8292E-02
  116   2.1109E-02
  117   2.4083E-02
  118   2.7231E-02
  119   3.0486E-02
  120   3.4094E-02
  121   3.7227E-02
  122   4.0648E-02
  123   4.3198E-02
  124   4.5483E-02
  125   4.8325E-02
  126   4.8996E-02
  127   5.0541E-02
  128   5.0708E-02
  129   5.0856E-02
  130   5.0740E-02
  131   5.0214E-02
  132   4.9890E-02
  133   4.9188E-02
  134   4.7929E-02
  135   4.6455E-02
  136   4.3751E-02
  137   4.4179E-02
  138   4.6511E-02
  139   4.7764E-02
  140   4.8874E-02
  141   4.9726E-02
  142   5.0053E-02
  143   5.0474E-02
  144   5.0704E-02
  145   5.0646E-02
  146   5.0343E-02
  147   4.8914E-02
  148   4.8086E-02
  149   4.5104E-02
  150   4.3009E-02
  151   4.0268E-02
  152   3.6674E-02
  153   3.3751E-02
  154   3.0113E-02
  155   2.6675E-02
  156   2.3910E-02
  157   2.0751E-02
  158   1.7934E-02
  159   1.5325E-02
  160   1.3250E-02
  161   1.1414E-02
  162   9.4780E-03
  163   7.8290E-03
  164   6.4650E-03
  165   5.2810E-03
  166   4.3580E-03
  167   3.6580E-03
  168   2.8720E-03
  169   2.2790E-03
  170   1.8490E-03
  171   1.5780E-03
  172   1.2200E-03
  173   9.9400E-04
  174   7.3300E-04
  175   6.6000E-04
  176   4.9200E-04
  177   4.6000E-04
  178   3.3700E-04
  179   2.3500E-04
  180   2.1800E-04
  181   1.4500E-04
  182   1.2900E-04
  183   1.3600E-04
  184   7.8000E-05
  185   6.5000E-05
  186   6.3000E-05
  187   4.6000E-05
  188   4.3000E-05
  189   3.3000E-05
  190   3.4000E-05
