   78   2.0000E-06
   81   3.0000E-06
   82   1.1000E-05
   83   1.1000E-05
   84   1.0000E-05
   85   2.3000E-05
   86   3.1000E-05
   87   4.4000E-05
   88   5.6000E-05
   89   9.7000E-05
   90   1.3200E-04
   91   1.7500E-04
   92   2.2900E-04
   93   2.9300E-04
   94   3.9900E-04
   95   5.1300E-04
   96   7.1700E-04
   97   1.0020E-03
   98   1.1020E-03
   99   1.4460E-03
  100   1.8170E-03
  101   2.2330E-03
  102   2.7720E-03
  103   3.2580E-03
  104   3.7620E-03
  105   4.5590E-03
  106   5.5230E-03
  107   6.3130E-03
  108   7.0610E-03
  109   8.2930E-03
  110   9.4550E-03
  111   1.0951E-02
  112   1.2493E-02
  113   1.3918E-02
  114   1.5495E-02
  115   1.7814E-02
  116   2.0423E-02
  117   2.2371E-02
  118   2.4831E-02
  119   2.8005E-02
  120   3.0569E-02
  121   3.3094E-02
  122   3.5751E-02
  123   3.8400E-02
  124   4.0509E-02
  125   4.2141E-02
  126   4.3744E-02
  127   4.4570E-02
  128   4.5191E-02
  129   4.6621E-02
  130   4.7570E-02
  131   4.8994E-02
  132   5.0946E-02
  133   5.3478E-02
  134   5.6258E-02
  135   5.7298E-02
  136   5.7208E-02
  137   5.7208E-02
  138   5.7298E-02
  139   5.6258E-02
  140   5.3478E-02
  141   5.0946E-02
  142   4.8994E-02
  143   4.7570E-02
  144   4.6621E-02
  145   4.5191E-02
  146   4.4570E-02
  147   4.3744E-02
  148   4.2141E-02
  149   4.0509E-02
  150   3.8400E-02
  151   3.5751E-02
  152   3.3094E-02
  153   3.0569E-02
  154   2.8005E-02
  155   2.4831E-02
  156   2.2371E-02
  157   2.0423E-02
  158   1.7814E-02
  159   1.5495E-02
  160   1.3918E-02
  161   1.2493E-02
  162   1.0951E-02
  163   9.4550E-03
  164   8.2930E-03
  165   7.0610E-03
  166   6.3130E-03
  167   5.5230E-03
  168   4.5590E-03
  169   3.7620E-03
  170   3.2580E-03
  171   2.7720E-03
  172   2.2330E-03
  173   1.8170E-03
  174   1.4460E-03
  175   1.1020E-03
  176   1.0020E-03
  177   7.1700E-04
  178   5.1300E-04
  179   3.9900E-04
  180   2.9300E-04
  181   2.2900E-04
  182   1.7500E-04
  183   1.3200E-04
  184   9.7000E-05
  185   5.6000E-05
  186   4.4000E-05
  187   3.1000E-05
  188   2.3000E-05
  189   1.0000E-05
  190   1.1000E-05
