   78   2.0000E-06
   80   3.0000E-06
   82   4.0000E-06
   83   1.0000E-05
   84   1.1000E-05
   85   2.0000E-05
   86   3.7000E-05
   87   4.8000E-05
   88   6.9000E-05
   89   9.8000E-05
   90   1.6100E-04
   91   2.0300E-04
   92   2.8400E-04
   93   3.5500E-04
   94   5.2500E-04
   95   6.2200E-04
   96   8.0600E-04
   97   1.0150E-03
   98   1.2120E-03
   99   1.5800E-03
  100   2.0930E-03
  101   2.4290E-03
  102   2.8690E-03
  103   3.4040E-03
  104   4.0870E-03
  105   4.8050E-03
  106   5.7410E-03
  107   6.7000E-03
  108   7.9300E-03
  109   9.3310E-03
  110   1.1057E-02
  111   1.2429E-02
  112   1.4216E-02
  113   1.6609E-02
  114   1.8768E-02
  115   2.1405E-02
  116   2.4625E-02
  117   2.7505E-02
  118   3.0495E-02
  119   3.3762E-02
  120   3.6716E-02
  121   4.0140E-02
  122   4.2476E-02
  123   4.4925E-02
  124   4.6477E-02
  125   4.7514E-02
  126   4.9080E-02
  127   4.8937E-02
  128   4.8923E-02
  129   4.8660E-02
  130   4.8013E-02
  131   4.7228E-02
  132   4.7631E-02
  133   4.6888E-02
  134   4.5605E-02
  135   4.3445E-02
  136   4.3445E-02
  137   4.5605E-02
  138   4.6888E-02
  139   4.7631E-02
  140   4.7228E-02
  141   4.8013E-02
  142   4.8660E-02
  143   4.8923E-02
  144   4.8937E-02
  145   4.9080E-02
  146   4.7514E-02
  147   4.6477E-02
  148   4.4925E-02
  149   4.2476E-02
  150   4.0140E-02
  151   3.6716E-02
  152   3.3762E-02
  153   3.0495E-02
  154   2.7505E-02
  155   2.4625E-02
  156   2.1405E-02
  157   1.8768E-02
  158   1.6609E-02
  159   1.4216E-02
  160   1.2429E-02
  161   1.1057E-02
  162   9.3310E-03
  163   7.9300E-03
  164   6.7000E-03
  165   5.7410E-03
  166   4.8050E-03
  167   4.0870E-03
  168   3.4040E-03
  169   2.8690E-03
  170   2.4290E-03
  171   2.0930E-03
  172   1.5800E-03
  173   1.2120E-03
  174   1.0150E-03
  175   8.0600E-04
  176   6.2200E-04
  177   5.2500E-04
  178   3.5500E-04
  179   2.8400E-04
  180   2.0300E-04
  181   1.6100E-04
  182   9.8000E-05
  183   6.9000E-05
  184   4.8000E-05
  185   3.7000E-05
  186   2.0000E-05
  187   1.1000E-05
  188   1.0000E-05
  189   4.0000E-06
