   73   2.0000E-06
   74   2.0000E-06
   78   7.0000E-06
   79   2.0000E-06
   80   3.0000E-06
   81   9.0000E-06
   82   1.0000E-05
   83   1.3000E-05
   84   1.9000E-05
   85   1.8000E-05
   86   2.7000E-05
   87   5.3000E-05
   88   5.6000E-05
   89   8.5000E-05
   90   1.2000E-04
   91   1.4100E-04
   92   1.9100E-04
   93   2.5500E-04
   94   3.1000E-04
   95   4.1100E-04
   96   6.0700E-04
   97   7.4000E-04
   98   8.0400E-04
   99   1.0780E-03
  100   1.3940E-03
  101   1.7210E-03
  102   1.9900E-03
  103   2.4580E-03
  104   3.0740E-03
  105   3.6600E-03
  106   4.6030E-03
  107   5.2330E-03
  108   6.3540E-03
  109   7.4750E-03
  110   9.0330E-03
  111   1.0456E-02
  112   1.2575E-02
  113   1.4590E-02
  114   1.6766E-02
  115   1.9446E-02
  116   2.2622E-02
  117   2.5406E-02
  118   2.8426E-02
  119   3.2008E-02
  120   3.4815E-02
  121   3.8127E-02
  122   4.1102E-02
  123   4.3765E-02
  124   4.6601E-02
  125   4.8005E-02
  126   4.9374E-02
  127   4.9832E-02
  128   4.9972E-02
  129   5.0351E-02
  130   4.9860E-02
  131   4.9398E-02
  132   4.9494E-02
  133   4.8647E-02
  134   4.8063E-02
  135   4.6307E-02
  136   4.4022E-02
  137   4.6307E-02
  138   4.8063E-02
  139   4.8647E-02
  140   4.9494E-02
  141   4.9398E-02
  142   4.9860E-02
  143   5.0351E-02
  144   4.9972E-02
  145   4.9832E-02
  146   4.9374E-02
  147   4.8005E-02
  148   4.6601E-02
  149   4.3765E-02
  150   4.1102E-02
  151   3.8127E-02
  152   3.4815E-02
  153   3.2008E-02
  154   2.8426E-02
  155   2.5406E-02
  156   2.2622E-02
  157   1.9446E-02
  158   1.6766E-02
  159   1.4590E-02
  160   1.2575E-02
  161   1.0456E-02
  162   9.0330E-03
  163   7.4750E-03
  164   6.3540E-03
  165   5.2330E-03
  166   4.6030E-03
  167   3.6600E-03
  168   3.0740E-03
  169   2.4580E-03
  170   1.9900E-03
  171   1.7210E-03
  172   1.3940E-03
  173   1.0780E-03
  174   8.0400E-04
  175   7.4000E-04
  176   6.0700E-04
  177   4.1100E-04
  178   3.1000E-04
  179   2.5500E-04
  180   1.9100E-04
  181   1.4100E-04
  182   1.2000E-04
  183   8.5000E-05
  184   5.6000E-05
  185   5.3000E-05
  186   2.7000E-05
  187   1.8000E-05
  188   1.9000E-05
  189   1.3000E-05
  190   1.0000E-05
