   80   5.0000E-06
   81   7.0000E-06
   82   3.0000E-06
   83   1.0000E-05
   84   1.2000E-05
   85   1.8000E-05
   86   1.3000E-05
   87   2.8000E-05
   88   3.2000E-05
   89   6.0000E-05
   90   1.0300E-04
   91   1.0200E-04
   92   1.6900E-04
   93   2.2100E-04
   94   3.1000E-04
   95   4.1900E-04
   96   5.6000E-04
   97   6.3200E-04
   98   8.4400E-04
   99   1.1130E-03
  100   1.3960E-03
  101   1.6670E-03
  102   2.0930E-03
  103   2.4320E-03
  104   2.9780E-03
  105   3.5630E-03
  106   4.3010E-03
  107   4.9430E-03
  108   5.8360E-03
  109   6.7740E-03
  110   7.8620E-03
  111   9.1410E-03
  112   1.0815E-02
  113   1.2196E-02
  114   1.3743E-02
  115   1.6106E-02
  116   1.8293E-02
  117   2.0576E-02
  118   2.3559E-02
  119   2.5868E-02
  120   2.8994E-02
  121   3.1456E-02
  122   3.4688E-02
  123   3.7335E-02
  124   3.9373E-02
  125   4.2000E-02
  126   4.3575E-02
  127   4.4785E-02
  128   4.6222E-02
  129   4.7133E-02
  130   4.8211E-02
  131   4.9322E-02
  132   5.0709E-02
  133   5.3474E-02
  134   5.7178E-02
  135   5.8077E-02
  136   5.9076E-02
  137   5.9140E-02
  138   5.9076E-02
  139   5.8077E-02
  140   5.7178E-02
  141   5.3474E-02
  142   5.0709E-02
  143   4.9322E-02
  144   4.8211E-02
  145   4.7133E-02
  146   4.6222E-02
  147   4.4785E-02
  148   4.3575E-02
  149   4.2000E-02
  150   3.9373E-02
  151   3.7335E-02
  152   3.4688E-02
  153   3.1456E-02
  154   2.8994E-02
  155   2.5868E-02
  156   2.3559E-02
  157   2.0576E-02
  158   1.8293E-02
  159   1.6106E-02
  160   1.3743E-02
  161   1.2196E-02
  162   1.0815E-02
  163   9.1410E-03
  164   7.8620E-03
  165   6.7740E-03
  166   5.8360E-03
  167   4.9430E-03
  168   4.3010E-03
  169   3.5630E-03
  170   2.9780E-03
  171   2.4320E-03
  172   2.0930E-03
  173   1.6670E-03
  174   1.3960E-03
  175   1.1130E-03
  176   8.4400E-04
  177   6.3200E-04
  178   5.6000E-04
  179   4.1900E-04
  180   3.1000E-04
  181   2.2100E-04
  182   1.6900E-04
  183   1.0200E-04
  184   1.0300E-04
  185   6.0000E-05
  186   3.2000E-05
  187   2.8000E-05
  188   1.3000E-05
  189   1.8000E-05
  190   1.2000E-05
