   52   2.0000E-06
   53   2.0000E-06
   57   6.0000E-06
   58   9.0000E-06
   59   1.1000E-05
   60   1.6000E-05
   61   2.8000E-05
   62   3.7000E-05
   63   3.8000E-05
   64   6.5000E-05
   65   6.5000E-05
   66   1.1500E-04
   67   1.7400E-04
   68   2.0800E-04
   69   3.2500E-04
   70   5.8500E-04
   71   7.0500E-04
   72   1.0280E-03
   73   1.3150E-03
   74   1.8460E-03
   75   2.0190E-03
   76   2.5800E-03
   77   3.0760E-03
   78   3.5530E-03
   79   4.0170E-03
   80   5.2070E-03
   81   5.7400E-03
   82   6.8800E-03
   83   7.8570E-03
   84   9.4890E-03
   85   1.0829E-02
   86   1.2694E-02
   87   1.4404E-02
   88   1.6410E-02
   89   1.9085E-02
   90   2.1945E-02
   91   2.4301E-02
   92   2.7095E-02
   93   3.0197E-02
   94   3.3477E-02
   95   3.6836E-02
   96   4.0366E-02
   97   4.3482E-02
   98   4.7053E-02
   99   5.0641E-02
  100   5.4963E-02
  101   5.7309E-02
  102   5.9995E-02
  103   6.2545E-02
  104   6.5152E-02
  105   6.6814E-02
  106   6.7677E-02
  107   6.8031E-02
  108   6.8309E-02
  109   6.7439E-02
  110   6.7308E-02
  111   6.5181E-02
  112   6.2946E-02
  113   6.0758E-02
  114   5.8361E-02
  115   5.5039E-02
  116   5.1782E-02
  117   4.8062E-02
  118   4.5062E-02
  119   4.0962E-02
  120   3.8386E-02
  121   3.4312E-02
  122   3.1305E-02
  123   2.8296E-02
  124   2.5396E-02
  125   2.2852E-02
  126   2.0082E-02
  127   1.7449E-02
  128   1.5314E-02
  129   1.3386E-02
  130   1.1718E-02
  131   1.0124E-02
  132   8.6050E-03
  133   7.3480E-03
  134   6.3980E-03
  135   5.4930E-03
  136   4.5610E-03
  137   3.8060E-03
  138   3.3030E-03
  139   2.7720E-03
  140   2.4110E-03
  141   1.7900E-03
  142   1.3650E-03
  143   1.1000E-03
  144   8.1300E-04
  145   5.7500E-04
  146   4.0400E-04
  147   2.7200E-04
  148   1.6300E-04
  149   1.6400E-04
  150   8.9000E-05
  151   7.0000E-05
  152   5.7000E-05
  153   4.0000E-05
  154   3.5000E-05
  155   2.8000E-05
  156   1.6000E-05
  157   1.3000E-05
  158   7.0000E-06
  159   6.0000E-06
  163   2.0000E-06
  164   2.0000E-06
