   58   4.0000E-06
   59   4.0000E-06
   60   4.0000E-06
   61   7.0000E-06
   62   1.3000E-05
   63   1.2000E-05
   64   2.8000E-05
   65   3.9000E-05
   66   6.9000E-05
   67   9.6000E-05
   68   1.4700E-04
   69   2.6500E-04
   70   5.2300E-04
   71   8.3700E-04
   72   1.1660E-03
   73   1.7480E-03
   74   2.5660E-03
   75   2.8350E-03
   76   3.3990E-03
   77   3.6560E-03
   78   4.0960E-03
   79   4.7050E-03
   80   5.6720E-03
   81   6.1980E-03
   82   7.0730E-03
   83   7.7440E-03
   84   8.8890E-03
   85   1.0007E-02
   86   1.2001E-02
   87   1.3306E-02
   88   1.5063E-02
   89   1.7645E-02
   90   2.0451E-02
   91   2.2915E-02
   92   2.5372E-02
   93   2.8747E-02
   94   3.1662E-02
   95   3.5498E-02
   96   3.9086E-02
   97   4.2216E-02
   98   4.5995E-02
   99   4.9831E-02
  100   5.3828E-02
  101   5.6916E-02
  102   6.0067E-02
  103   6.3030E-02
  104   6.6114E-02
  105   6.8092E-02
  106   6.9270E-02
  107   6.9696E-02
  108   7.0133E-02
  109   6.9855E-02
  110   6.8707E-02
  111   6.6767E-02
  112   6.4133E-02
  113   6.1834E-02
  114   5.8779E-02
  115   5.5568E-02
  116   5.1858E-02
  117   4.7823E-02
  118   4.4547E-02
  119   4.1121E-02
  120   3.7729E-02
  121   3.4040E-02
  122   3.0439E-02
  123   2.7649E-02
  124   2.4651E-02
  125   2.1982E-02
  126   1.9545E-02
  127   1.6780E-02
  128   1.4598E-02
  129   1.3101E-02
  130   1.1434E-02
  131   9.7560E-03
  132   8.7030E-03
  133   7.7440E-03
  134   6.8650E-03
  135   6.1870E-03
  136   5.2650E-03
  137   4.6320E-03
  138   3.9170E-03
  139   3.6140E-03
  140   3.1300E-03
  141   2.7280E-03
  142   1.9360E-03
  143   1.3120E-03
  144   9.0200E-04
  145   6.1600E-04
  146   3.3000E-04
  147   1.8700E-04
  148   1.1800E-04
  149   8.8000E-05
  150   5.9000E-05
  151   3.9000E-05
  152   2.8000E-05
  153   1.2000E-05
  154   1.3000E-05
  155   7.0000E-06
  156   4.0000E-06
  157   4.0000E-06
  158   4.0000E-06
