   70   4.0000E-06
   71   4.0000E-06
   72   2.2000E-05
   73   3.2000E-05
   74   9.6000E-05
   75   2.2100E-04
   76   7.3700E-04
   77   1.7390E-03
   78   3.7870E-03
   79   7.6560E-03
   80   1.6305E-02
   81   2.4207E-02
   82   3.3018E-02
   83   4.2617E-02
   84   5.5676E-02
   85   5.9035E-02
   86   6.4595E-02
   87   6.2309E-02
   88   6.2753E-02
   89   6.4930E-02
   90   7.0248E-02
   91   6.1524E-02
   92   5.4248E-02
   93   4.6210E-02
   94   3.8796E-02
   95   3.2563E-02
   96   2.7042E-02
   97   2.1972E-02
   98   1.8710E-02
   99   1.5160E-02
  100   1.1674E-02
  101   8.1910E-03
  102   6.3010E-03
  103   5.3550E-03
  104   4.8160E-03
  105   5.2890E-03
  106   5.6120E-03
  107   6.1260E-03
  108   6.6960E-03
  109   7.2430E-03
  110   7.7370E-03
  111   8.3270E-03
  112   8.6660E-03
  113   8.9040E-03
  114   8.8970E-03
  115   9.0160E-03
  116   8.9420E-03
  117   8.8980E-03
  118   8.5840E-03
  119   8.0900E-03
  120   7.5990E-03
  121   7.2430E-03
  122   6.5850E-03
  123   6.0030E-03
  124   5.5000E-03
  125   5.2210E-03
  126   4.9680E-03
  127   5.8040E-03
  128   7.3590E-03
  129   1.0416E-02
  130   1.4021E-02
  131   1.7809E-02
  132   2.1122E-02
  133   2.5668E-02
  134   3.1178E-02
  135   3.7532E-02
  136   4.3779E-02
  137   5.2576E-02
  138   6.0072E-02
  139   6.8675E-02
  140   6.5924E-02
  141   6.3367E-02
  142   6.2770E-02
  143   6.4928E-02
  144   6.1346E-02
  145   5.8084E-02
  146   4.5582E-02
  147   3.5550E-02
  148   2.6636E-02
  149   1.8478E-02
  150   9.4460E-03
  151   4.9240E-03
  152   2.3690E-03
  153   1.0910E-03
  154   4.6200E-04
  155   1.6200E-04
  156   7.3000E-05
  157   2.8000E-05
  158   2.2000E-05
  159   4.0000E-06
  160   4.0000E-06
