   68   7.0000E-06
   69   2.0000E-06
   70   1.3000E-05
   71   3.4000E-05
   72   7.9000E-05
   73   2.1000E-04
   74   8.2500E-04
   75   1.7990E-03
   76   3.8040E-03
   77   7.3920E-03
   78   1.3963E-02
   79   1.9586E-02
   80   3.0369E-02
   81   3.2354E-02
   82   3.6567E-02
   83   4.1836E-02
   84   4.6691E-02
   85   4.2511E-02
   86   4.2199E-02
   87   4.3514E-02
   88   4.6618E-02
   89   4.1011E-02
   90   3.4979E-02
   91   2.8484E-02
   92   2.3357E-02
   93   1.9523E-02
   94   1.6658E-02
   95   1.4776E-02
   96   1.3512E-02
   97   1.2834E-02
   98   1.2417E-02
   99   1.3026E-02
  100   1.4583E-02
  101   1.6058E-02
  102   1.7942E-02
  103   1.9922E-02
  104   2.2655E-02
  105   2.4982E-02
  106   2.7239E-02
  107   2.9209E-02
  108   3.1604E-02
  109   3.3290E-02
  110   3.5296E-02
  111   3.6151E-02
  112   3.6423E-02
  113   3.6436E-02
  114   3.6498E-02
  115   3.6159E-02
  116   3.4395E-02
  117   3.2306E-02
  118   3.0800E-02
  119   2.8366E-02
  120   2.6881E-02
  121   2.3876E-02
  122   2.1840E-02
  123   1.9250E-02
  124   1.7552E-02
  125   1.5727E-02
  126   1.4399E-02
  127   1.3504E-02
  128   1.3264E-02
  129   1.4089E-02
  130   1.5374E-02
  131   1.6999E-02
  132   1.9597E-02
  133   2.3502E-02
  134   2.8316E-02
  135   3.4360E-02
  136   4.0905E-02
  137   4.6313E-02
  138   4.3929E-02
  139   4.2543E-02
  140   4.2568E-02
  141   4.6890E-02
  142   4.3016E-02
  143   3.7512E-02
  144   3.3265E-02
  145   3.1137E-02
  146   2.0959E-02
  147   1.4876E-02
  148   8.0760E-03
  149   4.4330E-03
  150   2.1000E-03
  151   1.0090E-03
  152   3.6800E-04
  153   1.3400E-04
  154   4.1000E-05
  155   2.4000E-05
  156   1.3000E-05
  157   4.0000E-06
  158   5.0000E-06
