   69   2.0000E-06
   70   5.0000E-06
   71   1.2000E-05
   72   3.3000E-05
   73   5.6000E-05
   74   2.2700E-04
   75   4.9500E-04
   76   1.4820E-03
   77   3.4690E-03
   78   6.5430E-03
   79   1.2249E-02
   80   2.4143E-02
   81   3.0254E-02
   82   3.8269E-02
   83   4.7847E-02
   84   6.2201E-02
   85   5.7097E-02
   86   6.1943E-02
   87   6.2138E-02
   88   6.1991E-02
   89   6.0437E-02
   90   6.5022E-02
   91   5.3442E-02
   92   4.4468E-02
   93   3.8338E-02
   94   3.2999E-02
   95   2.5244E-02
   96   2.2356E-02
   97   1.8105E-02
   98   1.3882E-02
   99   1.0561E-02
  100   7.8010E-03
  101   5.5110E-03
  102   5.4770E-03
  103   5.7060E-03
  104   6.3200E-03
  105   7.5500E-03
  106   9.3880E-03
  107   9.8540E-03
  108   1.0781E-02
  109   1.2139E-02
  110   1.3031E-02
  111   1.3781E-02
  112   1.5307E-02
  113   1.4945E-02
  114   1.4158E-02
  115   1.4945E-02
  116   1.5307E-02
  117   1.3781E-02
  118   1.3031E-02
  119   1.2139E-02
  120   1.0781E-02
  121   9.8540E-03
  122   9.3880E-03
  123   7.5500E-03
  124   6.3200E-03
  125   5.7060E-03
  126   5.4770E-03
  127   5.5110E-03
  128   7.8010E-03
  129   1.0561E-02
  130   1.3882E-02
  131   1.8105E-02
  132   2.2356E-02
  133   2.5244E-02
  134   3.2999E-02
  135   3.8338E-02
  136   4.4468E-02
  137   5.3442E-02
  138   6.5022E-02
  139   6.0437E-02
  140   6.1991E-02
  141   6.2138E-02
  142   6.1943E-02
  143   5.7097E-02
  144   6.2201E-02
  145   4.7850E-02
  146   3.8266E-02
  147   3.0254E-02
  148   2.4143E-02
  149   1.2249E-02
  150   6.5430E-03
  151   3.4690E-03
  152   1.4820E-03
  153   4.9500E-04
  154   2.2700E-04
  155   5.6000E-05
  156   3.3000E-05
  157   1.2000E-05
  158   5.0000E-06
  159   2.0000E-06
