   78   2.0000E-06
   81   4.0000E-06
   82   5.5000E-05
   83   1.5700E-04
   84   1.7310E-03
   85   2.8310E-03
   86   9.3770E-03
   87   1.4031E-02
   88   4.5295E-02
   89   3.4976E-02
   90   8.4016E-02
   91   5.5099E-02
   92   7.5555E-02
   93   5.7690E-02
   94   1.1347E-01
   95   5.6817E-02
   96   9.1070E-02
   97   6.0606E-02
   98   7.8701E-02
   99   4.7227E-02
  100   6.9529E-02
  101   2.2833E-02
  102   2.1517E-02
  103   1.1606E-02
  104   1.7130E-02
  105   7.8620E-03
  106   1.1889E-02
  107   3.0460E-03
  108   3.2220E-03
  109   5.3600E-04
  110   4.2000E-04
  111   6.6000E-05
  112   1.0500E-04
  113   5.7000E-05
  114   1.4600E-04
  115   9.6000E-05
  116   2.9000E-04
  117   1.5500E-04
  118   4.3200E-04
  119   1.7500E-04
  120   3.3000E-04
  121   1.7500E-04
  122   4.3200E-04
  123   1.5500E-04
  124   2.9000E-04
  125   9.6000E-05
  126   1.4600E-04
  127   5.7000E-05
  128   1.0500E-04
  129   6.6000E-05
  130   4.2000E-04
  131   5.3600E-04
  132   3.2220E-03
  133   3.0460E-03
  134   1.1889E-02
  135   7.8620E-03
  136   1.7130E-02
  137   1.1606E-02
  138   2.1517E-02
  139   2.2833E-02
  140   6.9529E-02
  141   4.7227E-02
  142   7.8701E-02
  143   6.0606E-02
  144   9.1070E-02
  145   5.6817E-02
  146   1.1347E-01
  147   5.7690E-02
  148   7.5555E-02
  149   5.5099E-02
  150   8.4016E-02
  151   3.4976E-02
  152   4.5295E-02
  153   1.4031E-02
  154   9.3770E-03
  155   2.8310E-03
  156   1.7310E-03
  157   1.5700E-04
  158   5.5000E-05
  159   4.0000E-06
  162   2.0000E-06
