   71   2.0000E-06
   72   9.0000E-06
   73   2.0000E-05
   74   4.5000E-05
   75   6.6000E-05
   76   2.2600E-04
   77   4.5700E-04
   78   1.1630E-03
   79   2.7860E-03
   80   5.8190E-03
   81   1.0657E-02
   82   1.9491E-02
   83   2.7777E-02
   84   3.7144E-02
   85   4.7530E-02
   86   6.2485E-02
   87   6.1304E-02
   88   6.3508E-02
   89   6.7231E-02
   90   6.9606E-02
   91   6.7539E-02
   92   6.9807E-02
   93   6.1576E-02
   94   5.3124E-02
   95   4.6802E-02
   96   4.1608E-02
   97   3.4335E-02
   98   3.0354E-02
   99   2.7156E-02
  100   2.2684E-02
  101   1.7405E-02
  102   1.2285E-02
  103   6.8290E-03
  104   3.7480E-03
  105   2.2660E-03
  106   1.6260E-03
  107   1.6050E-03
  108   1.9520E-03
  109   2.0440E-03
  110   2.2390E-03
  111   2.4840E-03
  112   2.6430E-03
  113   2.7620E-03
  114   3.2000E-03
  115   3.0900E-03
  116   2.9620E-03
  117   3.0910E-03
  118   3.2000E-03
  119   2.7610E-03
  120   2.6430E-03
  121   2.4820E-03
  122   2.2390E-03
  123   2.0440E-03
  124   1.9520E-03
  125   1.6050E-03
  126   1.6260E-03
  127   2.2660E-03
  128   3.7530E-03
  129   6.8730E-03
  130   1.2319E-02
  131   1.7445E-02
  132   2.2729E-02
  133   2.7182E-02
  134   3.0454E-02
  135   3.4670E-02
  136   4.1924E-02
  137   4.7067E-02
  138   5.3388E-02
  139   6.2043E-02
  140   6.9740E-02
  141   6.7767E-02
  142   6.9236E-02
  143   6.7139E-02
  144   6.3564E-02
  145   6.1727E-02
  146   6.2025E-02
  147   4.7189E-02
  148   3.6664E-02
  149   2.7605E-02
  150   1.9141E-02
  151   1.0465E-02
  152   5.7340E-03
  153   2.7590E-03
  154   1.1510E-03
  155   4.5700E-04
  156   2.2600E-04
  157   6.6000E-05
  158   4.5000E-05
  159   2.0000E-05
  160   9.0000E-06
  161   2.0000E-06
