   76   1.7000E-05
   77   7.2000E-05
   78   5.2600E-04
   79   1.3910E-03
   80   6.0000E-03
   81   1.4055E-02
   82   2.8534E-02
   83   3.6912E-02
   84   5.9829E-02
   85   6.9029E-02
   86   9.2518E-02
   87   7.3115E-02
   88   7.2701E-02
   89   7.1919E-02
   90   9.1938E-02
   91   8.2703E-02
   92   8.2261E-02
   93   6.1545E-02
   94   5.2905E-02
   95   4.0116E-02
   96   2.6602E-02
   97   1.2139E-02
   98   7.5700E-03
   99   5.7090E-03
  100   4.5950E-03
  101   2.8990E-03
  102   1.2640E-03
  103   4.2500E-04
  104   1.3200E-04
  105   3.9000E-05
  106   1.7000E-05
  107   1.7000E-05
  108   2.0000E-05
  109   3.4000E-05
  110   4.5000E-05
  111   5.0000E-05
  112   8.6000E-05
  113   8.7000E-05
  114   8.9000E-05
  115   7.7000E-05
  116   7.7000E-05
  117   8.9000E-05
  118   8.7000E-05
  119   8.6000E-05
  120   5.0000E-05
  121   4.5000E-05
  122   3.4000E-05
  123   2.0000E-05
  124   1.7000E-05
  125   1.7000E-05
  126   3.9000E-05
  127   1.3200E-04
  128   4.2500E-04
  129   1.2640E-03
  130   2.8990E-03
  131   4.5950E-03
  132   5.7090E-03
  133   7.5700E-03
  134   1.2139E-02
  135   2.6602E-02
  136   4.0116E-02
  137   5.2905E-02
  138   6.1545E-02
  139   8.2261E-02
  140   8.2703E-02
  141   9.1938E-02
  142   7.1919E-02
  143   7.2701E-02
  144   7.3115E-02
  145   9.2518E-02
  146   6.9029E-02
  147   5.9829E-02
  148   3.6912E-02
  149   2.8534E-02
  150   1.4055E-02
  151   6.0000E-03
  152   1.3910E-03
  153   5.2600E-04
  154   7.2000E-05
  155   1.7000E-05
