   73   4.0000E-06
   74   9.0000E-06
   75   6.0000E-06
   76   1.4000E-05
   77   4.4000E-05
   78   1.1700E-04
   79   2.4900E-04
   80   6.6400E-04
   81   1.7480E-03
   82   4.9210E-03
   83   8.7220E-03
   84   1.5151E-02
   85   2.3567E-02
   86   3.5787E-02
   87   4.3009E-02
   88   5.4056E-02
   89   5.3212E-02
   90   5.4305E-02
   91   5.7951E-02
   92   6.3539E-02
   93   5.9644E-02
   94   5.8493E-02
   95   5.3850E-02
   96   4.8275E-02
   97   4.2948E-02
   98   3.8248E-02
   99   3.2579E-02
  100   2.9809E-02
  101   2.8423E-02
  102   2.6161E-02
  103   2.1405E-02
  104   1.5679E-02
  105   1.0980E-02
  106   8.2510E-03
  107   6.9440E-03
  108   6.7090E-03
  109   7.1070E-03
  110   8.0020E-03
  111   8.3490E-03
  112   9.2810E-03
  113   1.0256E-02
  114   1.0984E-02
  115   1.1560E-02
  116   1.1883E-02
  117   1.1957E-02
  118   1.2205E-02
  119   1.2087E-02
  120   1.1843E-02
  121   1.1287E-02
  122   1.0624E-02
  123   1.0087E-02
  124   9.0850E-03
  125   8.2700E-03
  126   7.7440E-03
  127   7.0000E-03
  128   6.8800E-03
  129   7.6000E-03
  130   1.0014E-02
  131   1.4435E-02
  132   2.0484E-02
  133   2.5814E-02
  134   2.8184E-02
  135   2.9510E-02
  136   3.1860E-02
  137   3.7033E-02
  138   4.1559E-02
  139   4.6782E-02
  140   5.2201E-02
  141   5.7565E-02
  142   5.9996E-02
  143   6.3243E-02
  144   5.8644E-02
  145   5.5693E-02
  146   5.4133E-02
  147   5.5192E-02
  148   4.6409E-02
  149   3.7716E-02
  150   2.6026E-02
  151   1.7331E-02
  152   1.0380E-02
  153   5.8180E-03
  154   2.5680E-03
  155   1.0220E-03
  156   3.9500E-04
  157   1.9700E-04
  158   8.9000E-05
  159   2.8000E-05
  160   1.4000E-05
  161   6.0000E-06
  162   9.0000E-06
  163   4.0000E-06
