   73   3.0000E-06
   74   5.0000E-06
   75   2.1000E-05
   76   4.8000E-05
   77   5.2000E-05
   78   1.5500E-04
   79   2.1600E-04
   80   6.3700E-04
   81   1.4280E-03
   82   3.9550E-03
   83   7.1010E-03
   84   1.2478E-02
   85   2.0844E-02
   86   3.0122E-02
   87   3.8241E-02
   88   5.2050E-02
   89   5.3283E-02
   90   5.4449E-02
   91   5.9061E-02
   92   6.3405E-02
   93   5.9644E-02
   94   6.1964E-02
   95   5.7727E-02
   96   5.1494E-02
   97   4.6414E-02
   98   4.2353E-02
   99   3.5744E-02
  100   3.3418E-02
  101   3.2829E-02
  102   3.0468E-02
  103   2.6154E-02
  104   2.0580E-02
  105   1.3050E-02
  106   8.4880E-03
  107   5.7940E-03
  108   4.8570E-03
  109   5.0620E-03
  110   5.9670E-03
  111   6.1720E-03
  112   6.6530E-03
  113   7.5250E-03
  114   8.1170E-03
  115   8.7490E-03
  116   9.3820E-03
  117   9.3120E-03
  118   8.9980E-03
  119   9.3120E-03
  120   9.3840E-03
  121   8.7490E-03
  122   8.1110E-03
  123   7.5250E-03
  124   6.6550E-03
  125   6.1700E-03
  126   5.9670E-03
  127   5.0620E-03
  128   4.8590E-03
  129   5.7960E-03
  130   8.5060E-03
  131   1.3062E-02
  132   2.0603E-02
  133   2.6198E-02
  134   3.0483E-02
  135   3.2846E-02
  136   3.3452E-02
  137   3.5861E-02
  138   4.2452E-02
  139   4.6474E-02
  140   5.1498E-02
  141   5.7872E-02
  142   6.1969E-02
  143   5.9755E-02
  144   6.3210E-02
  145   5.9053E-02
  146   5.4480E-02
  147   5.3355E-02
  148   5.1960E-02
  149   3.8154E-02
  150   2.9919E-02
  151   2.0758E-02
  152   1.2394E-02
  153   7.0770E-03
  154   3.9270E-03
  155   1.4240E-03
  156   6.3500E-04
  157   2.1600E-04
  158   1.5500E-04
  159   5.2000E-05
  160   4.8000E-05
  161   2.1000E-05
  162   5.0000E-06
  163   3.0000E-06
