   78   1.1000E-05
   79   3.9000E-05
   80   2.1900E-04
   81   9.1400E-04
   82   4.6140E-03
   83   9.0860E-03
   84   1.8903E-02
   85   2.8817E-02
   86   5.4542E-02
   87   6.2443E-02
   88   8.0199E-02
   89   6.6186E-02
   90   6.9148E-02
   91   7.1368E-02
   92   8.9771E-02
   93   7.7684E-02
   94   7.4649E-02
   95   6.2030E-02
   96   5.9687E-02
   97   4.8827E-02
   98   3.6597E-02
   99   2.1126E-02
  100   1.5584E-02
  101   1.4047E-02
  102   1.3338E-02
  103   9.1740E-03
  104   4.6200E-03
  105   1.9950E-03
  106   7.0900E-04
  107   2.2000E-04
  108   9.9000E-05
  109   1.2800E-04
  110   1.6900E-04
  111   2.5800E-04
  112   2.2300E-04
  113   3.3500E-04
  114   5.2100E-04
  115   5.7800E-04
  116   5.7800E-04
  117   5.5300E-04
  118   5.5300E-04
  119   5.7800E-04
  120   5.7800E-04
  121   5.2100E-04
  122   3.3500E-04
  123   2.2300E-04
  124   2.5800E-04
  125   1.6900E-04
  126   1.2800E-04
  127   9.9000E-05
  128   2.2000E-04
  129   7.0900E-04
  130   1.9950E-03
  131   4.6200E-03
  132   9.1740E-03
  133   1.3338E-02
  134   1.4047E-02
  135   1.5584E-02
  136   2.1126E-02
  137   3.6597E-02
  138   4.8827E-02
  139   5.9687E-02
  140   6.2030E-02
  141   7.4649E-02
  142   7.7684E-02
  143   8.9771E-02
  144   7.1368E-02
  145   6.9148E-02
  146   6.6186E-02
  147   8.0199E-02
  148   6.2443E-02
  149   5.4542E-02
  150   2.8817E-02
  151   1.8903E-02
  152   9.0860E-03
  153   4.6140E-03
  154   9.1400E-04
  155   2.1900E-04
  156   3.9000E-05
  157   1.1000E-05
