   76   2.3000E-05
   77   9.7000E-05
   78   5.5700E-04
   79   1.5200E-03
   80   6.0650E-03
   81   1.4119E-02
   82   2.8392E-02
   83   3.6999E-02
   84   5.9048E-02
   85   6.8834E-02
   86   9.1450E-02
   87   7.3493E-02
   88   7.2308E-02
   89   7.2205E-02
   90   9.0220E-02
   91   8.2856E-02
   92   8.1784E-02
   93   6.2393E-02
   94   5.2477E-02
   95   3.9783E-02
   96   2.6520E-02
   97   1.2960E-02
   98   8.2370E-03
   99   6.5960E-03
  100   5.0930E-03
  101   3.1690E-03
  102   1.4650E-03
  103   5.2000E-04
  104   1.4400E-04
  105   4.4000E-05
  106   1.8000E-05
  107   2.2000E-05
  108   2.7000E-05
  109   3.9000E-05
  110   4.9000E-05
  111   5.8000E-05
  112   7.9000E-05
  113   1.1000E-04
  114   1.1000E-04
  115   1.0600E-04
  116   1.0600E-04
  117   1.1000E-04
  118   1.1000E-04
  119   7.9000E-05
  120   5.8000E-05
  121   4.9000E-05
  122   3.9000E-05
  123   2.7000E-05
  124   2.2000E-05
  125   1.8000E-05
  126   4.4000E-05
  127   1.4400E-04
  128   5.2000E-04
  129   1.4650E-03
  130   3.1690E-03
  131   5.0930E-03
  132   6.5960E-03
  133   8.2370E-03
  134   1.2960E-02
  135   2.6520E-02
  136   3.9783E-02
  137   5.2477E-02
  138   6.2393E-02
  139   8.1784E-02
  140   8.2856E-02
  141   9.0220E-02
  142   7.2205E-02
  143   7.2308E-02
  144   7.3493E-02
  145   9.1450E-02
  146   6.8834E-02
  147   5.9048E-02
  148   3.6999E-02
  149   2.8392E-02
  150   1.4119E-02
  151   6.0650E-03
  152   1.5200E-03
  153   5.5700E-04
  154   9.7000E-05
  155   2.3000E-05
