   77   3.0000E-06
   78   5.0000E-06
   79   2.3000E-05
   80   1.5100E-04
   81   4.1500E-04
   82   3.2460E-03
   83   4.7000E-03
   84   1.4015E-02
   85   1.9027E-02
   86   4.2811E-02
   87   3.8016E-02
   88   8.5031E-02
   89   5.3004E-02
   90   6.6750E-02
   91   5.7127E-02
   92   9.4973E-02
   93   5.4894E-02
   94   8.7043E-02
   95   5.7012E-02
   96   6.2599E-02
   97   4.3265E-02
   98   5.9099E-02
   99   2.6366E-02
  100   3.1138E-02
  101   2.3927E-02
  102   2.8175E-02
  103   1.5942E-02
  104   1.6554E-02
  105   4.6070E-03
  106   3.4350E-03
  107   7.0900E-04
  108   4.5600E-04
  109   1.5900E-04
  110   4.1200E-04
  111   2.5900E-04
  112   4.4300E-04
  113   4.3100E-04
  114   8.4500E-04
  115   5.9400E-04
  116   1.1670E-03
  117   6.9800E-04
  118   9.1400E-04
  119   6.9800E-04
  120   1.1670E-03
  121   5.9400E-04
  122   8.4500E-04
  123   4.3100E-04
  124   4.4300E-04
  125   2.5900E-04
  126   4.1200E-04
  127   1.5900E-04
  128   4.5600E-04
  129   7.0900E-04
  130   3.4350E-03
  131   4.6070E-03
  132   1.6554E-02
  133   1.5942E-02
  134   2.8175E-02
  135   2.3927E-02
  136   3.1138E-02
  137   2.6366E-02
  138   5.9099E-02
  139   4.3265E-02
  140   6.2599E-02
  141   5.7012E-02
  142   8.7043E-02
  143   5.4894E-02
  144   9.4973E-02
  145   5.7127E-02
  146   6.6750E-02
  147   5.3004E-02
  148   8.5031E-02
  149   3.8016E-02
  150   4.2811E-02
  151   1.9027E-02
  152   1.4015E-02
  153   4.7000E-03
  154   3.2460E-03
  155   4.1500E-04
  156   1.5100E-04
  157   2.3000E-05
  158   5.0000E-06
  159   3.0000E-06
