   76   2.0000E-06
   77   1.0000E-05
   78   6.9000E-05
   79   2.2900E-04
   80   1.2360E-03
   81   4.0190E-03
   82   1.3857E-02
   83   2.0879E-02
   84   3.4726E-02
   85   4.9614E-02
   86   8.1941E-02
   87   7.3396E-02
   88   7.7117E-02
   89   6.7375E-02
   90   7.9342E-02
   91   7.9663E-02
   92   9.2858E-02
   93   7.2872E-02
   94   6.4875E-02
   95   5.4697E-02
   96   4.7549E-02
   97   2.9485E-02
   98   1.6842E-02
   99   1.0896E-02
  100   9.1000E-03
  101   7.9960E-03
  102   5.2670E-03
  103   2.4710E-03
  104   9.6800E-04
  105   3.2000E-04
  106   6.4000E-05
  107   1.7000E-05
  108   7.0000E-06
  109   6.0000E-06
  110   1.3000E-05
  111   1.8000E-05
  112   2.7000E-05
  113   3.0000E-05
  114   3.9000E-05
  115   5.6000E-05
  116   4.2000E-05
  117   4.2000E-05
  118   5.6000E-05
  119   3.9000E-05
  120   3.0000E-05
  121   2.7000E-05
  122   1.8000E-05
  123   1.3000E-05
  124   6.0000E-06
  125   7.0000E-06
  126   1.7000E-05
  127   6.4000E-05
  128   3.2000E-04
  129   9.6800E-04
  130   2.4710E-03
  131   5.2670E-03
  132   7.9960E-03
  133   9.1000E-03
  134   1.0896E-02
  135   1.6842E-02
  136   2.9485E-02
  137   4.7549E-02
  138   5.4697E-02
  139   6.4875E-02
  140   7.2872E-02
  141   9.2858E-02
  142   7.9663E-02
  143   7.9342E-02
  144   6.7375E-02
  145   7.7117E-02
  146   7.3396E-02
  147   8.1941E-02
  148   4.9614E-02
  149   3.4726E-02
  150   2.0879E-02
  151   1.3857E-02
  152   4.0190E-03
  153   1.2360E-03
  154   2.2900E-04
  155   6.9000E-05
  156   1.0000E-05
  157   2.0000E-06
