   78   9.0000E-06
   79   3.7000E-05
   80   1.7100E-04
   81   7.7200E-04
   82   4.4760E-03
   83   8.8020E-03
   84   1.8549E-02
   85   2.8284E-02
   86   5.5765E-02
   87   6.3004E-02
   88   8.3307E-02
   89   6.5277E-02
   90   6.9754E-02
   91   7.1133E-02
   92   9.2848E-02
   93   7.8289E-02
   94   7.6441E-02
   95   6.1442E-02
   96   6.0801E-02
   97   4.9026E-02
   98   3.6326E-02
   99   1.9625E-02
  100   1.3709E-02
  101   1.2500E-02
  102   1.1621E-02
  103   8.4000E-03
  104   4.1200E-03
  105   1.7830E-03
  106   6.3700E-04
  107   2.0600E-04
  108   9.2000E-05
  109   9.6000E-05
  110   1.4200E-04
  111   1.7600E-04
  112   1.7100E-04
  113   2.9000E-04
  114   3.8400E-04
  115   5.5000E-04
  116   5.2900E-04
  117   4.4500E-04
  118   4.4500E-04
  119   5.2900E-04
  120   5.5000E-04
  121   3.8400E-04
  122   2.9000E-04
  123   1.7100E-04
  124   1.7600E-04
  125   1.4200E-04
  126   9.6000E-05
  127   9.2000E-05
  128   2.0600E-04
  129   6.3700E-04
  130   1.7830E-03
  131   4.1200E-03
  132   8.4000E-03
  133   1.1621E-02
  134   1.2500E-02
  135   1.3709E-02
  136   1.9625E-02
  137   3.6326E-02
  138   4.9026E-02
  139   6.0801E-02
  140   6.1442E-02
  141   7.6441E-02
  142   7.8289E-02
  143   9.2848E-02
  144   7.1133E-02
  145   6.9754E-02
  146   6.5277E-02
  147   8.3307E-02
  148   6.3004E-02
  149   5.5765E-02
  150   2.8284E-02
  151   1.8549E-02
  152   8.8020E-03
  153   4.4760E-03
  154   7.7200E-04
  155   1.7100E-04
  156   3.7000E-05
  157   9.0000E-06
