   58   4.0000E-06
   59   7.0000E-06
   60   9.0000E-06
   61   1.8000E-05
   62   3.4000E-05
   63   6.9000E-05
   64   9.2000E-05
   65   1.9200E-04
   66   3.1800E-04
   67   5.4800E-04
   68   9.7900E-04
   69   1.6440E-03
   70   2.7330E-03
   71   4.4390E-03
   72   7.9380E-03
   73   1.1229E-02
   74   1.5929E-02
   75   2.3123E-02
   76   3.2448E-02
   77   3.9469E-02
   78   4.7507E-02
   79   5.5850E-02
   80   6.2183E-02
   81   6.6039E-02
   82   6.7760E-02
   83   6.7784E-02
   84   6.7208E-02
   85   6.6335E-02
   86   6.6151E-02
   87   6.5053E-02
   88   6.5091E-02
   89   6.4795E-02
   90   6.5350E-02
   91   6.4154E-02
   92   6.5237E-02
   93   6.4754E-02
   94   6.5238E-02
   95   6.5192E-02
   96   6.6103E-02
   97   6.6336E-02
   98   6.7323E-02
   99   6.7977E-02
  100   6.7592E-02
  101   6.5868E-02
  102   6.2074E-02
  103   5.5839E-02
  104   4.7311E-02
  105   3.9251E-02
  106   3.2274E-02
  107   2.3094E-02
  108   1.5833E-02
  109   1.1197E-02
  110   7.8940E-03
  111   4.4340E-03
  112   2.7300E-03
  113   1.6420E-03
  114   9.7200E-04
  115   5.4800E-04
  116   3.1800E-04
  117   1.9200E-04
  118   9.2000E-05
  119   6.9000E-05
  120   3.4000E-05
  121   1.8000E-05
  122   9.0000E-06
  123   7.0000E-06
  124   4.0000E-06
