   48   4.0000E-06
   50   3.0000E-06
   51   9.0000E-06
   52   6.0000E-06
   53   1.7000E-05
   54   1.6000E-05
   55   2.9000E-05
   56   4.5000E-05
   57   7.7000E-05
   58   1.2600E-04
   59   1.5400E-04
   60   2.0800E-04
   61   3.2100E-04
   62   4.7800E-04
   63   6.4200E-04
   64   9.1100E-04
   65   1.2030E-03
   66   1.7840E-03
   67   2.3010E-03
   68   3.2250E-03
   69   4.3950E-03
   70   5.6920E-03
   71   7.6850E-03
   72   1.0845E-02
   73   1.3328E-02
   74   1.7263E-02
   75   2.1936E-02
   76   2.8709E-02
   77   3.4077E-02
   78   4.0336E-02
   79   4.5865E-02
   80   5.2063E-02
   81   5.5666E-02
   82   6.0222E-02
   83   6.1233E-02
   84   6.3092E-02
   85   6.4121E-02
   86   6.6309E-02
   87   6.7606E-02
   88   6.8783E-02
   89   6.9465E-02
   90   7.0439E-02
   91   7.0429E-02
   92   7.0276E-02
   93   6.9589E-02
   94   6.9761E-02
   95   6.8832E-02
   96   6.8003E-02
   97   6.5989E-02
   98   6.5319E-02
   99   6.3797E-02
  100   6.2465E-02
  101   5.8309E-02
  102   5.4710E-02
  103   4.9452E-02
  104   4.3481E-02
  105   3.6553E-02
  106   3.1181E-02
  107   2.5322E-02
  108   1.9819E-02
  109   1.5449E-02
  110   1.2405E-02
  111   9.7530E-03
  112   7.2510E-03
  113   5.4280E-03
  114   4.1980E-03
  115   3.1570E-03
  116   2.2340E-03
  117   1.7710E-03
  118   1.1780E-03
  119   8.9300E-04
  120   6.3000E-04
  121   4.8000E-04
  122   3.2000E-04
  123   2.0600E-04
  124   1.5100E-04
  125   1.2600E-04
  126   7.7000E-05
  127   4.5000E-05
  128   2.9000E-05
  129   1.6000E-05
  130   1.7000E-05
  131   6.0000E-06
  132   9.0000E-06
  133   3.0000E-06
  135   4.0000E-06
