   46   2.0000E-06
   50   2.0000E-06
   51   2.0000E-06
   52   2.0000E-06
   54   7.0000E-06
   55   1.1000E-05
   56   1.4000E-05
   57   1.9000E-05
   58   4.0000E-05
   59   6.2000E-05
   60   9.9000E-05
   61   1.4200E-04
   62   2.3500E-04
   63   2.9800E-04
   64   4.5300E-04
   65   6.6000E-04
   66   9.9600E-04
   67   1.3810E-03
   68   2.1690E-03
   69   2.8890E-03
   70   3.9460E-03
   71   5.6720E-03
   72   8.2080E-03
   73   1.0546E-02
   74   1.4117E-02
   75   1.9079E-02
   76   2.5231E-02
   77   2.9166E-02
   78   3.8629E-02
   79   4.4990E-02
   80   4.9661E-02
   81   5.3865E-02
   82   6.2556E-02
   83   6.2963E-02
   84   6.2584E-02
   85   6.4722E-02
   86   6.8450E-02
   87   6.6867E-02
   88   6.6606E-02
   89   6.9046E-02
   90   7.1102E-02
   91   6.6838E-02
   92   6.6990E-02
   93   7.0249E-02
   94   6.9522E-02
   95   6.6768E-02
   96   6.8618E-02
   97   6.9382E-02
   98   6.6911E-02
   99   6.4525E-02
  100   6.5873E-02
  101   6.4624E-02
  102   5.7760E-02
  103   5.2717E-02
  104   4.9188E-02
  105   4.1653E-02
  106   3.3639E-02
  107   2.7993E-02
  108   2.2995E-02
  109   1.6921E-02
  110   1.2978E-02
  111   1.0045E-02
  112   7.5370E-03
  113   5.4420E-03
  114   3.8130E-03
  115   2.8440E-03
  116   2.1160E-03
  117   1.3610E-03
  118   9.8900E-04
  119   6.5300E-04
  120   4.4800E-04
  121   3.0000E-04
  122   2.3300E-04
  123   1.4200E-04
  124   9.9000E-05
  125   6.2000E-05
  126   4.0000E-05
  127   1.9000E-05
  128   1.4000E-05
  129   1.1000E-05
  130   7.0000E-06
  132   2.0000E-06
  133   2.0000E-06
  134   2.0000E-06
  138   2.0000E-06
