   44   2.0000E-06
   46   2.0000E-06
   47   2.0000E-06
   48   4.0000E-06
   49   8.0000E-06
   50   1.4000E-05
   51   2.2000E-05
   52   2.3000E-05
   53   4.5000E-05
   54   6.1000E-05
   55   8.1000E-05
   56   1.2400E-04
   57   1.9200E-04
   58   2.7200E-04
   59   3.3300E-04
   60   4.8900E-04
   61   6.6500E-04
   62   9.2800E-04
   63   1.1210E-03
   64   1.5950E-03
   65   2.1030E-03
   66   2.7450E-03
   67   3.4760E-03
   68   4.6650E-03
   69   5.8350E-03
   70   7.5450E-03
   71   9.4790E-03
   72   1.2613E-02
   73   1.5388E-02
   74   1.8620E-02
   75   2.3120E-02
   76   2.9140E-02
   77   3.3133E-02
   78   3.8978E-02
   79   4.3675E-02
   80   4.8698E-02
   81   5.2603E-02
   82   5.7325E-02
   83   5.9082E-02
   84   6.2299E-02
   85   6.4275E-02
   86   6.6419E-02
   87   6.7396E-02
   88   6.9247E-02
   89   6.9949E-02
   90   7.0903E-02
   91   7.0931E-02
   92   7.1051E-02
   93   7.0359E-02
   94   7.0161E-02
   95   6.9308E-02
   96   6.7798E-02
   97   6.6061E-02
   98   6.4474E-02
   99   6.1519E-02
  100   5.9209E-02
  101   5.4692E-02
  102   5.0810E-02
  103   4.5578E-02
  104   4.0669E-02
  105   3.5295E-02
  106   3.0612E-02
  107   2.5283E-02
  108   2.0588E-02
  109   1.6647E-02
  110   1.3891E-02
  111   1.0967E-02
  112   8.6890E-03
  113   6.8910E-03
  114   5.4470E-03
  115   4.3460E-03
  116   3.3200E-03
  117   2.5730E-03
  118   1.9770E-03
  119   1.5460E-03
  120   1.1030E-03
  121   8.9300E-04
  122   6.2900E-04
  123   4.8700E-04
  124   3.1700E-04
  125   2.6300E-04
  126   1.8800E-04
  127   1.2100E-04
  128   8.0000E-05
  129   5.9000E-05
  130   4.5000E-05
  131   2.3000E-05
  132   2.2000E-05
  133   1.4000E-05
  134   8.0000E-06
  135   4.0000E-06
  136   2.0000E-06
  137   2.0000E-06
  139   2.0000E-06
