   70   8.0000E-06
   71   1.2000E-05
   72   4.3000E-05
   73   1.0700E-04
   74   2.8900E-04
   75   7.8100E-04
   76   1.8600E-03
   77   3.8320E-03
   78   7.6630E-03
   79   1.3424E-02
   80   2.2761E-02
   81   3.4789E-02
   82   4.9971E-02
   83   6.6735E-02
   84   8.1271E-02
   85   9.3250E-02
   86   9.7571E-02
   87   9.7055E-02
   88   8.8644E-02
   89   7.7860E-02
   90   6.5546E-02
   91   5.4249E-02
   92   4.6715E-02
   93   4.0729E-02
   94   3.7355E-02
   95   3.4948E-02
   96   3.7355E-02
   97   4.0729E-02
   98   4.6715E-02
   99   5.4249E-02
  100   6.5546E-02
  101   7.7860E-02
  102   8.8644E-02
  103   9.7055E-02
  104   9.7571E-02
  105   9.3250E-02
  106   8.1271E-02
  107   6.6735E-02
  108   4.9971E-02
  109   3.4789E-02
  110   2.2761E-02
  111   1.3424E-02
  112   7.6630E-03
  113   3.8320E-03
  114   1.8600E-03
  115   7.8100E-04
  116   2.8900E-04
  117   1.0700E-04
  118   4.3000E-05
  119   1.2000E-05
  120   8.0000E-06
