   66   2.0000E-06
   67   2.2000E-05
   68   3.7000E-05
   69   1.0800E-04
   70   2.9000E-04
   71   6.7500E-04
   72   1.6840E-03
   73   3.4960E-03
   74   6.6700E-03
   75   1.2318E-02
   76   2.0203E-02
   77   3.1044E-02
   78   4.4064E-02
   79   5.7159E-02
   80   6.9952E-02
   81   7.7270E-02
   82   8.0973E-02
   83   7.8238E-02
   84   7.2490E-02
   85   6.4327E-02
   86   5.7318E-02
   87   5.3200E-02
   88   5.3608E-02
   89   5.6338E-02
   90   6.0558E-02
   91   6.4886E-02
   92   6.6124E-02
   93   6.4886E-02
   94   6.0558E-02
   95   5.6338E-02
   96   5.3608E-02
   97   5.3200E-02
   98   5.7318E-02
   99   6.4327E-02
  100   7.2490E-02
  101   7.8238E-02
  102   8.0973E-02
  103   7.7270E-02
  104   6.9952E-02
  105   5.7159E-02
  106   4.4064E-02
  107   3.1044E-02
  108   2.0203E-02
  109   1.2318E-02
  110   6.6700E-03
  111   3.4960E-03
  112   1.6840E-03
  113   6.7500E-04
  114   2.9000E-04
  115   1.0800E-04
  116   3.7000E-05
  117   2.2000E-05
  118   2.0000E-06
