   67   2.0000E-06
   68   5.0000E-06
   69   8.0000E-06
   70   7.4000E-05
   71   9.0000E-05
   72   3.3600E-04
   73   4.1200E-04
   74   3.3710E-03
   75   2.6980E-03
   76   8.1310E-03
   77   8.2120E-03
   78   3.2926E-02
   79   2.0616E-02
   80   6.5145E-02
   81   4.0943E-02
   82   8.6338E-02
   83   5.1537E-02
   84   1.4310E-01
   85   5.7278E-02
   86   7.9650E-02
   87   4.7448E-02
   88   9.7830E-02
   89   4.6681E-02
   90   4.5843E-02
   91   4.8420E-02
   92   7.1217E-02
   93   4.1682E-02
   94   4.1682E-02
   95   7.1217E-02
   96   4.8420E-02
   97   4.5843E-02
   98   4.6681E-02
   99   9.7830E-02
  100   4.7448E-02
  101   7.9650E-02
  102   5.7278E-02
  103   1.4310E-01
  104   5.1537E-02
  105   8.6338E-02
  106   4.0943E-02
  107   6.5145E-02
  108   2.0616E-02
  109   3.2926E-02
  110   8.2120E-03
  111   8.1310E-03
  112   2.6980E-03
  113   3.3710E-03
  114   4.1200E-04
  115   3.3600E-04
  116   9.0000E-05
  117   7.4000E-05
  118   8.0000E-06
  119   5.0000E-06
  120   2.0000E-06
