   66   6.0000E-06
   67   1.2000E-05
   68   3.6000E-05
   69   1.1500E-04
   70   3.1800E-04
   71   7.5700E-04
   72   1.6850E-03
   73   3.6400E-03
   74   7.0750E-03
   75   1.2830E-02
   76   2.0886E-02
   77   3.2258E-02
   78   4.5954E-02
   79   6.0173E-02
   80   7.2732E-02
   81   8.0902E-02
   82   8.4441E-02
   83   8.1342E-02
   84   7.4039E-02
   85   6.5405E-02
   86   5.7255E-02
   87   5.1854E-02
   88   5.0420E-02
   89   5.2456E-02
   90   5.5099E-02
   91   5.8593E-02
   92   5.9426E-02
   93   5.8593E-02
   94   5.5099E-02
   95   5.2456E-02
   96   5.0420E-02
   97   5.1854E-02
   98   5.7255E-02
   99   6.5405E-02
  100   7.4039E-02
  101   8.1342E-02
  102   8.4441E-02
  103   8.0902E-02
  104   7.2732E-02
  105   6.0173E-02
  106   4.5954E-02
  107   3.2258E-02
  108   2.0886E-02
  109   1.2830E-02
  110   7.0750E-03
  111   3.6400E-03
  112   1.6850E-03
  113   7.5700E-04
  114   3.1800E-04
  115   1.1500E-04
  116   3.6000E-05
  117   1.2000E-05
  118   6.0000E-06
