   69   1.0000E-05
   70   2.4000E-05
   71   7.7000E-05
   72   2.1100E-04
   73   4.9000E-04
   74   1.0800E-03
   75   2.4440E-03
   76   5.1400E-03
   77   9.6670E-03
   78   1.6647E-02
   79   2.6573E-02
   80   3.9549E-02
   81   5.4820E-02
   82   6.9682E-02
   83   8.2820E-02
   84   9.2057E-02
   85   9.3886E-02
   86   9.0244E-02
   87   8.1017E-02
   88   6.9940E-02
   89   5.9877E-02
   90   5.1490E-02
   91   4.6507E-02
   92   4.3459E-02
   93   4.2091E-02
   94   4.0380E-02
   95   4.2091E-02
   96   4.3459E-02
   97   4.6507E-02
   98   5.1490E-02
   99   5.9877E-02
  100   6.9940E-02
  101   8.1017E-02
  102   9.0244E-02
  103   9.3886E-02
  104   9.2057E-02
  105   8.2820E-02
  106   6.9682E-02
  107   5.4820E-02
  108   3.9549E-02
  109   2.6573E-02
  110   1.6647E-02
  111   9.6670E-03
  112   5.1400E-03
  113   2.4440E-03
  114   1.0800E-03
  115   4.9000E-04
  116   2.1100E-04
  117   7.7000E-05
  118   2.4000E-05
  119   1.0000E-05
