   49   2.0000E-06
   50   2.0000E-06
   51   3.0000E-06
   52   8.0000E-06
   53   8.0000E-06
   54   1.8000E-05
   55   2.7000E-05
   56   4.9000E-05
   57   7.9000E-05
   58   1.1900E-04
   59   1.5000E-04
   60   2.3100E-04
   61   3.2700E-04
   62   5.5200E-04
   63   7.7300E-04
   64   1.0210E-03
   65   1.3880E-03
   66   2.2440E-03
   67   2.9920E-03
   68   4.0910E-03
   69   5.6140E-03
   70   7.9990E-03
   71   1.0069E-02
   72   1.3925E-02
   73   1.6989E-02
   74   2.1770E-02
   75   2.6531E-02
   76   3.4823E-02
   77   3.8301E-02
   78   4.4219E-02
   79   4.8612E-02
   80   5.4915E-02
   81   5.6154E-02
   82   6.0851E-02
   83   6.2105E-02
   84   6.5754E-02
   85   6.6165E-02
   86   6.9497E-02
   87   7.0423E-02
   88   7.2330E-02
   89   7.2521E-02
   90   7.3940E-02
   91   7.2542E-02
   92   7.2614E-02
   93   7.1394E-02
   94   7.1051E-02
   95   6.7737E-02
   96   6.7082E-02
   97   6.4806E-02
   98   6.3725E-02
   99   5.9381E-02
  100   5.7766E-02
  101   5.2361E-02
  102   4.8476E-02
  103   4.1929E-02
  104   3.8336E-02
  105   3.1287E-02
  106   2.5462E-02
  107   2.0247E-02
  108   1.6567E-02
  109   1.2879E-02
  110   9.7930E-03
  111   7.6570E-03
  112   5.4570E-03
  113   3.9480E-03
  114   2.9350E-03
  115   2.1790E-03
  116   1.3740E-03
  117   1.0050E-03
  118   7.6700E-04
  119   5.4000E-04
  120   3.2000E-04
  121   2.2700E-04
  122   1.5300E-04
  123   1.1600E-04
  124   7.7000E-05
  125   4.9000E-05
  126   2.7000E-05
  127   1.8000E-05
  128   8.0000E-06
  129   8.0000E-06
  130   3.0000E-06
  131   2.0000E-06
  132   2.0000E-06
