   53   2.0000E-06
   54   2.0000E-06
   55   2.0000E-06
   56   5.0000E-06
   57   2.0000E-06
   58   1.5000E-05
   59   1.3000E-05
   60   3.4000E-05
   61   5.3000E-05
   62   6.0000E-05
   63   9.6000E-05
   64   1.8300E-04
   65   2.3700E-04
   66   3.7200E-04
   67   5.2300E-04
   68   7.9400E-04
   69   1.1440E-03
   70   1.7490E-03
   71   2.2350E-03
   72   3.1440E-03
   73   4.4360E-03
   74   6.1350E-03
   75   7.8350E-03
   76   1.0793E-02
   77   1.4147E-02
   78   1.8139E-02
   79   2.2352E-02
   80   2.9012E-02
   81   3.4534E-02
   82   4.0111E-02
   83   4.6955E-02
   84   5.3969E-02
   85   5.7566E-02
   86   6.2192E-02
   87   6.6609E-02
   88   6.8042E-02
   89   6.8923E-02
   90   6.9990E-02
   91   7.0635E-02
   92   7.0232E-02
   93   6.9415E-02
   94   6.8668E-02
   95   6.8665E-02
   96   6.8226E-02
   97   7.0281E-02
   98   7.1789E-02
   99   7.0702E-02
  100   7.0156E-02
  101   7.0455E-02
  102   6.8869E-02
  103   6.5292E-02
  104   6.1329E-02
  105   5.7805E-02
  106   5.1524E-02
  107   4.4604E-02
  108   3.8537E-02
  109   3.2991E-02
  110   2.6798E-02
  111   2.1313E-02
  112   1.7140E-02
  113   1.3425E-02
  114   1.0251E-02
  115   7.6260E-03
  116   5.9440E-03
  117   4.2700E-03
  118   3.1160E-03
  119   2.1930E-03
  120   1.7260E-03
  121   1.1390E-03
  122   7.8500E-04
  123   5.2000E-04
  124   3.6800E-04
  125   2.4000E-04
  126   1.8000E-04
  127   9.6000E-05
  128   6.0000E-05
  129   5.3000E-05
  130   3.4000E-05
  131   1.5000E-05
  132   1.3000E-05
  133   2.0000E-06
  134   5.0000E-06
  135   2.0000E-06
  136   2.0000E-06
  137   2.0000E-06
