   64   2.0000E-06
   65   2.0000E-06
   66   1.0000E-05
   67   3.0000E-05
   68   1.2400E-04
   69   2.6700E-04
   70   5.2900E-04
   71   1.2680E-03
   72   3.5060E-03
   73   4.6350E-03
   74   8.8860E-03
   75   1.7421E-02
   76   2.6209E-02
   77   2.9077E-02
   78   5.0348E-02
   79   6.4457E-02
   80   6.1686E-02
   81   6.6171E-02
   82   8.7062E-02
   83   7.8261E-02
   84   6.1297E-02
   85   6.5589E-02
   86   7.2817E-02
   87   6.1470E-02
   88   5.0407E-02
   89   6.3012E-02
   90   7.1072E-02
   91   5.4373E-02
   92   5.4373E-02
   93   7.1072E-02
   94   6.3012E-02
   95   5.0407E-02
   96   6.1470E-02
   97   7.2817E-02
   98   6.5589E-02
   99   6.1297E-02
  100   7.8261E-02
  101   8.7062E-02
  102   6.6171E-02
  103   6.1686E-02
  104   6.4457E-02
  105   5.0348E-02
  106   2.9077E-02
  107   2.6209E-02
  108   1.7421E-02
  109   8.8860E-03
  110   4.6350E-03
  111   3.5060E-03
  112   1.2680E-03
  113   5.2900E-04
  114   2.6700E-04
  115   1.2400E-04
  116   3.0000E-05
  117   1.0000E-05
  118   2.0000E-06
  119   2.0000E-06
