   74   2.0000E-06
   75   1.5000E-05
   76   1.9000E-05
   77   9.6000E-05
   78   2.6600E-04
   79   5.4200E-04
   80   8.9700E-04
   81   3.4150E-03
   82   6.1340E-03
   83   6.3260E-03
   84   1.8242E-02
   85   3.4538E-02
   86   2.8684E-02
   87   5.0277E-02
   88   9.7532E-02
   89   7.6527E-02
   90   7.3672E-02
   91   1.3597E-01
   92   1.1008E-01
   93   6.4033E-02
   94   9.6397E-02
   95   8.5188E-02
   96   3.8404E-02
   97   3.7064E-02
   98   3.5671E-02
   99   3.5671E-02
  100   3.7064E-02
  101   3.8404E-02
  102   8.5188E-02
  103   9.6397E-02
  104   6.4033E-02
  105   1.1008E-01
  106   1.3597E-01
  107   7.3672E-02
  108   7.6527E-02
  109   9.7532E-02
  110   5.0277E-02
  111   2.8684E-02
  112   3.4538E-02
  113   1.8242E-02
  114   6.3260E-03
  115   6.1340E-03
  116   3.4150E-03
  117   8.9700E-04
  118   5.4200E-04
  119   2.6600E-04
  120   9.6000E-05
  121   1.9000E-05
  122   1.5000E-05
  123   2.0000E-06
