   74   5.0000E-06
   75   1.4000E-05
   76   2.3000E-05
   77   8.9000E-05
   78   3.2800E-04
   79   5.3700E-04
   80   8.7800E-04
   81   3.5080E-03
   82   5.9440E-03
   83   6.4530E-03
   84   1.8298E-02
   85   3.4576E-02
   86   2.8973E-02
   87   5.0444E-02
   88   9.6854E-02
   89   7.6068E-02
   90   7.3914E-02
   91   1.3557E-01
   92   1.1008E-01
   93   6.4361E-02
   94   9.6452E-02
   95   8.4763E-02
   96   3.8856E-02
   97   3.7323E-02
   98   3.5671E-02
   99   3.5671E-02
  100   3.7323E-02
  101   3.8856E-02
  102   8.4763E-02
  103   9.6452E-02
  104   6.4361E-02
  105   1.1008E-01
  106   1.3557E-01
  107   7.3914E-02
  108   7.6068E-02
  109   9.6854E-02
  110   5.0444E-02
  111   2.8973E-02
  112   3.4576E-02
  113   1.8298E-02
  114   6.4530E-03
  115   5.9440E-03
  116   3.5080E-03
  117   8.7800E-04
  118   5.3700E-04
  119   3.2800E-04
  120   8.9000E-05
  121   2.3000E-05
  122   1.4000E-05
  123   5.0000E-06
