   71   3.0000E-06
   72   6.0000E-06
   73   1.8000E-05
   74   6.8000E-05
   75   1.7900E-04
   76   5.2700E-04
   77   1.1530E-03
   78   2.6260E-03
   79   5.4190E-03
   80   1.0276E-02
   81   1.8008E-02
   82   2.9374E-02
   83   4.4061E-02
   84   6.1196E-02
   85   7.6783E-02
   86   9.1592E-02
   87   9.9984E-02
   88   1.0246E-01
   89   9.6867E-02
   90   8.6137E-02
   91   7.2848E-02
   92   6.0011E-02
   93   4.8970E-02
   94   4.0537E-02
   95   3.5160E-02
   96   3.1448E-02
   97   3.5160E-02
   98   4.0537E-02
   99   4.8970E-02
  100   6.0011E-02
  101   7.2848E-02
  102   8.6137E-02
  103   9.6867E-02
  104   1.0246E-01
  105   9.9984E-02
  106   9.1592E-02
  107   7.6783E-02
  108   6.1196E-02
  109   4.4061E-02
  110   2.9374E-02
  111   1.8008E-02
  112   1.0276E-02
  113   5.4190E-03
  114   2.6260E-03
  115   1.1530E-03
  116   5.2700E-04
  117   1.7900E-04
  118   6.8000E-05
  119   1.8000E-05
  120   6.0000E-06
  121   3.0000E-06
