   53   2.0000E-06
   55   3.0000E-06
   56   3.0000E-06
   57   4.0000E-06
   58   2.0000E-06
   59   5.0000E-06
   60   7.0000E-06
   61   2.0000E-06
   63   9.0000E-06
   64   7.0000E-06
   65   6.0000E-06
   66   5.0000E-06
   67   1.5000E-05
   68   4.0000E-06
   69   1.0000E-05
   70   1.4000E-05
   71   1.7000E-05
   72   4.9000E-05
   73   1.2300E-04
   74   2.2400E-04
   75   5.1100E-04
   76   1.1410E-03
   77   1.8320E-03
   78   3.3580E-03
   79   6.2870E-03
   80   1.0230E-02
   81   1.4828E-02
   82   2.5188E-02
   83   3.5137E-02
   84   4.2179E-02
   85   5.6391E-02
   86   7.3547E-02
   87   7.5516E-02
   88   7.9713E-02
   89   9.1557E-02
   90   8.7239E-02
   91   7.6342E-02
   92   7.5315E-02
   93   7.4183E-02
   94   6.0583E-02
   95   5.3376E-02
   96   5.5023E-02
   97   5.5023E-02
   98   5.3376E-02
   99   6.0583E-02
  100   7.4183E-02
  101   7.5315E-02
  102   7.6342E-02
  103   8.7239E-02
  104   9.1557E-02
  105   7.9713E-02
  106   7.5516E-02
  107   7.3547E-02
  108   5.6391E-02
  109   4.2179E-02
  110   3.5137E-02
  111   2.5188E-02
  112   1.4828E-02
  113   1.0230E-02
  114   6.2870E-03
  115   3.3580E-03
  116   1.8320E-03
  117   1.1410E-03
  118   5.1100E-04
  119   2.2400E-04
  120   1.2300E-04
  121   4.9000E-05
  122   1.7000E-05
  123   1.4000E-05
  124   1.0000E-05
  125   4.0000E-06
  126   1.5000E-05
  127   5.0000E-06
  128   6.0000E-06
  129   7.0000E-06
  130   9.0000E-06
  132   2.0000E-06
  133   7.0000E-06
  134   5.0000E-06
  135   2.0000E-06
  136   4.0000E-06
  137   3.0000E-06
  138   3.0000E-06
  140   2.0000E-06
