   72   2.0000E-06
   74   2.0000E-06
   75   1.8000E-05
   76   3.0000E-05
   77   7.4000E-05
   78   3.0300E-04
   79   5.2100E-04
   80   9.0900E-04
   81   3.4740E-03
   82   6.0740E-03
   83   6.5110E-03
   84   1.8593E-02
   85   3.4292E-02
   86   2.8628E-02
   87   5.0563E-02
   88   9.7551E-02
   89   7.6321E-02
   90   7.3628E-02
   91   1.3583E-01
   92   1.0995E-01
   93   6.3910E-02
   94   9.6429E-02
   95   8.4814E-02
   96   3.8323E-02
   97   3.7083E-02
   98   3.6147E-02
   99   3.6147E-02
  100   3.7083E-02
  101   3.8323E-02
  102   8.4814E-02
  103   9.6429E-02
  104   6.3910E-02
  105   1.0995E-01
  106   1.3583E-01
  107   7.3628E-02
  108   7.6321E-02
  109   9.7551E-02
  110   5.0563E-02
  111   2.8628E-02
  112   3.4292E-02
  113   1.8593E-02
  114   6.5110E-03
  115   6.0740E-03
  116   3.4740E-03
  117   9.0900E-04
  118   5.2100E-04
  119   3.0300E-04
  120   7.4000E-05
  121   3.0000E-05
  122   1.8000E-05
  123   2.0000E-06
  125   2.0000E-06
