   72   6.0000E-06
   73   1.1000E-05
   74   1.2000E-05
   75   1.0400E-04
   76   3.4400E-04
   77   5.3800E-04
   78   1.2560E-03
   79   4.7470E-03
   80   6.9180E-03
   81   8.5850E-03
   82   2.6049E-02
   83   4.0711E-02
   84   3.3176E-02
   85   6.6641E-02
   86   1.0989E-01
   87   7.6142E-02
   88   8.2318E-02
   89   1.3452E-01
   90   9.5291E-02
   91   5.6660E-02
   92   8.0106E-02
   93   6.9234E-02
   94   3.6389E-02
   95   3.1330E-02
   96   3.9004E-02
   97   3.9004E-02
   98   3.1330E-02
   99   3.6389E-02
  100   6.9234E-02
  101   8.0106E-02
  102   5.6660E-02
  103   9.5291E-02
  104   1.3452E-01
  105   8.2318E-02
  106   7.6142E-02
  107   1.0989E-01
  108   6.6641E-02
  109   3.3176E-02
  110   4.0711E-02
  111   2.6049E-02
  112   8.5850E-03
  113   6.9180E-03
  114   4.7470E-03
  115   1.2560E-03
  116   5.3800E-04
  117   3.4400E-04
  118   1.0400E-04
  119   1.2000E-05
  120   1.1000E-05
  121   6.0000E-06
