   76   9.0000E-06
   77   3.5000E-05
   78   9.1000E-05
   79   1.1800E-04
   80   4.6400E-04
   81   1.3130E-03
   82   1.7690E-03
   83   3.5700E-03
   84   1.0932E-02
   85   1.3539E-02
   86   1.5831E-02
   87   4.3454E-02
   88   5.6669E-02
   89   4.3566E-02
   90   8.9204E-02
   91   1.2192E-01
   92   7.5181E-02
   93   9.6610E-02
   94   1.3577E-01
   95   7.8287E-02
   96   5.7533E-02
   97   7.9049E-02
   98   4.7614E-02
   99   2.7462E-02
  100   2.7462E-02
  101   4.7614E-02
  102   7.9049E-02
  103   5.7533E-02
  104   7.8287E-02
  105   1.3577E-01
  106   9.6610E-02
  107   7.5181E-02
  108   1.2192E-01
  109   8.9204E-02
  110   4.3566E-02
  111   5.6669E-02
  112   4.3454E-02
  113   1.5831E-02
  114   1.3539E-02
  115   1.0932E-02
  116   3.5700E-03
  117   1.7690E-03
  118   1.3130E-03
  119   4.6400E-04
  120   1.1800E-04
  121   9.1000E-05
  122   3.5000E-05
  123   9.0000E-06
