   55   2.0000E-06
   57   5.0000E-06
   58   3.0000E-06
   59   9.0000E-06
   60   9.0000E-06
   61   4.0000E-06
   62   1.0000E-05
   63   1.4000E-05
   64   7.0000E-06
   65   8.0000E-06
   66   1.6000E-05
   67   7.0000E-06
   68   1.0000E-05
   69   1.9000E-05
   70   1.8000E-05
   71   1.6000E-05
   72   2.4000E-05
   73   3.3000E-05
   74   3.1000E-05
   75   5.2000E-05
   76   1.3800E-04
   77   2.5700E-04
   78   7.1500E-04
   79   1.2250E-03
   80   2.1050E-03
   81   4.3820E-03
   82   7.8350E-03
   83   1.1269E-02
   84   1.9905E-02
   85   3.0576E-02
   86   3.7308E-02
   87   5.1045E-02
   88   7.2613E-02
   89   7.6880E-02
   90   8.1407E-02
   91   9.8579E-02
   92   9.7384E-02
   93   8.3913E-02
   94   8.3876E-02
   95   7.9696E-02
   96   6.0515E-02
   97   5.0497E-02
   98   4.7563E-02
   99   4.7563E-02
  100   5.0497E-02
  101   6.0515E-02
  102   7.9696E-02
  103   8.3876E-02
  104   8.3913E-02
  105   9.7384E-02
  106   9.8579E-02
  107   8.1407E-02
  108   7.6880E-02
  109   7.2613E-02
  110   5.1045E-02
  111   3.7308E-02
  112   3.0576E-02
  113   1.9905E-02
  114   1.1269E-02
  115   7.8350E-03
  116   4.3820E-03
  117   2.1050E-03
  118   1.2250E-03
  119   7.1500E-04
  120   2.5700E-04
  121   1.3800E-04
  122   5.2000E-05
  123   3.1000E-05
  124   3.3000E-05
  125   2.4000E-05
  126   1.6000E-05
  127   1.8000E-05
  128   1.9000E-05
  129   1.0000E-05
  130   7.0000E-06
  131   1.6000E-05
  132   8.0000E-06
  133   7.0000E-06
  134   1.4000E-05
  135   1.0000E-05
  136   4.0000E-06
  137   9.0000E-06
  138   9.0000E-06
  139   3.0000E-06
  140   5.0000E-06
  142   2.0000E-06
