   77   5.0000E-06
   78   4.0000E-06
   79   2.0000E-06
   80   5.0000E-06
   82   6.0000E-06
   83   2.9000E-05
   84   6.8000E-05
   85   1.6200E-04
   86   3.7300E-04
   87   7.9400E-04
   88   1.7030E-03
   89   3.5250E-03
   90   6.4740E-03
   91   1.1507E-02
   92   1.8770E-02
   93   2.9797E-02
   94   4.3703E-02
   95   5.9650E-02
   96   7.7441E-02
   97   9.3391E-02
   98   1.0611E-01
   99   1.1338E-01
  100   1.1442E-01
  101   1.0913E-01
  102   9.5412E-02
  103   7.9826E-02
  104   6.8572E-02
  105   7.9826E-02
  106   9.5412E-02
  107   1.0913E-01
  108   1.1442E-01
  109   1.1338E-01
  110   1.0611E-01
  111   9.3391E-02
  112   7.7441E-02
  113   5.9650E-02
  114   4.3703E-02
  115   2.9797E-02
  116   1.8770E-02
  117   1.1507E-02
  118   6.4740E-03
  119   3.5250E-03
  120   1.7030E-03
  121   7.9400E-04
  122   3.7300E-04
  123   1.6200E-04
  124   6.8000E-05
  125   2.9000E-05
  126   6.0000E-06
  128   5.0000E-06
  129   2.0000E-06
  130   4.0000E-06
  131   5.0000E-06
