   77   6.0000E-06
   78   4.0000E-06
   79   2.0000E-05
   80   5.2000E-05
   81   1.6200E-04
   82   4.1300E-04
   83   9.2200E-04
   84   1.9670E-03
   85   4.0320E-03
   86   7.4950E-03
   87   1.3109E-02
   88   2.1676E-02
   89   3.2290E-02
   90   4.7369E-02
   91   6.4491E-02
   92   8.0348E-02
   93   9.6237E-02
   94   1.0545E-01
   95   1.0866E-01
   96   1.0548E-01
   97   9.5218E-02
   98   8.1795E-02
   99   6.4846E-02
  100   4.8618E-02
  101   3.8674E-02
  102   4.8618E-02
  103   6.4846E-02
  104   8.1795E-02
  105   9.5218E-02
  106   1.0548E-01
  107   1.0866E-01
  108   1.0545E-01
  109   9.6237E-02
  110   8.0348E-02
  111   6.4491E-02
  112   4.7369E-02
  113   3.2290E-02
  114   2.1676E-02
  115   1.3109E-02
  116   7.4950E-03
  117   4.0320E-03
  118   1.9670E-03
  119   9.2200E-04
  120   4.1300E-04
  121   1.6200E-04
  122   5.2000E-05
  123   2.0000E-05
  124   4.0000E-06
  125   6.0000E-06
