   76   6.0000E-06
   77   7.0000E-06
   78   1.7000E-05
   79   3.8000E-05
   80   1.9900E-04
   81   3.8200E-04
   82   4.8500E-04
   83   1.9380E-03
   84   4.2630E-03
   85   4.4120E-03
   86   1.1104E-02
   87   2.5641E-02
   88   2.3280E-02
   89   3.5451E-02
   90   7.9028E-02
   91   7.2465E-02
   92   6.4036E-02
   93   1.2754E-01
   94   1.1907E-01
   95   6.9608E-02
   96   1.0924E-01
   97   1.0658E-01
   98   4.8383E-02
   99   4.9903E-02
  100   4.6919E-02
  101   4.6919E-02
  102   4.9903E-02
  103   4.8383E-02
  104   1.0658E-01
  105   1.0924E-01
  106   6.9608E-02
  107   1.1907E-01
  108   1.2754E-01
  109   6.4036E-02
  110   7.2465E-02
  111   7.9028E-02
  112   3.5451E-02
  113   2.3280E-02
  114   2.5641E-02
  115   1.1104E-02
  116   4.4120E-03
  117   4.2630E-03
  118   1.9380E-03
  119   4.8500E-04
  120   3.8200E-04
  121   1.9900E-04
  122   3.8000E-05
  123   1.7000E-05
  124   7.0000E-06
  125   6.0000E-06
