   77   3.0000E-06
   78   1.3000E-05
   79   1.9000E-05
   80   7.8000E-05
   81   1.7600E-04
   82   4.0400E-04
   83   9.1700E-04
   84   2.0220E-03
   85   3.9290E-03
   86   7.4230E-03
   87   1.3183E-02
   88   2.1427E-02
   89   3.2725E-02
   90   4.7667E-02
   91   6.3921E-02
   92   8.0542E-02
   93   9.5637E-02
   94   1.0499E-01
   95   1.0887E-01
   96   1.0606E-01
   97   9.5711E-02
   98   8.1511E-02
   99   6.4742E-02
  100   4.8698E-02
  101   3.8626E-02
  102   4.8698E-02
  103   6.4742E-02
  104   8.1511E-02
  105   9.5711E-02
  106   1.0606E-01
  107   1.0887E-01
  108   1.0499E-01
  109   9.5637E-02
  110   8.0542E-02
  111   6.3921E-02
  112   4.7667E-02
  113   3.2725E-02
  114   2.1427E-02
  115   1.3183E-02
  116   7.4230E-03
  117   3.9290E-03
  118   2.0220E-03
  119   9.1700E-04
  120   4.0400E-04
  121   1.7600E-04
  122   7.8000E-05
  123   1.9000E-05
  124   1.3000E-05
  125   3.0000E-06
