   60   2.0000E-06
   61   7.0000E-06
   62   5.0000E-06
   63   4.0000E-06
   64   5.0000E-06
   65   1.2000E-05
   66   3.0000E-06
   67   4.0000E-06
   68   1.1000E-05
   69   5.0000E-06
   71   1.8000E-05
   72   2.2000E-05
   73   2.4000E-05
   74   4.3000E-05
   75   3.1000E-05
   76   2.3000E-05
   77   2.6000E-05
   78   1.8000E-05
   79   2.3000E-05
   80   7.2000E-05
   81   1.4200E-04
   82   3.5200E-04
   83   8.9800E-04
   84   1.6210E-03
   85   2.8770E-03
   86   7.1220E-03
   87   1.0745E-02
   88   1.5000E-02
   89   2.7745E-02
   90   4.1966E-02
   91   4.6156E-02
   92   6.7562E-02
   93   9.2517E-02
   94   8.7121E-02
   95   9.6496E-02
   96   1.1804E-01
   97   9.8442E-02
   98   8.1516E-02
   99   8.7360E-02
  100   6.8317E-02
  101   4.7631E-02
  102   4.7631E-02
  103   6.8317E-02
  104   8.7360E-02
  105   8.1516E-02
  106   9.8442E-02
  107   1.1804E-01
  108   9.6496E-02
  109   8.7121E-02
  110   9.2517E-02
  111   6.7562E-02
  112   4.6156E-02
  113   4.1966E-02
  114   2.7745E-02
  115   1.5000E-02
  116   1.0745E-02
  117   7.1220E-03
  118   2.8770E-03
  119   1.6210E-03
  120   8.9800E-04
  121   3.5200E-04
  122   1.4200E-04
  123   7.2000E-05
  124   2.3000E-05
  125   1.8000E-05
  126   2.6000E-05
  127   2.3000E-05
  128   3.1000E-05
  129   4.3000E-05
  130   2.4000E-05
  131   2.2000E-05
  132   1.8000E-05
  134   5.0000E-06
  135   1.1000E-05
  136   4.0000E-06
  137   3.0000E-06
  138   1.2000E-05
  139   5.0000E-06
  140   4.0000E-06
  141   5.0000E-06
  142   7.0000E-06
  143   2.0000E-06
