   76   2.0000E-06
   77   4.0000E-06
   78   4.0000E-06
   80   2.0000E-06
   81   4.0000E-06
   82   1.0000E-05
   83   1.4000E-05
   84   6.7000E-05
   85   1.4100E-04
   86   3.5200E-04
   87   8.2200E-04
   88   1.7500E-03
   89   3.4640E-03
   90   6.5490E-03
   91   1.1640E-02
   92   1.8914E-02
   93   2.9880E-02
   94   4.3327E-02
   95   5.9306E-02
   96   7.7674E-02
   97   9.2948E-02
   98   1.0693E-01
   99   1.1436E-01
  100   1.1391E-01
  101   1.0827E-01
  102   9.5498E-02
  103   7.9846E-02
  104   6.8608E-02
  105   7.9846E-02
  106   9.5498E-02
  107   1.0827E-01
  108   1.1391E-01
  109   1.1436E-01
  110   1.0693E-01
  111   9.2948E-02
  112   7.7674E-02
  113   5.9306E-02
  114   4.3327E-02
  115   2.9880E-02
  116   1.8914E-02
  117   1.1640E-02
  118   6.5490E-03
  119   3.4640E-03
  120   1.7500E-03
  121   8.2200E-04
  122   3.5200E-04
  123   1.4100E-04
  124   6.7000E-05
  125   1.4000E-05
  126   1.0000E-05
  127   4.0000E-06
  128   2.0000E-06
  130   4.0000E-06
  131   4.0000E-06
  132   2.0000E-06
