   74   3.0000E-06
   76   3.0000E-06
   77   2.0000E-06
   78   4.0000E-06
   79   1.1000E-05
   80   4.8000E-05
   81   6.7000E-05
   82   1.8100E-04
   83   7.8500E-04
   84   1.1130E-03
   85   1.8460E-03
   86   6.3700E-03
   87   9.8180E-03
   88   1.0398E-02
   89   2.8770E-02
   90   4.5766E-02
   91   3.5087E-02
   92   6.9813E-02
   93   1.1189E-01
   94   7.4999E-02
   95   9.1012E-02
   96   1.4558E-01
   97   9.2918E-02
   98   6.8030E-02
   99   1.0080E-01
  100   6.5012E-02
  101   3.9655E-02
  102   3.9655E-02
  103   6.5012E-02
  104   1.0080E-01
  105   6.8030E-02
  106   9.2918E-02
  107   1.4558E-01
  108   9.1012E-02
  109   7.4999E-02
  110   1.1189E-01
  111   6.9813E-02
  112   3.5087E-02
  113   4.5766E-02
  114   2.8770E-02
  115   1.0398E-02
  116   9.8180E-03
  117   6.3700E-03
  118   1.8460E-03
  119   1.1130E-03
  120   7.8500E-04
  121   1.8100E-04
  122   6.7000E-05
  123   4.8000E-05
  124   1.1000E-05
  125   4.0000E-06
  126   2.0000E-06
  127   3.0000E-06
  129   3.0000E-06
