   75   2.0000E-06
   76   3.0000E-06
   77   6.0000E-06
   78   2.0000E-06
   79   2.0000E-06
   80   5.0000E-06
   82   4.0000E-06
   83   1.7000E-05
   84   4.6000E-05
   85   1.3000E-04
   86   3.6800E-04
   87   8.1300E-04
   88   1.8320E-03
   89   3.4580E-03
   90   6.4610E-03
   91   1.1509E-02
   92   1.9173E-02
   93   2.9681E-02
   94   4.3226E-02
   95   5.9815E-02
   96   7.7361E-02
   97   9.3571E-02
   98   1.0674E-01
   99   1.1385E-01
  100   1.1395E-01
  101   1.0840E-01
  102   9.5206E-02
  103   7.9753E-02
  104   6.9206E-02
  105   7.9753E-02
  106   9.5206E-02
  107   1.0840E-01
  108   1.1395E-01
  109   1.1385E-01
  110   1.0674E-01
  111   9.3571E-02
  112   7.7361E-02
  113   5.9815E-02
  114   4.3226E-02
  115   2.9681E-02
  116   1.9173E-02
  117   1.1509E-02
  118   6.4610E-03
  119   3.4580E-03
  120   1.8320E-03
  121   8.1300E-04
  122   3.6800E-04
  123   1.3000E-04
  124   4.6000E-05
  125   1.7000E-05
  126   4.0000E-06
  128   5.0000E-06
  129   2.0000E-06
  130   2.0000E-06
  131   6.0000E-06
  132   3.0000E-06
  133   2.0000E-06
