   76   6.0000E-06
   78   2.0000E-06
   79   2.0000E-06
   81   6.0000E-06
   82   2.0000E-05
   83   3.9000E-05
   84   8.8000E-05
   85   3.8300E-04
   86   7.2600E-04
   87   9.7800E-04
   88   3.5820E-03
   89   6.7240E-03
   90   6.6430E-03
   91   1.7963E-02
   92   3.4509E-02
   93   2.8760E-02
   94   5.1080E-02
   95   9.5710E-02
   96   7.1431E-02
   97   8.2730E-02
   98   1.4735E-01
   99   1.0539E-01
  100   7.7410E-02
  101   1.2501E-01
  102   8.7319E-02
  103   5.6133E-02
  104   5.6133E-02
  105   8.7319E-02
  106   1.2501E-01
  107   7.7410E-02
  108   1.0539E-01
  109   1.4735E-01
  110   8.2730E-02
  111   7.1431E-02
  112   9.5710E-02
  113   5.1080E-02
  114   2.8760E-02
  115   3.4509E-02
  116   1.7963E-02
  117   6.6430E-03
  118   6.7240E-03
  119   3.5820E-03
  120   9.7800E-04
  121   7.2600E-04
  122   3.8300E-04
  123   8.8000E-05
  124   3.9000E-05
  125   2.0000E-05
  126   6.0000E-06
  128   2.0000E-06
  129   2.0000E-06
  131   6.0000E-06
