   76   2.0000E-06
   77   5.0000E-06
   78   3.1000E-05
   79   2.8000E-05
   80   1.6900E-04
   81   3.4700E-04
   82   4.8300E-04
   83   1.8870E-03
   84   4.2470E-03
   85   4.3770E-03
   86   1.1343E-02
   87   2.5674E-02
   88   2.3801E-02
   89   3.5527E-02
   90   7.9431E-02
   91   7.1759E-02
   92   6.3967E-02
   93   1.2819E-01
   94   1.1861E-01
   95   7.0035E-02
   96   1.0925E-01
   97   1.0566E-01
   98   4.8476E-02
   99   5.0128E-02
  100   4.6559E-02
  101   4.6559E-02
  102   5.0128E-02
  103   4.8476E-02
  104   1.0566E-01
  105   1.0925E-01
  106   7.0035E-02
  107   1.1861E-01
  108   1.2819E-01
  109   6.3967E-02
  110   7.1759E-02
  111   7.9431E-02
  112   3.5527E-02
  113   2.3801E-02
  114   2.5674E-02
  115   1.1343E-02
  116   4.3770E-03
  117   4.2470E-03
  118   1.8870E-03
  119   4.8300E-04
  120   3.4700E-04
  121   1.6900E-04
  122   2.8000E-05
  123   3.1000E-05
  124   5.0000E-06
  125   2.0000E-06
