   77   3.0000E-06
   78   3.0000E-06
   79   8.0000E-06
   80   6.0000E-06
   81   6.0000E-06
   82   6.0000E-06
   83   1.4000E-05
   84   4.3000E-05
   85   1.4100E-04
   86   1.4900E-04
   87   4.7500E-04
   88   1.5350E-03
   89   1.9140E-03
   90   3.4100E-03
   91   1.0952E-02
   92   1.3692E-02
   93   1.5548E-02
   94   4.3188E-02
   95   5.3952E-02
   96   4.3075E-02
   97   9.6018E-02
   98   1.1851E-01
   99   7.4043E-02
  100   1.2076E-01
  101   1.4692E-01
  102   7.6791E-02
  103   8.5938E-02
  104   9.2893E-02
  105   9.2893E-02
  106   8.5938E-02
  107   7.6791E-02
  108   1.4692E-01
  109   1.2076E-01
  110   7.4043E-02
  111   1.1851E-01
  112   9.6018E-02
  113   4.3075E-02
  114   5.3952E-02
  115   4.3188E-02
  116   1.5548E-02
  117   1.3692E-02
  118   1.0952E-02
  119   3.4100E-03
  120   1.9140E-03
  121   1.5350E-03
  122   4.7500E-04
  123   1.4900E-04
  124   1.4100E-04
  125   4.3000E-05
  126   1.4000E-05
  127   6.0000E-06
  128   6.0000E-06
  129   6.0000E-06
  130   8.0000E-06
  131   3.0000E-06
  132   3.0000E-06
