   75   2.0000E-06
   79   4.0000E-06
   80   1.7000E-05
   81   4.3000E-05
   82   1.2500E-04
   83   2.8000E-04
   84   7.2000E-04
   85   1.5170E-03
   86   3.0850E-03
   87   5.9360E-03
   88   1.0636E-02
   89   1.8014E-02
   90   2.7595E-02
   91   4.1261E-02
   92   5.7140E-02
   93   7.3670E-02
   94   8.9932E-02
   95   1.0261E-01
   96   1.0954E-01
   97   1.0931E-01
   98   1.0264E-01
   99   9.0451E-02
  100   7.4045E-02
  101   5.7932E-02
  102   4.6958E-02
  103   5.7932E-02
  104   7.4045E-02
  105   9.0451E-02
  106   1.0264E-01
  107   1.0931E-01
  108   1.0954E-01
  109   1.0261E-01
  110   8.9932E-02
  111   7.3670E-02
  112   5.7140E-02
  113   4.1261E-02
  114   2.7595E-02
  115   1.8014E-02
  116   1.0636E-02
  117   5.9360E-03
  118   3.0850E-03
  119   1.5170E-03
  120   7.2000E-04
  121   2.8000E-04
  122   1.2500E-04
  123   4.3000E-05
  124   1.7000E-05
  125   4.0000E-06
  129   2.0000E-06
