   74   3.0000E-06
   75   2.0000E-06
   76   7.0000E-06
   77   3.0000E-06
   78   2.0000E-06
   79   6.0000E-06
   81   4.0000E-06
   82   5.0000E-06
   83   2.2000E-05
   84   5.7000E-05
   85   1.5100E-04
   86   3.6300E-04
   87   8.1600E-04
   88   1.7920E-03
   89   3.5270E-03
   90   6.6080E-03
   91   1.1604E-02
   92   1.9292E-02
   93   2.9629E-02
   94   4.2974E-02
   95   6.0177E-02
   96   7.7278E-02
   97   9.3188E-02
   98   1.0675E-01
   99   1.1326E-01
  100   1.1415E-01
  101   1.0859E-01
  102   9.5985E-02
  103   7.9731E-02
  104   6.8032E-02
  105   7.9731E-02
  106   9.5985E-02
  107   1.0859E-01
  108   1.1415E-01
  109   1.1326E-01
  110   1.0675E-01
  111   9.3188E-02
  112   7.7278E-02
  113   6.0177E-02
  114   4.2974E-02
  115   2.9629E-02
  116   1.9292E-02
  117   1.1604E-02
  118   6.6080E-03
  119   3.5270E-03
  120   1.7920E-03
  121   8.1600E-04
  122   3.6300E-04
  123   1.5100E-04
  124   5.7000E-05
  125   2.2000E-05
  126   5.0000E-06
  127   4.0000E-06
  129   6.0000E-06
  130   2.0000E-06
  131   3.0000E-06
  132   7.0000E-06
  133   2.0000E-06
  134   3.0000E-06
