   73   2.0000E-06
   74   2.0000E-06
   77   2.0000E-06
   79   1.1000E-05
   80   3.3000E-05
   81   7.8000E-05
   82   1.8700E-04
   83   7.6300E-04
   84   1.1890E-03
   85   1.7770E-03
   86   6.3730E-03
   87   1.0024E-02
   88   1.0159E-02
   89   2.8563E-02
   90   4.5797E-02
   91   3.5348E-02
   92   6.9929E-02
   93   1.1201E-01
   94   7.4890E-02
   95   9.1735E-02
   96   1.4526E-01
   97   9.2224E-02
   98   6.8459E-02
   99   1.0153E-01
  100   6.4306E-02
  101   3.9335E-02
  102   3.9335E-02
  103   6.4306E-02
  104   1.0153E-01
  105   6.8459E-02
  106   9.2224E-02
  107   1.4526E-01
  108   9.1735E-02
  109   7.4890E-02
  110   1.1201E-01
  111   6.9929E-02
  112   3.5348E-02
  113   4.5797E-02
  114   2.8563E-02
  115   1.0159E-02
  116   1.0024E-02
  117   6.3730E-03
  118   1.7770E-03
  119   1.1890E-03
  120   7.6300E-04
  121   1.8700E-04
  122   7.8000E-05
  123   3.3000E-05
  124   1.1000E-05
  126   2.0000E-06
  129   2.0000E-06
  130   2.0000E-06
