   75   2.0000E-06
   77   2.0000E-06
   79   3.0000E-06
   80   4.0000E-06
   81   3.0000E-06
   82   2.9000E-05
   83   8.3000E-05
   84   2.2600E-04
   85   5.1500E-04
   86   1.1010E-03
   87   2.3600E-03
   88   4.6070E-03
   89   8.4650E-03
   90   1.4522E-02
   91   2.3474E-02
   92   3.5588E-02
   93   5.0144E-02
   94   6.6908E-02
   95   8.4202E-02
   96   9.7732E-02
   97   1.0859E-01
   98   1.1193E-01
   99   1.0849E-01
  100   9.9620E-02
  101   8.4746E-02
  102   6.8189E-02
  103   5.6920E-02
  104   6.8189E-02
  105   8.4746E-02
  106   9.9620E-02
  107   1.0849E-01
  108   1.1193E-01
  109   1.0859E-01
  110   9.7732E-02
  111   8.4202E-02
  112   6.6908E-02
  113   5.0144E-02
  114   3.5588E-02
  115   2.3474E-02
  116   1.4522E-02
  117   8.4650E-03
  118   4.6070E-03
  119   2.3600E-03
  120   1.1010E-03
  121   5.1500E-04
  122   2.2600E-04
  123   8.3000E-05
  124   2.9000E-05
  125   3.0000E-06
  126   4.0000E-06
  127   3.0000E-06
  129   2.0000E-06
  131   2.0000E-06
