   76   3.0000E-06
   77   4.0000E-06
   78   3.0000E-06
   79   8.0000E-06
   80   3.0000E-06
   81   6.0000E-06
   82   7.0000E-06
   83   1.7000E-05
   84   3.2000E-05
   85   1.3800E-04
   86   1.7700E-04
   87   4.5000E-04
   88   1.5180E-03
   89   1.9470E-03
   90   3.4340E-03
   91   1.0785E-02
   92   1.3844E-02
   93   1.5431E-02
   94   4.2961E-02
   95   5.3546E-02
   96   4.3178E-02
   97   9.5802E-02
   98   1.1874E-01
   99   7.3716E-02
  100   1.2068E-01
  101   1.4761E-01
  102   7.6955E-02
  103   8.5563E-02
  104   9.3422E-02
  105   9.3422E-02
  106   8.5563E-02
  107   7.6955E-02
  108   1.4761E-01
  109   1.2068E-01
  110   7.3716E-02
  111   1.1874E-01
  112   9.5802E-02
  113   4.3178E-02
  114   5.3546E-02
  115   4.2961E-02
  116   1.5431E-02
  117   1.3844E-02
  118   1.0785E-02
  119   3.4340E-03
  120   1.9470E-03
  121   1.5180E-03
  122   4.5000E-04
  123   1.7700E-04
  124   1.3800E-04
  125   3.2000E-05
  126   1.7000E-05
  127   7.0000E-06
  128   6.0000E-06
  129   3.0000E-06
  130   8.0000E-06
  131   3.0000E-06
  132   4.0000E-06
  133   3.0000E-06
