   76   2.0000E-06
   83   5.0000E-06
   84   1.2000E-05
   85   1.1000E-05
   86   3.3000E-05
   87   3.5000E-05
   88   4.3000E-05
   89   5.2000E-05
   90   1.1200E-04
   91   2.3900E-04
   92   5.2600E-04
   93   1.1740E-03
   94   2.4520E-03
   95   4.6950E-03
   96   8.4030E-03
   97   1.4340E-02
   98   2.3029E-02
   99   3.5690E-02
  100   5.1763E-02
  101   6.9528E-02
  102   9.0533E-02
  103   1.0829E-01
  104   1.2419E-01
  105   1.3414E-01
  106   1.3691E-01
  107   1.3155E-01
  108   1.2444E-01
  109   1.3155E-01
  110   1.3691E-01
  111   1.3414E-01
  112   1.2419E-01
  113   1.0829E-01
  114   9.0533E-02
  115   6.9528E-02
  116   5.1763E-02
  117   3.5690E-02
  118   2.3029E-02
  119   1.4340E-02
  120   8.4030E-03
  121   4.6950E-03
  122   2.4520E-03
  123   1.1740E-03
  124   5.2600E-04
  125   2.3900E-04
  126   1.1200E-04
  127   5.2000E-05
  128   4.3000E-05
  129   3.5000E-05
  130   3.3000E-05
  131   1.1000E-05
  132   1.2000E-05
  133   5.0000E-06
  140   2.0000E-06
