   68   2.0000E-06
   81   3.0000E-06
   82   5.0000E-06
   83   1.7000E-05
   84   3.5000E-05
   85   3.4000E-05
   86   6.0000E-05
   87   5.3000E-05
   88   8.5000E-05
   89   1.3000E-04
   90   3.1900E-04
   91   7.5900E-04
   92   1.5630E-03
   93   3.1530E-03
   94   5.6650E-03
   95   1.0488E-02
   96   1.7647E-02
   97   2.7618E-02
   98   4.1352E-02
   99   5.7731E-02
  100   7.6137E-02
  101   9.5404E-02
  102   1.1158E-01
  103   1.2329E-01
  104   1.2873E-01
  105   1.2604E-01
  106   1.1764E-01
  107   1.0887E-01
  108   1.1764E-01
  109   1.2604E-01
  110   1.2873E-01
  111   1.2329E-01
  112   1.1158E-01
  113   9.5404E-02
  114   7.6137E-02
  115   5.7731E-02
  116   4.1352E-02
  117   2.7618E-02
  118   1.7647E-02
  119   1.0488E-02
  120   5.6650E-03
  121   3.1530E-03
  122   1.5630E-03
  123   7.5900E-04
  124   3.1900E-04
  125   1.3000E-04
  126   8.5000E-05
  127   5.3000E-05
  128   6.0000E-05
  129   3.4000E-05
  130   3.5000E-05
  131   1.7000E-05
  132   5.0000E-06
  133   3.0000E-06
  146   2.0000E-06
