   75   2.0000E-06
   78   3.0000E-06
   79   1.3000E-05
   80   1.2000E-05
   81   1.6000E-05
   82   1.9000E-05
   83   1.6000E-05
   84   1.3000E-05
   85   2.4000E-05
   86   4.4000E-05
   87   1.7600E-04
   88   4.5800E-04
   89   5.2800E-04
   90   1.8520E-03
   91   4.4000E-03
   92   4.5520E-03
   93   1.0886E-02
   94   2.4641E-02
   95   2.2076E-02
   96   3.6666E-02
   97   7.8518E-02
   98   6.5993E-02
   99   7.1771E-02
  100   1.4291E-01
  101   1.1355E-01
  102   8.4251E-02
  103   1.4601E-01
  104   1.1361E-01
  105   7.6984E-02
  106   7.6984E-02
  107   1.1361E-01
  108   1.4601E-01
  109   8.4251E-02
  110   1.1355E-01
  111   1.4291E-01
  112   7.1771E-02
  113   6.5993E-02
  114   7.8518E-02
  115   3.6666E-02
  116   2.2076E-02
  117   2.4641E-02
  118   1.0886E-02
  119   4.5520E-03
  120   4.4000E-03
  121   1.8520E-03
  122   5.2800E-04
  123   4.5800E-04
  124   1.7600E-04
  125   4.4000E-05
  126   2.4000E-05
  127   1.3000E-05
  128   1.6000E-05
  129   1.9000E-05
  130   1.6000E-05
  131   1.2000E-05
  132   1.3000E-05
  133   3.0000E-06
  136   2.0000E-06
