   69   2.0000E-06
   71   2.0000E-06
   72   2.0000E-06
   80   3.0000E-06
   81   1.3000E-05
   82   7.0000E-06
   83   3.0000E-05
   84   2.2000E-05
   85   3.1000E-05
   86   3.5000E-05
   87   7.4000E-05
   88   1.1500E-04
   89   2.2300E-04
   90   8.8400E-04
   91   1.2200E-03
   92   1.8120E-03
   93   6.4440E-03
   94   9.8290E-03
   95   1.0291E-02
   96   2.9499E-02
   97   4.2900E-02
   98   3.4692E-02
   99   7.7667E-02
  100   1.1031E-01
  101   7.2548E-02
  102   1.1856E-01
  103   1.6141E-01
  104   9.2103E-02
  105   1.0573E-01
  106   1.2351E-01
  107   1.2351E-01
  108   1.0573E-01
  109   9.2103E-02
  110   1.6141E-01
  111   1.1856E-01
  112   7.2548E-02
  113   1.1031E-01
  114   7.7667E-02
  115   3.4692E-02
  116   4.2900E-02
  117   2.9499E-02
  118   1.0291E-02
  119   9.8290E-03
  120   6.4440E-03
  121   1.8120E-03
  122   1.2200E-03
  123   8.8400E-04
  124   2.2300E-04
  125   1.1500E-04
  126   7.4000E-05
  127   3.5000E-05
  128   3.1000E-05
  129   2.2000E-05
  130   3.0000E-05
  131   7.0000E-06
  132   1.3000E-05
  133   3.0000E-06
  141   2.0000E-06
  142   2.0000E-06
  144   2.0000E-06
