   75   2.0000E-06
   77   2.0000E-06
   78   3.0000E-06
   79   1.4000E-05
   80   7.0000E-06
   81   2.1000E-05
   82   1.2000E-05
   83   1.3000E-05
   84   1.1000E-05
   85   2.9000E-05
   86   3.5000E-05
   87   1.7500E-04
   88   4.1300E-04
   89   5.1400E-04
   90   1.9080E-03
   91   4.3870E-03
   92   4.3770E-03
   93   1.0982E-02
   94   2.4306E-02
   95   2.2487E-02
   96   3.6184E-02
   97   7.8492E-02
   98   6.5251E-02
   99   7.2086E-02
  100   1.4194E-01
  101   1.1375E-01
  102   8.4428E-02
  103   1.4688E-01
  104   1.1383E-01
  105   7.7443E-02
  106   7.7443E-02
  107   1.1383E-01
  108   1.4688E-01
  109   8.4428E-02
  110   1.1375E-01
  111   1.4194E-01
  112   7.2086E-02
  113   6.5251E-02
  114   7.8492E-02
  115   3.6184E-02
  116   2.2487E-02
  117   2.4306E-02
  118   1.0982E-02
  119   4.3770E-03
  120   4.3870E-03
  121   1.9080E-03
  122   5.1400E-04
  123   4.1300E-04
  124   1.7500E-04
  125   3.5000E-05
  126   2.9000E-05
  127   1.1000E-05
  128   1.3000E-05
  129   1.2000E-05
  130   2.1000E-05
  131   7.0000E-06
  132   1.4000E-05
  133   3.0000E-06
  134   2.0000E-06
  136   2.0000E-06
