   80   2.0000E-06
   81   7.0000E-06
   83   1.8000E-05
   84   1.8000E-05
   85   4.5000E-05
   86   3.3000E-05
   87   4.7000E-05
   88   3.8000E-05
   89   9.4000E-05
   90   2.2300E-04
   91   2.9400E-04
   92   9.5900E-04
   93   2.7110E-03
   94   3.1190E-03
   95   6.3460E-03
   96   1.7078E-02
   97   1.7020E-02
   98   2.5356E-02
   99   6.2056E-02
  100   5.8379E-02
  101   6.0754E-02
  102   1.3163E-01
  103   1.1835E-01
  104   8.8545E-02
  105   1.6501E-01
  106   1.4105E-01
  107   1.0079E-01
  108   1.0079E-01
  109   1.4105E-01
  110   1.6501E-01
  111   8.8545E-02
  112   1.1835E-01
  113   1.3163E-01
  114   6.0754E-02
  115   5.8379E-02
  116   6.2056E-02
  117   2.5356E-02
  118   1.7020E-02
  119   1.7078E-02
  120   6.3460E-03
  121   3.1190E-03
  122   2.7110E-03
  123   9.5900E-04
  124   2.9400E-04
  125   2.2300E-04
  126   9.4000E-05
  127   3.8000E-05
  128   4.7000E-05
  129   3.3000E-05
  130   4.5000E-05
  131   1.8000E-05
  132   1.8000E-05
  134   7.0000E-06
  135   2.0000E-06
