   71   4.0000E-06
   72   2.0000E-06
   73   3.0000E-06
   74   3.0000E-06
   76   3.0000E-06
   78   5.0000E-06
   80   3.0000E-06
   81   1.2000E-05
   82   3.2000E-05
   83   8.6000E-05
   84   1.3700E-04
   85   1.6400E-04
   86   1.9400E-04
   87   1.8000E-04
   88   1.6800E-04
   89   1.8300E-04
   90   4.0400E-04
   91   8.1500E-04
   92   1.6320E-03
   93   3.2370E-03
   94   6.0450E-03
   95   1.0619E-02
   96   1.8009E-02
   97   2.7871E-02
   98   4.1745E-02
   99   5.8559E-02
  100   7.5868E-02
  101   9.5018E-02
  102   1.1106E-01
  103   1.2319E-01
  104   1.2911E-01
  105   1.2574E-01
  106   1.1619E-01
  107   1.0734E-01
  108   1.1619E-01
  109   1.2574E-01
  110   1.2911E-01
  111   1.2319E-01
  112   1.1106E-01
  113   9.5018E-02
  114   7.5868E-02
  115   5.8559E-02
  116   4.1745E-02
  117   2.7871E-02
  118   1.8009E-02
  119   1.0619E-02
  120   6.0450E-03
  121   3.2370E-03
  122   1.6320E-03
  123   8.1500E-04
  124   4.0400E-04
  125   1.8300E-04
  126   1.6800E-04
  127   1.8000E-04
  128   1.9400E-04
  129   1.6400E-04
  130   1.3700E-04
  131   8.6000E-05
  132   3.2000E-05
  133   1.2000E-05
  134   3.0000E-06
  136   5.0000E-06
  138   3.0000E-06
  140   3.0000E-06
  141   3.0000E-06
  142   2.0000E-06
  143   4.0000E-06
