   72   2.0000E-06
   74   2.0000E-06
   76   2.0000E-06
   77   2.0000E-06
   84   2.0000E-06
   86   7.0000E-06
   87   1.5000E-05
   88   1.5000E-05
   89   6.6000E-05
   90   7.2000E-05
   91   1.3700E-04
   92   4.4900E-04
   93   8.0400E-04
   94   9.9200E-04
   95   3.7110E-03
   96   6.7160E-03
   97   6.7230E-03
   98   1.9485E-02
   99   3.3266E-02
  100   2.7407E-02
  101   6.0334E-02
  102   9.8705E-02
  103   6.8560E-02
  104   1.1254E-01
  105   1.7294E-01
  106   1.0576E-01
  107   1.2464E-01
  108   1.5663E-01
  109   1.5663E-01
  110   1.2464E-01
  111   1.0576E-01
  112   1.7294E-01
  113   1.1254E-01
  114   6.8560E-02
  115   9.8705E-02
  116   6.0334E-02
  117   2.7407E-02
  118   3.3266E-02
  119   1.9485E-02
  120   6.7230E-03
  121   6.7160E-03
  122   3.7110E-03
  123   9.9200E-04
  124   8.0400E-04
  125   4.4900E-04
  126   1.3700E-04
  127   7.2000E-05
  128   6.6000E-05
  129   1.5000E-05
  130   1.5000E-05
  131   7.0000E-06
  133   2.0000E-06
  140   2.0000E-06
  141   2.0000E-06
  143   2.0000E-06
  145   2.0000E-06
