   73   2.0000E-06
   78   2.0000E-06
   79   3.0000E-06
   86   6.0000E-06
   87   1.0000E-05
   88   1.0000E-05
   89   5.4000E-05
   90   6.5000E-05
   91   1.5500E-04
   92   4.3300E-04
   93   7.9800E-04
   94   1.1230E-03
   95   3.6510E-03
   96   6.7240E-03
   97   6.6320E-03
   98   1.9317E-02
   99   3.3265E-02
  100   2.7540E-02
  101   6.0997E-02
  102   9.8723E-02
  103   6.8736E-02
  104   1.1201E-01
  105   1.7202E-01
  106   1.0569E-01
  107   1.2502E-01
  108   1.5699E-01
  109   1.5699E-01
  110   1.2502E-01
  111   1.0569E-01
  112   1.7202E-01
  113   1.1201E-01
  114   6.8736E-02
  115   9.8723E-02
  116   6.0997E-02
  117   2.7540E-02
  118   3.3265E-02
  119   1.9317E-02
  120   6.6320E-03
  121   6.7240E-03
  122   3.6510E-03
  123   1.1230E-03
  124   7.9800E-04
  125   4.3300E-04
  126   1.5500E-04
  127   6.5000E-05
  128   5.4000E-05
  129   1.0000E-05
  130   1.0000E-05
  131   6.0000E-06
  138   3.0000E-06
  139   2.0000E-06
  144   2.0000E-06
