   71   2.0000E-06
   78   6.0000E-06
   79   1.7000E-05
   80   1.7000E-05
   81   2.6000E-05
   82   1.9000E-05
   83   1.6000E-05
   84   9.0000E-06
   85   1.9000E-05
   86   3.7000E-05
   87   8.6000E-05
   88   2.1100E-04
   89   4.4500E-04
   90   9.9200E-04
   91   2.0630E-03
   92   3.9210E-03
   93   7.3930E-03
   94   1.2691E-02
   95   2.1075E-02
   96   3.2037E-02
   97   4.6639E-02
   98   6.4105E-02
   99   8.1559E-02
  100   1.0008E-01
  101   1.1321E-01
  102   1.2158E-01
  103   1.2326E-01
  104   1.1645E-01
  105   1.0505E-01
  106   9.3946E-02
  107   1.0505E-01
  108   1.1645E-01
  109   1.2326E-01
  110   1.2158E-01
  111   1.1321E-01
  112   1.0008E-01
  113   8.1559E-02
  114   6.4105E-02
  115   4.6639E-02
  116   3.2037E-02
  117   2.1075E-02
  118   1.2691E-02
  119   7.3930E-03
  120   3.9210E-03
  121   2.0630E-03
  122   9.9200E-04
  123   4.4500E-04
  124   2.1100E-04
  125   8.6000E-05
  126   3.7000E-05
  127   1.9000E-05
  128   9.0000E-06
  129   1.6000E-05
  130   1.9000E-05
  131   2.6000E-05
  132   1.7000E-05
  133   1.7000E-05
  134   6.0000E-06
  141   2.0000E-06
