   78   4.0000E-06
   79   1.8000E-05
   80   7.0000E-06
   81   2.2000E-05
   82   1.2000E-05
   83   7.0000E-06
   84   1.6000E-05
   85   2.3000E-05
   86   3.4000E-05
   87   2.0500E-04
   88   4.3300E-04
   89   5.5300E-04
   90   1.8870E-03
   91   4.2670E-03
   92   4.4890E-03
   93   1.0996E-02
   94   2.4736E-02
   95   2.2335E-02
   96   3.6360E-02
   97   7.8889E-02
   98   6.6127E-02
   99   7.1969E-02
  100   1.4222E-01
  101   1.1396E-01
  102   8.3917E-02
  103   1.4591E-01
  104   1.1340E-01
  105   7.7200E-02
  106   7.7200E-02
  107   1.1340E-01
  108   1.4591E-01
  109   8.3917E-02
  110   1.1396E-01
  111   1.4222E-01
  112   7.1969E-02
  113   6.6127E-02
  114   7.8889E-02
  115   3.6360E-02
  116   2.2335E-02
  117   2.4736E-02
  118   1.0996E-02
  119   4.4890E-03
  120   4.2670E-03
  121   1.8870E-03
  122   5.5300E-04
  123   4.3300E-04
  124   2.0500E-04
  125   3.4000E-05
  126   2.3000E-05
  127   1.6000E-05
  128   7.0000E-06
  129   1.2000E-05
  130   2.2000E-05
  131   7.0000E-06
  132   1.8000E-05
  133   4.0000E-06
