   64   2.0000E-06
   66   9.0000E-06
   67   1.5000E-05
   68   2.7000E-05
   69   5.9000E-05
   70   1.1100E-04
   71   1.8100E-04
   72   3.7500E-04
   73   5.4800E-04
   74   8.9400E-04
   75   1.3580E-03
   76   2.1150E-03
   77   2.9990E-03
   78   4.7520E-03
   79   5.9080E-03
   80   8.0850E-03
   81   1.0319E-02
   82   1.3519E-02
   83   1.6282E-02
   84   1.9768E-02
   85   2.2653E-02
   86   2.5876E-02
   87   2.8882E-02
   88   3.2940E-02
   89   3.3542E-02
   90   3.4027E-02
   91   3.5868E-02
   92   3.7013E-02
   93   3.5805E-02
   94   3.6077E-02
   95   3.6265E-02
   96   3.6504E-02
   97   3.6498E-02
   98   3.5154E-02
   99   3.1965E-02
  100   2.8707E-02
  101   2.6339E-02
  102   2.3877E-02
  103   2.3189E-02
  104   2.3620E-02
  105   2.4404E-02
  106   2.5786E-02
  107   2.7519E-02
  108   2.8950E-02
  109   3.0758E-02
  110   3.1925E-02
  111   3.3010E-02
  112   3.3488E-02
  113   3.4744E-02
  114   3.4570E-02
  115   3.4737E-02
  116   3.3483E-02
  117   3.3019E-02
  118   3.1911E-02
  119   3.0757E-02
  120   2.8937E-02
  121   2.7524E-02
  122   2.5779E-02
  123   2.4414E-02
  124   2.3628E-02
  125   2.3217E-02
  126   2.3927E-02
  127   2.6428E-02
  128   2.8858E-02
  129   3.2181E-02
  130   3.5451E-02
  131   3.6577E-02
  132   3.6643E-02
  133   3.6335E-02
  134   3.6212E-02
  135   3.5987E-02
  136   3.6924E-02
  137   3.5805E-02
  138   3.4091E-02
  139   3.3568E-02
  140   3.2819E-02
  141   2.8807E-02
  142   2.5667E-02
  143   2.2524E-02
  144   1.9638E-02
  145   1.6115E-02
  146   1.3326E-02
  147   1.0197E-02
  148   8.0090E-03
  149   5.8530E-03
  150   4.6760E-03
  151   2.9650E-03
  152   2.0880E-03
  153   1.3520E-03
  154   8.7400E-04
  155   5.4800E-04
  156   3.7200E-04
  157   1.8100E-04
  158   1.1100E-04
  159   5.9000E-05
  160   2.7000E-05
  161   1.5000E-05
  162   9.0000E-06
  164   2.0000E-06
