   59   3.0000E-06
   62   5.0000E-06
   63   4.0000E-06
   64   7.0000E-06
   65   1.3000E-05
   66   2.6000E-05
   67   2.8000E-05
   68   6.1000E-05
   69   7.2000E-05
   70   1.0900E-04
   71   1.5300E-04
   72   2.7500E-04
   73   3.6900E-04
   74   6.1400E-04
   75   8.8300E-04
   76   1.2290E-03
   77   1.8440E-03
   78   2.7270E-03
   79   3.4770E-03
   80   4.9190E-03
   81   6.2350E-03
   82   8.0370E-03
   83   9.9590E-03
   84   1.2278E-02
   85   1.3977E-02
   86   1.6111E-02
   87   1.7876E-02
   88   2.1093E-02
   89   2.1439E-02
   90   2.2152E-02
   91   2.3985E-02
   92   2.4891E-02
   93   2.5699E-02
   94   2.6930E-02
   95   2.7744E-02
   96   2.8790E-02
   97   3.0165E-02
   98   3.0635E-02
   99   3.0381E-02
  100   2.9985E-02
  101   3.0367E-02
  102   3.1339E-02
  103   3.2443E-02
  104   3.4211E-02
  105   3.6220E-02
  106   3.8384E-02
  107   4.0343E-02
  108   4.2539E-02
  109   4.4033E-02
  110   4.5861E-02
  111   4.7065E-02
  112   4.7753E-02
  113   4.8801E-02
  114   4.8929E-02
  115   4.8713E-02
  116   4.8418E-02
  117   4.7385E-02
  118   4.5988E-02
  119   4.4863E-02
  120   4.3241E-02
  121   4.1132E-02
  122   3.9211E-02
  123   3.7146E-02
  124   3.5308E-02
  125   3.3536E-02
  126   3.2250E-02
  127   3.1970E-02
  128   3.1140E-02
  129   3.1790E-02
  130   3.2128E-02
  131   3.1206E-02
  132   3.0166E-02
  133   2.8639E-02
  134   2.7618E-02
  135   2.6757E-02
  136   2.5736E-02
  137   2.4570E-02
  138   2.2715E-02
  139   2.2099E-02
  140   2.0916E-02
  141   1.8339E-02
  142   1.6165E-02
  143   1.3985E-02
  144   1.2185E-02
  145   9.9170E-03
  146   7.8390E-03
  147   6.1810E-03
  148   4.9380E-03
  149   3.4840E-03
  150   2.6080E-03
  151   1.8440E-03
  152   1.2560E-03
  153   9.0000E-04
  154   6.2400E-04
  155   4.1500E-04
  156   2.8300E-04
  157   1.7900E-04
  158   1.0900E-04
  159   9.3000E-05
  160   6.2000E-05
  161   4.6000E-05
  162   2.5000E-05
  163   1.8000E-05
  164   1.5000E-05
  165   5.0000E-06
  166   4.0000E-06
  167   5.0000E-06
  170   3.0000E-06
