   66   6.0000E-06
   67   6.0000E-06
   68   1.6000E-05
   69   3.1000E-05
   70   7.2000E-05
   71   1.1400E-04
   72   2.5100E-04
   73   4.0300E-04
   74   7.5000E-04
   75   1.1970E-03
   76   1.7900E-03
   77   2.8200E-03
   78   4.7070E-03
   79   6.1070E-03
   80   8.7540E-03
   81   1.1595E-02
   82   1.5080E-02
   83   1.9010E-02
   84   2.4156E-02
   85   2.7725E-02
   86   3.1637E-02
   87   3.6549E-02
   88   4.3408E-02
   89   4.3909E-02
   90   4.5087E-02
   91   4.7226E-02
   92   4.7929E-02
   93   4.6483E-02
   94   4.5988E-02
   95   4.4644E-02
   96   4.3926E-02
   97   4.3448E-02
   98   4.2315E-02
   99   3.6882E-02
  100   3.0997E-02
  101   2.5096E-02
  102   1.9412E-02
  103   1.5888E-02
  104   1.4062E-02
  105   1.3712E-02
  106   1.4090E-02
  107   1.4697E-02
  108   1.5679E-02
  109   1.6934E-02
  110   1.7824E-02
  111   1.8564E-02
  112   1.9164E-02
  113   1.9769E-02
  114   2.0125E-02
  115   2.0101E-02
  116   1.9776E-02
  117   1.9160E-02
  118   1.8560E-02
  119   1.7813E-02
  120   1.6935E-02
  121   1.5677E-02
  122   1.4679E-02
  123   1.4089E-02
  124   1.3732E-02
  125   1.4074E-02
  126   1.5990E-02
  127   1.9559E-02
  128   2.5328E-02
  129   3.1360E-02
  130   3.7539E-02
  131   4.2353E-02
  132   4.3754E-02
  133   4.4026E-02
  134   4.4884E-02
  135   4.6009E-02
  136   4.7205E-02
  137   4.7459E-02
  138   4.7118E-02
  139   4.5182E-02
  140   4.4339E-02
  141   4.2501E-02
  142   3.6619E-02
  143   3.1139E-02
  144   2.7607E-02
  145   2.3677E-02
  146   1.8947E-02
  147   1.4742E-02
  148   1.1391E-02
  149   8.5960E-03
  150   6.0970E-03
  151   4.5260E-03
  152   2.8070E-03
  153   1.7550E-03
  154   1.1800E-03
  155   7.3900E-04
  156   3.9900E-04
  157   2.4800E-04
  158   1.1400E-04
  159   7.2000E-05
  160   3.1000E-05
  161   1.6000E-05
  162   6.0000E-06
  163   6.0000E-06
