   67   2.0000E-06
   68   8.0000E-06
   69   6.0000E-06
   70   2.1000E-05
   71   4.9000E-05
   72   1.3200E-04
   73   2.2100E-04
   74   4.9300E-04
   75   7.6100E-04
   76   1.2830E-03
   77   2.0900E-03
   78   3.7080E-03
   79   5.2000E-03
   80   8.3530E-03
   81   1.0570E-02
   82   1.4188E-02
   83   1.8817E-02
   84   2.5964E-02
   85   2.9686E-02
   86   3.3902E-02
   87   4.0593E-02
   88   4.9670E-02
   89   5.0017E-02
   90   5.2752E-02
   91   5.5732E-02
   92   5.6269E-02
   93   5.5190E-02
   94   5.6220E-02
   95   5.2624E-02
   96   5.0082E-02
   97   5.1104E-02
   98   5.0276E-02
   99   4.3901E-02
  100   3.6511E-02
  101   2.7122E-02
  102   1.8220E-02
  103   1.2162E-02
  104   8.4170E-03
  105   6.2060E-03
  106   5.6300E-03
  107   6.0050E-03
  108   6.2640E-03
  109   6.9960E-03
  110   7.8220E-03
  111   7.7320E-03
  112   8.3970E-03
  113   8.8980E-03
  114   9.1830E-03
  115   9.0600E-03
  116   9.1830E-03
  117   8.8980E-03
  118   8.3970E-03
  119   7.7320E-03
  120   7.8220E-03
  121   6.9960E-03
  122   6.2640E-03
  123   6.0050E-03
  124   5.6300E-03
  125   6.2060E-03
  126   8.4170E-03
  127   1.2162E-02
  128   1.8220E-02
  129   2.7122E-02
  130   3.6511E-02
  131   4.3901E-02
  132   5.0276E-02
  133   5.1104E-02
  134   5.0082E-02
  135   5.2624E-02
  136   5.6220E-02
  137   5.5190E-02
  138   5.6269E-02
  139   5.5732E-02
  140   5.2752E-02
  141   5.0017E-02
  142   4.9670E-02
  143   4.0593E-02
  144   3.3902E-02
  145   2.9686E-02
  146   2.5964E-02
  147   1.8817E-02
  148   1.4188E-02
  149   1.0570E-02
  150   8.3530E-03
  151   5.2000E-03
  152   3.7080E-03
  153   2.0900E-03
  154   1.2830E-03
  155   7.6100E-04
  156   4.9300E-04
  157   2.2100E-04
  158   1.3200E-04
  159   4.9000E-05
  160   2.1000E-05
  161   6.0000E-06
  162   8.0000E-06
  163   2.0000E-06
