   64   3.0000E-06
   65   2.0000E-06
   66   3.0000E-06
   67   7.0000E-06
   68   2.0000E-05
   69   3.8000E-05
   70   7.7000E-05
   71   1.0700E-04
   72   2.0500E-04
   73   3.4200E-04
   74   5.8300E-04
   75   9.0400E-04
   76   1.3220E-03
   77   1.9580E-03
   78   2.9640E-03
   79   4.0280E-03
   80   5.9110E-03
   81   7.6120E-03
   82   9.8450E-03
   83   1.2427E-02
   84   1.6215E-02
   85   1.8374E-02
   86   2.1189E-02
   87   2.4793E-02
   88   2.9408E-02
   89   3.0148E-02
   90   3.2122E-02
   91   3.3944E-02
   92   3.4581E-02
   93   3.4863E-02
   94   3.5882E-02
   95   3.5475E-02
   96   3.5705E-02
   97   3.6371E-02
   98   3.6493E-02
   99   3.5020E-02
  100   3.2723E-02
  101   2.9697E-02
  102   2.7530E-02
  103   2.5939E-02
  104   2.5075E-02
  105   2.5348E-02
  106   2.5975E-02
  107   2.7212E-02
  108   2.8390E-02
  109   3.0357E-02
  110   3.1540E-02
  111   3.2381E-02
  112   3.3577E-02
  113   3.4064E-02
  114   3.4610E-02
  115   3.5193E-02
  116   3.4477E-02
  117   3.4024E-02
  118   3.3479E-02
  119   3.2326E-02
  120   3.1448E-02
  121   3.0205E-02
  122   2.8261E-02
  123   2.7131E-02
  124   2.6037E-02
  125   2.5526E-02
  126   2.5556E-02
  127   2.6856E-02
  128   2.9125E-02
  129   3.1731E-02
  130   3.4766E-02
  131   3.6764E-02
  132   3.7466E-02
  133   3.6307E-02
  134   3.6078E-02
  135   3.6072E-02
  136   3.5876E-02
  137   3.5515E-02
  138   3.4424E-02
  139   3.3298E-02
  140   3.2012E-02
  141   3.0197E-02
  142   2.7487E-02
  143   2.3281E-02
  144   2.0103E-02
  145   1.7529E-02
  146   1.4565E-02
  147   1.1306E-02
  148   8.7940E-03
  149   6.8870E-03
  150   5.2770E-03
  151   3.6060E-03
  152   2.5920E-03
  153   1.6850E-03
  154   1.1980E-03
  155   7.8100E-04
  156   5.3800E-04
  157   3.1300E-04
  158   1.9300E-04
  159   9.6000E-05
  160   6.9000E-05
  161   4.0000E-05
  162   1.8000E-05
  163   7.0000E-06
  164   3.0000E-06
  165   2.0000E-06
  166   3.0000E-06
