   68   4.0000E-06
   69   8.0000E-06
   70   1.4000E-05
   71   3.4000E-05
   72   9.3000E-05
   73   1.8500E-04
   74   4.3000E-04
   75   6.7600E-04
   76   1.2320E-03
   77   2.0300E-03
   78   3.6190E-03
   79   4.8870E-03
   80   8.5140E-03
   81   1.0616E-02
   82   1.4733E-02
   83   1.9343E-02
   84   2.7134E-02
   85   3.0949E-02
   86   3.5182E-02
   87   4.1863E-02
   88   5.2442E-02
   89   5.2492E-02
   90   5.4904E-02
   91   5.8140E-02
   92   5.8237E-02
   93   5.7193E-02
   94   5.8700E-02
   95   5.4057E-02
   96   5.1485E-02
   97   5.2782E-02
   98   5.2425E-02
   99   4.4739E-02
  100   3.5875E-02
  101   2.5919E-02
  102   1.6657E-02
  103   1.0330E-02
  104   6.8840E-03
  105   4.7130E-03
  106   4.1070E-03
  107   4.2510E-03
  108   4.3410E-03
  109   4.8510E-03
  110   5.6850E-03
  111   5.7100E-03
  112   5.7040E-03
  113   6.1750E-03
  114   6.4130E-03
  115   6.4540E-03
  116   6.4130E-03
  117   6.1750E-03
  118   5.7040E-03
  119   5.7100E-03
  120   5.6850E-03
  121   4.8510E-03
  122   4.3410E-03
  123   4.2510E-03
  124   4.1070E-03
  125   4.7130E-03
  126   6.8840E-03
  127   1.0330E-02
  128   1.6657E-02
  129   2.5919E-02
  130   3.5875E-02
  131   4.4739E-02
  132   5.2425E-02
  133   5.2782E-02
  134   5.1485E-02
  135   5.4057E-02
  136   5.8700E-02
  137   5.7193E-02
  138   5.8237E-02
  139   5.8140E-02
  140   5.4904E-02
  141   5.2492E-02
  142   5.2442E-02
  143   4.1863E-02
  144   3.5182E-02
  145   3.0949E-02
  146   2.7134E-02
  147   1.9343E-02
  148   1.4733E-02
  149   1.0616E-02
  150   8.5140E-03
  151   4.8870E-03
  152   3.6190E-03
  153   2.0300E-03
  154   1.2320E-03
  155   6.7600E-04
  156   4.3000E-04
  157   1.8500E-04
  158   9.3000E-05
  159   3.4000E-05
  160   1.4000E-05
  161   8.0000E-06
  162   4.0000E-06
