   70   7.0000E-06
   71   1.4000E-05
   72   3.1000E-05
   73   5.5000E-05
   74   1.7700E-04
   75   2.7600E-04
   76   5.5700E-04
   77   1.0400E-03
   78   2.0090E-03
   79   3.1750E-03
   80   6.1090E-03
   81   8.0350E-03
   82   1.1349E-02
   83   1.6469E-02
   84   2.5192E-02
   85   2.8804E-02
   86   3.3763E-02
   87   4.1674E-02
   88   5.2784E-02
   89   5.5495E-02
   90   6.0727E-02
   91   6.0973E-02
   92   6.2008E-02
   93   6.3727E-02
   94   6.5798E-02
   95   5.8931E-02
   96   5.5269E-02
   97   5.4771E-02
   98   5.5510E-02
   99   5.1385E-02
  100   4.1771E-02
  101   2.9675E-02
  102   1.9282E-02
  103   1.1342E-02
  104   5.8130E-03
  105   2.7290E-03
  106   1.5230E-03
  107   1.0560E-03
  108   1.0850E-03
  109   1.1210E-03
  110   1.3010E-03
  111   1.3590E-03
  112   1.3360E-03
  113   1.3800E-03
  114   1.4780E-03
  115   1.6220E-03
  116   1.6220E-03
  117   1.4780E-03
  118   1.3800E-03
  119   1.3360E-03
  120   1.3590E-03
  121   1.3010E-03
  122   1.1210E-03
  123   1.0850E-03
  124   1.0560E-03
  125   1.5230E-03
  126   2.7290E-03
  127   5.8130E-03
  128   1.1342E-02
  129   1.9282E-02
  130   2.9675E-02
  131   4.1771E-02
  132   5.1385E-02
  133   5.5510E-02
  134   5.4771E-02
  135   5.5269E-02
  136   5.8931E-02
  137   6.5798E-02
  138   6.3727E-02
  139   6.2008E-02
  140   6.0973E-02
  141   6.0727E-02
  142   5.5495E-02
  143   5.2784E-02
  144   4.1674E-02
  145   3.3763E-02
  146   2.8804E-02
  147   2.5192E-02
  148   1.6469E-02
  149   1.1349E-02
  150   8.0350E-03
  151   6.1090E-03
  152   3.1750E-03
  153   2.0090E-03
  154   1.0400E-03
  155   5.5700E-04
  156   2.7600E-04
  157   1.7700E-04
  158   5.5000E-05
  159   3.1000E-05
  160   1.4000E-05
  161   7.0000E-06
