   71   6.0000E-06
   72   2.0000E-05
   73   6.1000E-05
   74   1.8200E-04
   75   2.5600E-04
   76   5.2200E-04
   77   9.9600E-04
   78   1.7340E-03
   79   2.8110E-03
   80   5.5380E-03
   81   6.8730E-03
   82   9.3790E-03
   83   1.3386E-02
   84   2.1061E-02
   85   2.3633E-02
   86   2.9113E-02
   87   3.6718E-02
   88   4.4823E-02
   89   4.8066E-02
   90   5.7219E-02
   91   5.7208E-02
   92   5.7343E-02
   93   5.9657E-02
   94   6.4164E-02
   95   5.7638E-02
   96   5.5660E-02
   97   5.5992E-02
   98   5.5249E-02
   99   5.3864E-02
  100   5.1701E-02
  101   4.0036E-02
  102   2.8508E-02
  103   1.8999E-02
  104   1.1161E-02
  105   5.6720E-03
  106   3.4490E-03
  107   2.0950E-03
  108   1.7080E-03
  109   1.8120E-03
  110   2.2350E-03
  111   2.0090E-03
  112   2.4170E-03
  113   2.4610E-03
  114   2.4640E-03
  115   2.5030E-03
  116   3.1620E-03
  117   2.5030E-03
  118   2.4640E-03
  119   2.4610E-03
  120   2.4170E-03
  121   2.0090E-03
  122   2.2350E-03
  123   1.8120E-03
  124   1.7080E-03
  125   2.0950E-03
  126   3.4490E-03
  127   5.6720E-03
  128   1.1161E-02
  129   1.8999E-02
  130   2.8508E-02
  131   4.0036E-02
  132   5.1701E-02
  133   5.3864E-02
  134   5.5249E-02
  135   5.5992E-02
  136   5.5660E-02
  137   5.7638E-02
  138   6.4164E-02
  139   5.9657E-02
  140   5.7343E-02
  141   5.7208E-02
  142   5.7219E-02
  143   4.8066E-02
  144   4.4823E-02
  145   3.6718E-02
  146   2.9113E-02
  147   2.3633E-02
  148   2.1061E-02
  149   1.3386E-02
  150   9.3790E-03
  151   6.8730E-03
  152   5.5380E-03
  153   2.8110E-03
  154   1.7340E-03
  155   9.9600E-04
  156   5.2200E-04
  157   2.5600E-04
  158   1.8200E-04
  159   6.1000E-05
  160   2.0000E-05
  161   6.0000E-06
