   70   1.2000E-05
   71   1.6000E-05
   72   3.3000E-05
   73   7.2000E-05
   74   2.0900E-04
   75   3.5200E-04
   76   6.5500E-04
   77   1.1470E-03
   78   1.9440E-03
   79   3.1200E-03
   80   5.5920E-03
   81   7.0990E-03
   82   9.5470E-03
   83   1.3434E-02
   84   2.0802E-02
   85   2.3747E-02
   86   2.8460E-02
   87   3.5515E-02
   88   4.3322E-02
   89   4.6779E-02
   90   5.4361E-02
   91   5.5648E-02
   92   5.5832E-02
   93   5.8419E-02
   94   6.2820E-02
   95   5.6753E-02
   96   5.4571E-02
   97   5.5080E-02
   98   5.3987E-02
   99   5.2981E-02
  100   5.0403E-02
  101   4.0020E-02
  102   2.9581E-02
  103   2.0349E-02
  104   1.2595E-02
  105   6.9680E-03
  106   4.3490E-03
  107   3.2190E-03
  108   2.8910E-03
  109   3.0780E-03
  110   3.2800E-03
  111   3.2400E-03
  112   3.7800E-03
  113   3.9160E-03
  114   3.8400E-03
  115   3.9590E-03
  116   4.4180E-03
  117   3.9590E-03
  118   3.8400E-03
  119   3.9160E-03
  120   3.7800E-03
  121   3.2400E-03
  122   3.2800E-03
  123   3.0780E-03
  124   2.8910E-03
  125   3.2190E-03
  126   4.3490E-03
  127   6.9680E-03
  128   1.2595E-02
  129   2.0349E-02
  130   2.9581E-02
  131   4.0020E-02
  132   5.0403E-02
  133   5.2981E-02
  134   5.3987E-02
  135   5.5080E-02
  136   5.4571E-02
  137   5.6753E-02
  138   6.2820E-02
  139   5.8419E-02
  140   5.5832E-02
  141   5.5648E-02
  142   5.4361E-02
  143   4.6779E-02
  144   4.3322E-02
  145   3.5515E-02
  146   2.8460E-02
  147   2.3747E-02
  148   2.0802E-02
  149   1.3434E-02
  150   9.5470E-03
  151   7.0990E-03
  152   5.5920E-03
  153   3.1200E-03
  154   1.9440E-03
  155   1.1470E-03
  156   6.5500E-04
  157   3.5200E-04
  158   2.0900E-04
  159   7.2000E-05
  160   3.3000E-05
  161   1.6000E-05
  162   1.2000E-05
