   74   2.0000E-05
   75   5.2000E-05
   76   9.3000E-05
   77   2.8500E-04
   78   5.5700E-04
   79   9.6400E-04
   80   2.4610E-03
   81   3.6950E-03
   82   5.7200E-03
   83   9.1280E-03
   84   1.6445E-02
   85   2.0815E-02
   86   2.7546E-02
   87   3.4044E-02
   88   4.3289E-02
   89   5.1609E-02
   90   6.3449E-02
   91   6.1845E-02
   92   6.2831E-02
   93   6.6637E-02
   94   7.3192E-02
   95   6.8304E-02
   96   6.3453E-02
   97   5.6897E-02
   98   5.4127E-02
   99   5.4201E-02
  100   5.1770E-02
  101   4.0534E-02
  102   2.8398E-02
  103   1.8218E-02
  104   1.0546E-02
  105   4.8380E-03
  106   1.8770E-03
  107   6.3400E-04
  108   2.2300E-04
  109   1.6000E-04
  110   1.3100E-04
  111   1.5200E-04
  112   1.6100E-04
  113   1.6000E-04
  114   1.5400E-04
  115   1.6600E-04
  116   2.0200E-04
  117   2.0200E-04
  118   1.6600E-04
  119   1.5400E-04
  120   1.6000E-04
  121   1.6100E-04
  122   1.5200E-04
  123   1.3100E-04
  124   1.6000E-04
  125   2.2300E-04
  126   6.3400E-04
  127   1.8770E-03
  128   4.8380E-03
  129   1.0546E-02
  130   1.8218E-02
  131   2.8398E-02
  132   4.0534E-02
  133   5.1770E-02
  134   5.4201E-02
  135   5.4127E-02
  136   5.6897E-02
  137   6.3453E-02
  138   6.8304E-02
  139   7.3192E-02
  140   6.6637E-02
  141   6.2831E-02
  142   6.1845E-02
  143   6.3449E-02
  144   5.1609E-02
  145   4.3289E-02
  146   3.4044E-02
  147   2.7546E-02
  148   2.0815E-02
  149   1.6445E-02
  150   9.1280E-03
  151   5.7200E-03
  152   3.6950E-03
  153   2.4610E-03
  154   9.6400E-04
  155   5.5700E-04
  156   2.8500E-04
  157   9.3000E-05
  158   5.2000E-05
  159   2.0000E-05
