   71   7.0000E-06
   72   2.1000E-05
   73   6.2000E-05
   74   1.4300E-04
   75   2.5100E-04
   76   5.5100E-04
   77   9.6900E-04
   78   1.5890E-03
   79   2.4490E-03
   80   4.3550E-03
   81   5.6680E-03
   82   7.7640E-03
   83   1.1063E-02
   84   1.6858E-02
   85   2.0201E-02
   86   2.5827E-02
   87   3.2280E-02
   88   3.8221E-02
   89   4.4501E-02
   90   5.3286E-02
   91   5.4111E-02
   92   5.5851E-02
   93   5.9726E-02
   94   6.2119E-02
   95   5.9842E-02
   96   5.7823E-02
   97   5.5451E-02
   98   5.4328E-02
   99   5.5211E-02
  100   5.4569E-02
  101   4.7722E-02
  102   3.8464E-02
  103   2.7127E-02
  104   1.7765E-02
  105   1.0086E-02
  106   5.2250E-03
  107   2.8420E-03
  108   1.7480E-03
  109   1.4680E-03
  110   1.4800E-03
  111   1.6340E-03
  112   1.7300E-03
  113   1.7850E-03
  114   1.8370E-03
  115   1.9560E-03
  116   2.0000E-03
  117   2.0000E-03
  118   1.9560E-03
  119   1.8370E-03
  120   1.7850E-03
  121   1.7300E-03
  122   1.6340E-03
  123   1.4800E-03
  124   1.4680E-03
  125   1.7480E-03
  126   2.8420E-03
  127   5.2250E-03
  128   1.0086E-02
  129   1.7765E-02
  130   2.7127E-02
  131   3.8464E-02
  132   4.7722E-02
  133   5.4571E-02
  134   5.5209E-02
  135   5.4328E-02
  136   5.5451E-02
  137   5.7823E-02
  138   5.9845E-02
  139   6.2116E-02
  140   5.9726E-02
  141   5.5853E-02
  142   5.4111E-02
  143   5.3284E-02
  144   4.4504E-02
  145   3.8221E-02
  146   3.2277E-02
  147   2.5827E-02
  148   2.0201E-02
  149   1.6858E-02
  150   1.1063E-02
  151   7.7640E-03
  152   5.6680E-03
  153   4.3550E-03
  154   2.4490E-03
  155   1.5890E-03
  156   9.6900E-04
  157   5.5100E-04
  158   2.5100E-04
  159   1.4300E-04
  160   6.2000E-05
  161   2.1000E-05
  162   7.0000E-06
