   69   2.0000E-06
   70   1.4000E-05
   71   2.6000E-05
   72   4.9000E-05
   73   9.3000E-05
   74   1.7500E-04
   75   2.7700E-04
   76   5.1100E-04
   77   7.4800E-04
   78   1.2110E-03
   79   1.8540E-03
   80   3.1160E-03
   81   4.2470E-03
   82   5.9770E-03
   83   8.4940E-03
   84   1.2612E-02
   85   1.5622E-02
   86   2.0665E-02
   87   2.5324E-02
   88   3.0019E-02
   89   3.5862E-02
   90   4.4495E-02
   91   4.5076E-02
   92   4.7478E-02
   93   5.1491E-02
   94   5.4585E-02
   95   5.3371E-02
   96   5.3331E-02
   97   5.0283E-02
   98   4.8151E-02
   99   4.7914E-02
  100   4.7924E-02
  101   4.3685E-02
  102   3.8280E-02
  103   3.2274E-02
  104   2.5638E-02
  105   1.9909E-02
  106   1.5029E-02
  107   1.2009E-02
  108   1.0343E-02
  109   9.6090E-03
  110   9.3760E-03
  111   9.6880E-03
  112   1.0060E-02
  113   1.0504E-02
  114   1.0634E-02
  115   1.0991E-02
  116   1.1251E-02
  117   1.1246E-02
  118   1.1340E-02
  119   1.1107E-02
  120   1.0851E-02
  121   1.0589E-02
  122   1.0358E-02
  123   9.8790E-03
  124   9.5580E-03
  125   9.6030E-03
  126   9.9680E-03
  127   1.1607E-02
  128   1.4695E-02
  129   1.9646E-02
  130   2.5708E-02
  131   3.3136E-02
  132   3.9622E-02
  133   4.5571E-02
  134   4.8458E-02
  135   4.8195E-02
  136   4.9127E-02
  137   5.1089E-02
  138   5.3966E-02
  139   5.5212E-02
  140   5.3827E-02
  141   5.0949E-02
  142   4.8189E-02
  143   4.6648E-02
  144   4.2783E-02
  145   3.6091E-02
  146   2.9498E-02
  147   2.4635E-02
  148   2.0497E-02
  149   1.5928E-02
  150   1.1955E-02
  151   8.5110E-03
  152   6.1850E-03
  153   4.4470E-03
  154   3.2040E-03
  155   2.1270E-03
  156   1.3550E-03
  157   8.4100E-04
  158   5.9500E-04
  159   3.4900E-04
  160   2.0800E-04
  161   1.2100E-04
  162   7.0000E-05
  163   4.5000E-05
  164   1.2000E-05
  165   1.4000E-05
  166   2.0000E-06
