   67   2.0000E-06
   68   5.0000E-06
   69   1.2000E-05
   70   1.8000E-05
   71   3.0000E-05
   72   6.1000E-05
   73   7.6000E-05
   74   1.8400E-04
   75   2.9300E-04
   76   5.2200E-04
   77   8.4200E-04
   78   1.2680E-03
   79   2.0570E-03
   80   3.4140E-03
   81   4.4090E-03
   82   6.0770E-03
   83   8.6610E-03
   84   1.2426E-02
   85   1.5115E-02
   86   1.9367E-02
   87   2.3616E-02
   88   2.8231E-02
   89   3.2780E-02
   90   3.8973E-02
   91   4.0233E-02
   92   4.2686E-02
   93   4.5288E-02
   94   4.8348E-02
   95   4.6439E-02
   96   4.6469E-02
   97   4.5050E-02
   98   4.4441E-02
   99   4.4729E-02
  100   4.5422E-02
  101   4.1708E-02
  102   3.6833E-02
  103   3.0848E-02
  104   2.5489E-02
  105   2.0763E-02
  106   1.7653E-02
  107   1.5749E-02
  108   1.5023E-02
  109   1.5298E-02
  110   1.5585E-02
  111   1.6005E-02
  112   1.6883E-02
  113   1.7328E-02
  114   1.7840E-02
  115   1.8163E-02
  116   1.8625E-02
  117   1.8413E-02
  118   1.8348E-02
  119   1.8486E-02
  120   1.7929E-02
  121   1.7285E-02
  122   1.7102E-02
  123   1.6338E-02
  124   1.5600E-02
  125   1.5637E-02
  126   1.5920E-02
  127   1.6782E-02
  128   1.9739E-02
  129   2.4263E-02
  130   2.9589E-02
  131   3.5481E-02
  132   4.1419E-02
  133   4.5577E-02
  134   4.5657E-02
  135   4.5098E-02
  136   4.5368E-02
  137   4.6338E-02
  138   4.7575E-02
  139   4.8744E-02
  140   4.6582E-02
  141   4.4090E-02
  142   4.2314E-02
  143   3.9803E-02
  144   3.5630E-02
  145   3.0328E-02
  146   2.5337E-02
  147   2.1074E-02
  148   1.7142E-02
  149   1.3744E-02
  150   9.9950E-03
  151   7.2900E-03
  152   5.2650E-03
  153   3.8480E-03
  154   2.7020E-03
  155   1.6910E-03
  156   1.1240E-03
  157   7.1500E-04
  158   4.4900E-04
  159   2.4500E-04
  160   1.6100E-04
  161   9.0000E-05
  162   4.9000E-05
  163   3.2000E-05
  164   2.6000E-05
  165   1.1000E-05
  166   1.0000E-05
  167   4.0000E-06
