   74   3.0000E-06
   75   1.2000E-05
   76   2.7000E-05
   77   8.7000E-05
   78   1.5700E-04
   79   2.9100E-04
   80   8.7100E-04
   81   1.4590E-03
   82   2.5750E-03
   83   4.3150E-03
   84   8.6620E-03
   85   1.2303E-02
   86   2.0032E-02
   87   2.4383E-02
   88   3.1300E-02
   89   4.0637E-02
   90   5.6347E-02
   91   5.7538E-02
   92   6.1522E-02
   93   6.3489E-02
   94   6.9221E-02
   95   7.1877E-02
   96   7.4589E-02
   97   6.3436E-02
   98   5.7311E-02
   99   5.4846E-02
  100   5.5741E-02
  101   5.2408E-02
  102   4.2403E-02
  103   2.9851E-02
  104   2.0117E-02
  105   1.2208E-02
  106   5.8350E-03
  107   2.2370E-03
  108   7.3200E-04
  109   2.4200E-04
  110   1.1300E-04
  111   9.9000E-05
  112   1.1700E-04
  113   1.0600E-04
  114   1.1900E-04
  115   9.0000E-05
  116   1.3000E-04
  117   1.4600E-04
  118   1.4600E-04
  119   1.3000E-04
  120   9.0000E-05
  121   1.1900E-04
  122   1.0600E-04
  123   1.1700E-04
  124   9.9000E-05
  125   1.1300E-04
  126   2.4200E-04
  127   7.3200E-04
  128   2.2370E-03
  129   5.8350E-03
  130   1.2208E-02
  131   2.0117E-02
  132   2.9851E-02
  133   4.2403E-02
  134   5.2408E-02
  135   5.5741E-02
  136   5.4846E-02
  137   5.7311E-02
  138   6.3436E-02
  139   7.4589E-02
  140   7.1877E-02
  141   6.9221E-02
  142   6.3489E-02
  143   6.1522E-02
  144   5.7538E-02
  145   5.6347E-02
  146   4.0637E-02
  147   3.1300E-02
  148   2.4383E-02
  149   2.0032E-02
  150   1.2303E-02
  151   8.6620E-03
  152   4.3150E-03
  153   2.5750E-03
  154   1.4590E-03
  155   8.7100E-04
  156   2.9100E-04
  157   1.5700E-04
  158   8.7000E-05
  159   2.7000E-05
  160   1.2000E-05
  161   3.0000E-06
