   70   7.0000E-06
   71   1.4000E-05
   72   2.9000E-05
   73   4.0000E-05
   74   9.1000E-05
   75   1.5800E-04
   76   3.5800E-04
   77   4.6800E-04
   78   7.5100E-04
   79   1.1960E-03
   80   1.9620E-03
   81   2.7830E-03
   82   3.9730E-03
   83   5.6650E-03
   84   8.0710E-03
   85   1.0949E-02
   86   1.5977E-02
   87   1.9090E-02
   88   2.3238E-02
   89   2.9329E-02
   90   3.6838E-02
   91   3.9660E-02
   92   4.5328E-02
   93   4.8167E-02
   94   5.0863E-02
   95   5.3617E-02
   96   5.6567E-02
   97   5.2741E-02
   98   5.0790E-02
   99   4.9826E-02
  100   5.0283E-02
  101   4.9302E-02
  102   4.7580E-02
  103   4.2343E-02
  104   3.6181E-02
  105   2.9146E-02
  106   2.2222E-02
  107   1.6479E-02
  108   1.2417E-02
  109   1.0029E-02
  110   8.3530E-03
  111   7.9970E-03
  112   7.8600E-03
  113   8.2360E-03
  114   8.3010E-03
  115   8.7410E-03
  116   8.7760E-03
  117   8.9440E-03
  118   9.2470E-03
  119   9.2470E-03
  120   8.8770E-03
  121   8.7740E-03
  122   8.5680E-03
  123   8.3040E-03
  124   8.0960E-03
  125   7.8430E-03
  126   8.2560E-03
  127   9.1610E-03
  128   1.1867E-02
  129   1.5546E-02
  130   2.2361E-02
  131   2.9141E-02
  132   3.6942E-02
  133   4.3795E-02
  134   4.8854E-02
  135   5.0206E-02
  136   4.9974E-02
  137   5.0044E-02
  138   5.1510E-02
  139   5.4702E-02
  140   5.6133E-02
  141   5.3940E-02
  142   5.0599E-02
  143   4.8899E-02
  144   4.5323E-02
  145   4.1233E-02
  146   3.5483E-02
  147   2.8747E-02
  148   2.3340E-02
  149   1.9384E-02
  150   1.5339E-02
  151   1.1328E-02
  152   8.1740E-03
  153   5.8910E-03
  154   4.1360E-03
  155   3.0770E-03
  156   2.1370E-03
  157   1.3940E-03
  158   8.5900E-04
  159   5.5700E-04
  160   3.8900E-04
  161   2.3400E-04
  162   1.2900E-04
  163   5.7000E-05
  164   2.7000E-05
  165   2.7000E-05
  166   8.0000E-06
  167   7.0000E-06
