   74   2.0000E-06
   75   3.0000E-06
   76   4.0000E-06
   77   2.5000E-05
   78   5.9000E-05
   79   1.0700E-04
   80   2.6500E-04
   81   4.7600E-04
   82   9.8900E-04
   83   1.7260E-03
   84   3.2260E-03
   85   5.7040E-03
   86   1.1581E-02
   87   1.4845E-02
   88   2.0893E-02
   89   2.7760E-02
   90   4.1076E-02
   91   4.8246E-02
   92   5.8381E-02
   93   5.7432E-02
   94   6.1070E-02
   95   6.6771E-02
   96   7.7232E-02
   97   7.0388E-02
   98   6.4009E-02
   99   5.8205E-02
  100   5.7548E-02
  101   5.8184E-02
  102   5.7279E-02
  103   4.7268E-02
  104   3.5273E-02
  105   2.5026E-02
  106   1.6279E-02
  107   7.9040E-03
  108   2.9590E-03
  109   1.0130E-03
  110   2.9100E-04
  111   9.4000E-05
  112   5.5000E-05
  113   6.0000E-05
  114   3.8000E-05
  115   6.2000E-05
  116   5.1000E-05
  117   6.3000E-05
  118   6.3000E-05
  119   6.3000E-05
  120   6.3000E-05
  121   5.1000E-05
  122   6.2000E-05
  123   3.8000E-05
  124   6.0000E-05
  125   5.5000E-05
  126   9.4000E-05
  127   2.9100E-04
  128   1.0130E-03
  129   2.9590E-03
  130   7.9040E-03
  131   1.6279E-02
  132   2.5026E-02
  133   3.5273E-02
  134   4.7268E-02
  135   5.7279E-02
  136   5.8184E-02
  137   5.7548E-02
  138   5.8205E-02
  139   6.4009E-02
  140   7.0388E-02
  141   7.7232E-02
  142   6.6771E-02
  143   6.1070E-02
  144   5.7432E-02
  145   5.8381E-02
  146   4.8246E-02
  147   4.1076E-02
  148   2.7760E-02
  149   2.0893E-02
  150   1.4845E-02
  151   1.1581E-02
  152   5.7040E-03
  153   3.2260E-03
  154   1.7260E-03
  155   9.8900E-04
  156   4.7600E-04
  157   2.6500E-04
  158   1.0700E-04
  159   5.9000E-05
  160   2.5000E-05
  161   4.0000E-06
  162   3.0000E-06
  163   2.0000E-06
