   72   1.4000E-05
   73   1.4000E-05
   74   4.2000E-05
   75   8.4000E-05
   76   1.7500E-04
   77   2.7900E-04
   78   6.1400E-04
   79   9.2100E-04
   80   1.3370E-03
   81   2.0400E-03
   82   3.1130E-03
   83   4.1610E-03
   84   5.4620E-03
   85   7.6740E-03
   86   1.1946E-02
   87   1.4615E-02
   88   1.8824E-02
   89   2.4280E-02
   90   2.9944E-02
   91   3.5259E-02
   92   4.4102E-02
   93   4.6312E-02
   94   4.8826E-02
   95   5.3609E-02
   96   5.7524E-02
   97   5.6168E-02
   98   5.6423E-02
   99   5.4487E-02
  100   5.3239E-02
  101   5.3608E-02
  102   5.5913E-02
  103   5.4031E-02
  104   5.0383E-02
  105   4.3634E-02
  106   3.4081E-02
  107   2.4043E-02
  108   1.5524E-02
  109   9.0620E-03
  110   5.2150E-03
  111   3.4010E-03
  112   2.5910E-03
  113   2.3830E-03
  114   2.4570E-03
  115   2.5160E-03
  116   2.5810E-03
  117   2.7850E-03
  118   2.8760E-03
  119   2.7760E-03
  120   2.8770E-03
  121   2.7800E-03
  122   2.5880E-03
  123   2.5150E-03
  124   2.4550E-03
  125   2.3860E-03
  126   2.5930E-03
  127   3.4210E-03
  128   5.2720E-03
  129   9.2680E-03
  130   1.6039E-02
  131   2.4829E-02
  132   3.4812E-02
  133   4.4635E-02
  134   5.1331E-02
  135   5.5092E-02
  136   5.5792E-02
  137   5.3619E-02
  138   5.3274E-02
  139   5.5008E-02
  140   5.6946E-02
  141   5.6755E-02
  142   5.6699E-02
  143   5.3097E-02
  144   4.8591E-02
  145   4.6427E-02
  146   4.2936E-02
  147   3.4691E-02
  148   2.8780E-02
  149   2.3631E-02
  150   1.8357E-02
  151   1.4278E-02
  152   1.1374E-02
  153   7.4520E-03
  154   5.3510E-03
  155   4.0720E-03
  156   3.0650E-03
  157   2.0270E-03
  158   1.3180E-03
  159   9.1700E-04
  160   6.1000E-04
  161   2.7900E-04
  162   1.7500E-04
  163   8.4000E-05
  164   4.2000E-05
  165   1.4000E-05
  166   1.4000E-05
