   74   3.0000E-06
   75   1.3000E-05
   76   5.5000E-05
   77   1.0600E-04
   78   3.3500E-04
   79   5.5800E-04
   80   9.3700E-04
   81   1.6630E-03
   82   2.5900E-03
   83   3.0330E-03
   84   3.9600E-03
   85   5.6190E-03
   86   8.3850E-03
   87   1.0650E-02
   88   1.4646E-02
   89   1.8747E-02
   90   2.4225E-02
   91   2.9997E-02
   92   3.9510E-02
   93   4.1292E-02
   94   4.5382E-02
   95   5.0596E-02
   96   5.4169E-02
   97   5.5572E-02
   98   5.7018E-02
   99   5.4093E-02
  100   5.3155E-02
  101   5.4920E-02
  102   6.0035E-02
  103   6.3657E-02
  104   6.2557E-02
  105   5.6980E-02
  106   4.6498E-02
  107   3.4318E-02
  108   2.1414E-02
  109   1.1049E-02
  110   5.2290E-03
  111   2.2600E-03
  112   1.0610E-03
  113   6.1000E-04
  114   4.9500E-04
  115   4.6100E-04
  116   5.1900E-04
  117   4.9400E-04
  118   5.1400E-04
  119   6.0200E-04
  120   6.0200E-04
  121   5.1400E-04
  122   4.9400E-04
  123   5.1900E-04
  124   4.6100E-04
  125   4.9500E-04
  126   6.1000E-04
  127   1.0610E-03
  128   2.2600E-03
  129   5.2290E-03
  130   1.1049E-02
  131   2.1414E-02
  132   3.4318E-02
  133   4.6498E-02
  134   5.6980E-02
  135   6.2557E-02
  136   6.3657E-02
  137   6.0035E-02
  138   5.4920E-02
  139   5.3155E-02
  140   5.4093E-02
  141   5.7018E-02
  142   5.5572E-02
  143   5.4169E-02
  144   5.0596E-02
  145   4.5382E-02
  146   4.1292E-02
  147   3.9510E-02
  148   2.9997E-02
  149   2.4225E-02
  150   1.8747E-02
  151   1.4646E-02
  152   1.0650E-02
  153   8.3850E-03
  154   5.6190E-03
  155   3.9600E-03
  156   3.0330E-03
  157   2.5900E-03
  158   1.6630E-03
  159   9.3700E-04
  160   5.5800E-04
  161   3.3500E-04
  162   1.0600E-04
  163   5.5000E-05
  164   1.3000E-05
  165   3.0000E-06
