   75   2.0000E-06
   77   5.0000E-06
   78   1.6000E-05
   79   3.4000E-05
   80   6.9000E-05
   81   1.7300E-04
   82   3.7200E-04
   83   5.1900E-04
   84   7.0900E-04
   85   1.1940E-03
   86   2.4180E-03
   87   4.0870E-03
   88   7.5230E-03
   89   1.0114E-02
   90   1.4682E-02
   91   2.0498E-02
   92   3.1692E-02
   93   3.6182E-02
   94   4.3091E-02
   95   4.4922E-02
   96   4.9879E-02
   97   5.5469E-02
   98   6.2811E-02
   99   5.7855E-02
  100   5.3787E-02
  101   5.1942E-02
  102   5.5741E-02
  103   6.2780E-02
  104   7.0138E-02
  105   6.8717E-02
  106   6.2126E-02
  107   5.2926E-02
  108   3.9090E-02
  109   2.2497E-02
  110   1.0096E-02
  111   3.8480E-03
  112   1.2930E-03
  113   3.6300E-04
  114   1.0300E-04
  115   4.3000E-05
  116   3.4000E-05
  117   3.2000E-05
  118   3.5000E-05
  119   4.0000E-05
  120   3.9000E-05
  121   3.9000E-05
  122   4.0000E-05
  123   3.5000E-05
  124   3.2000E-05
  125   3.4000E-05
  126   4.3000E-05
  127   1.0300E-04
  128   3.6300E-04
  129   1.2930E-03
  130   3.8480E-03
  131   1.0096E-02
  132   2.2497E-02
  133   3.9090E-02
  134   5.2926E-02
  135   6.2126E-02
  136   6.8717E-02
  137   7.0138E-02
  138   6.2780E-02
  139   5.5741E-02
  140   5.1942E-02
  141   5.3787E-02
  142   5.7855E-02
  143   6.2811E-02
  144   5.5469E-02
  145   4.9879E-02
  146   4.4922E-02
  147   4.3091E-02
  148   3.6182E-02
  149   3.1692E-02
  150   2.0498E-02
  151   1.4682E-02
  152   1.0114E-02
  153   7.5230E-03
  154   4.0870E-03
  155   2.4180E-03
  156   1.1940E-03
  157   7.0900E-04
  158   5.1900E-04
  159   3.7200E-04
  160   1.7300E-04
  161   6.9000E-05
  162   3.4000E-05
  163   1.6000E-05
  164   5.0000E-06
  166   2.0000E-06
