   75   7.0000E-06
   76   1.5000E-05
   77   4.1000E-05
   78   1.6100E-04
   79   2.9400E-04
   80   5.5100E-04
   81   1.0010E-03
   82   1.9480E-03
   83   2.2870E-03
   84   2.9630E-03
   85   3.7580E-03
   86   5.1500E-03
   87   6.6840E-03
   88   1.0200E-02
   89   1.2713E-02
   90   1.6176E-02
   91   2.1606E-02
   92   2.8914E-02
   93   3.3138E-02
   94   3.8586E-02
   95   4.2381E-02
   96   4.5915E-02
   97   5.0013E-02
   98   5.5270E-02
   99   5.2886E-02
  100   5.1210E-02
  101   5.1046E-02
  102   5.3573E-02
  103   5.8965E-02
  104   6.4895E-02
  105   6.6785E-02
  106   6.3884E-02
  107   5.5669E-02
  108   4.2947E-02
  109   2.7941E-02
  110   1.5501E-02
  111   7.4140E-03
  112   3.2360E-03
  113   1.2990E-03
  114   6.1800E-04
  115   4.2600E-04
  116   4.0200E-04
  117   3.3700E-04
  118   3.7700E-04
  119   3.8400E-04
  120   4.0800E-04
  121   4.0800E-04
  122   3.8400E-04
  123   3.7700E-04
  124   3.3700E-04
  125   4.0200E-04
  126   4.2600E-04
  127   6.1800E-04
  128   1.2990E-03
  129   3.2360E-03
  130   7.4140E-03
  131   1.5501E-02
  132   2.7941E-02
  133   4.2947E-02
  134   5.5669E-02
  135   6.3886E-02
  136   6.6786E-02
  137   6.4892E-02
  138   5.8969E-02
  139   5.3571E-02
  140   5.1044E-02
  141   5.1212E-02
  142   5.2886E-02
  143   5.5270E-02
  144   5.0011E-02
  145   4.5918E-02
  146   4.2378E-02
  147   3.8586E-02
  148   3.3140E-02
  149   2.8912E-02
  150   2.1606E-02
  151   1.6176E-02
  152   1.2713E-02
  153   1.0200E-02
  154   6.6840E-03
  155   5.1500E-03
  156   3.7580E-03
  157   2.9630E-03
  158   2.2870E-03
  159   1.9480E-03
  160   1.0010E-03
  161   5.5100E-04
  162   2.9400E-04
  163   1.6100E-04
  164   4.1000E-05
  165   1.5000E-05
  166   7.0000E-06
