   75   8.0000E-06
   76   9.0000E-06
   77   4.4000E-05
   78   1.7100E-04
   79   2.7800E-04
   80   4.8000E-04
   81   8.3600E-04
   82   1.7020E-03
   83   2.1330E-03
   84   2.9600E-03
   85   3.6640E-03
   86   4.7320E-03
   87   6.0710E-03
   88   9.0280E-03
   89   1.0870E-02
   90   1.4137E-02
   91   1.9016E-02
   92   2.5330E-02
   93   2.8729E-02
   94   3.6084E-02
   95   3.9515E-02
   96   4.2320E-02
   97   4.7344E-02
   98   5.3679E-02
   99   5.0890E-02
  100   5.1336E-02
  101   5.1548E-02
  102   5.0969E-02
  103   5.3412E-02
  104   6.0603E-02
  105   6.2930E-02
  106   6.3838E-02
  107   6.1370E-02
  108   5.1638E-02
  109   3.7487E-02
  110   2.4759E-02
  111   1.3518E-02
  112   6.9770E-03
  113   3.0140E-03
  114   1.5370E-03
  115   8.2700E-04
  116   8.3700E-04
  117   6.8700E-04
  118   6.7700E-04
  119   7.2900E-04
  120   8.7000E-04
  121   7.5000E-04
  122   8.7000E-04
  123   7.2900E-04
  124   6.7700E-04
  125   6.8700E-04
  126   8.3700E-04
  127   8.2700E-04
  128   1.5370E-03
  129   3.0140E-03
  130   6.9770E-03
  131   1.3521E-02
  132   2.4760E-02
  133   3.7495E-02
  134   5.1642E-02
  135   6.1362E-02
  136   6.3842E-02
  137   6.2932E-02
  138   6.0598E-02
  139   5.3418E-02
  140   5.0965E-02
  141   5.1549E-02
  142   5.1336E-02
  143   5.0892E-02
  144   5.3672E-02
  145   4.7348E-02
  146   4.2316E-02
  147   3.9513E-02
  148   3.6085E-02
  149   2.8727E-02
  150   2.5326E-02
  151   1.9016E-02
  152   1.4141E-02
  153   1.0866E-02
  154   9.0280E-03
  155   6.0710E-03
  156   4.7320E-03
  157   3.6640E-03
  158   2.9600E-03
  159   2.1330E-03
  160   1.7020E-03
  161   8.3600E-04
  162   4.8000E-04
  163   2.7800E-04
  164   1.7100E-04
  165   4.4000E-05
  166   9.0000E-06
  167   8.0000E-06
