   71   2.0000E-06
   72   5.0000E-06
   73   2.0000E-06
   74   1.4000E-05
   75   1.8000E-05
   76   5.3000E-05
   77   1.0300E-04
   78   1.8400E-04
   79   3.1100E-04
   80   4.8300E-04
   81   8.2000E-04
   82   1.3820E-03
   83   1.7260E-03
   84   2.4780E-03
   85   3.5370E-03
   86   5.1130E-03
   87   6.4670E-03
   88   1.0058E-02
   89   1.2270E-02
   90   1.5554E-02
   91   2.0061E-02
   92   2.8180E-02
   93   2.9609E-02
   94   3.5914E-02
   95   3.8750E-02
   96   4.2957E-02
   97   4.5005E-02
   98   5.1691E-02
   99   4.7910E-02
  100   4.7379E-02
  101   4.8090E-02
  102   5.0984E-02
  103   5.0344E-02
  104   5.6178E-02
  105   5.3562E-02
  106   5.0306E-02
  107   4.4744E-02
  108   3.8130E-02
  109   2.7662E-02
  110   2.0666E-02
  111   1.5386E-02
  112   1.2195E-02
  113   1.0524E-02
  114   9.5110E-03
  115   9.1360E-03
  116   9.2430E-03
  117   9.2020E-03
  118   9.3330E-03
  119   9.5780E-03
  120   9.5800E-03
  121   9.4860E-03
  122   9.7150E-03
  123   9.4710E-03
  124   9.5090E-03
  125   9.2850E-03
  126   9.2700E-03
  127   9.4640E-03
  128   9.9050E-03
  129   1.1682E-02
  130   1.5358E-02
  131   2.0234E-02
  132   3.0442E-02
  133   3.8651E-02
  134   4.6996E-02
  135   5.2514E-02
  136   5.6648E-02
  137   5.2108E-02
  138   5.2594E-02
  139   4.8459E-02
  140   4.7537E-02
  141   4.8396E-02
  142   5.2272E-02
  143   4.8057E-02
  144   4.7377E-02
  145   4.3319E-02
  146   4.0053E-02
  147   3.4616E-02
  148   3.3233E-02
  149   2.5609E-02
  150   2.0593E-02
  151   1.5956E-02
  152   1.3039E-02
  153   9.7290E-03
  154   7.3980E-03
  155   5.3960E-03
  156   3.8720E-03
  157   2.8990E-03
  158   2.1420E-03
  159   1.4800E-03
  160   9.9100E-04
  161   6.3400E-04
  162   4.5200E-04
  163   2.3400E-04
  164   1.4100E-04
  165   8.5000E-05
  166   5.2000E-05
  167   2.3000E-05
  168   1.5000E-05
  169   4.0000E-06
  170   5.0000E-06
  172   2.0000E-06
