   71   2.0000E-06
   72   2.0000E-06
   73   2.0000E-06
   74   4.0000E-06
   75   1.6000E-05
   76   3.6000E-05
   77   7.6000E-05
   78   1.6700E-04
   79   2.5400E-04
   80   4.0600E-04
   81   6.7300E-04
   82   1.1630E-03
   83   1.4580E-03
   84   2.2000E-03
   85   3.0070E-03
   86   4.0340E-03
   87   5.3930E-03
   88   8.1510E-03
   89   1.0077E-02
   90   1.3396E-02
   91   1.7093E-02
   92   2.2518E-02
   93   2.6030E-02
   94   3.1964E-02
   95   3.4798E-02
   96   3.8654E-02
   97   4.2584E-02
   98   4.7548E-02
   99   4.6620E-02
  100   4.7780E-02
  101   4.7094E-02
  102   4.7751E-02
  103   4.9788E-02
  104   5.3004E-02
  105   5.3188E-02
  106   5.2781E-02
  107   4.9677E-02
  108   4.3310E-02
  109   3.5007E-02
  110   2.6973E-02
  111   2.0322E-02
  112   1.5854E-02
  113   1.3015E-02
  114   1.1183E-02
  115   1.0285E-02
  116   9.9660E-03
  117   9.9620E-03
  118   1.0207E-02
  119   1.0423E-02
  120   1.0485E-02
  121   1.0706E-02
  122   1.0444E-02
  123   1.0695E-02
  124   1.0354E-02
  125   1.0400E-02
  126   1.0185E-02
  127   1.0051E-02
  128   1.0794E-02
  129   1.2295E-02
  130   1.5146E-02
  131   2.0013E-02
  132   2.7468E-02
  133   3.6333E-02
  134   4.5351E-02
  135   5.0422E-02
  136   5.3599E-02
  137   5.3446E-02
  138   5.1468E-02
  139   4.8550E-02
  140   4.7376E-02
  141   4.7752E-02
  142   4.8139E-02
  143   4.8949E-02
  144   4.7120E-02
  145   4.3484E-02
  146   4.0059E-02
  147   3.6282E-02
  148   3.2402E-02
  149   2.7756E-02
  150   2.2535E-02
  151   1.8034E-02
  152   1.4097E-02
  153   1.1242E-02
  154   8.2780E-03
  155   6.2940E-03
  156   4.5910E-03
  157   3.4050E-03
  158   2.5670E-03
  159   1.8820E-03
  160   1.2650E-03
  161   8.2300E-04
  162   5.3700E-04
  163   3.4500E-04
  164   2.1500E-04
  165   1.2000E-04
  166   7.2000E-05
  167   3.9000E-05
  168   1.6000E-05
  169   5.0000E-06
  170   4.0000E-06
  171   2.0000E-06
  173   2.0000E-06
