   78   6.0000E-06
   79   1.1000E-05
   80   4.4000E-05
   81   8.7000E-05
   82   2.5800E-04
   83   3.0200E-04
   84   7.6000E-04
   85   7.6000E-04
   86   1.1340E-03
   87   1.5450E-03
   88   3.6520E-03
   89   4.0880E-03
   90   7.7040E-03
   91   1.0225E-02
   92   1.6367E-02
   93   1.9429E-02
   94   3.6198E-02
   95   3.2179E-02
   96   4.0065E-02
   97   4.2783E-02
   98   5.6353E-02
   99   4.8274E-02
  100   6.6090E-02
  101   5.1421E-02
  102   5.0739E-02
  103   5.0630E-02
  104   6.4959E-02
  105   5.4186E-02
  106   7.2764E-02
  107   6.7779E-02
  108   6.4447E-02
  109   5.1620E-02
  110   4.5802E-02
  111   1.9568E-02
  112   1.1839E-02
  113   3.7000E-03
  114   1.5970E-03
  115   3.0400E-04
  116   1.1800E-04
  117   4.8000E-05
  118   3.3000E-05
  119   3.1000E-05
  120   3.6000E-05
  121   2.6000E-05
  122   4.0000E-05
  123   2.6000E-05
  124   3.6000E-05
  125   3.1000E-05
  126   3.3000E-05
  127   4.8000E-05
  128   1.1800E-04
  129   3.0400E-04
  130   1.5970E-03
  131   3.7000E-03
  132   1.1839E-02
  133   1.9568E-02
  134   4.5802E-02
  135   5.1620E-02
  136   6.4447E-02
  137   6.7779E-02
  138   7.2764E-02
  139   5.4186E-02
  140   6.4959E-02
  141   5.0630E-02
  142   5.0739E-02
  143   5.1421E-02
  144   6.6090E-02
  145   4.8274E-02
  146   5.6353E-02
  147   4.2783E-02
  148   4.0065E-02
  149   3.2179E-02
  150   3.6198E-02
  151   1.9429E-02
  152   1.6367E-02
  153   1.0225E-02
  154   7.7040E-03
  155   4.0880E-03
  156   3.6520E-03
  157   1.5450E-03
  158   1.1340E-03
  159   7.6000E-04
  160   7.6000E-04
  161   3.0200E-04
  162   2.5800E-04
  163   8.7000E-05
  164   4.4000E-05
  165   1.1000E-05
  166   6.0000E-06
